1.200118451219282948e-09
7.723716855715137169e-10
3.688262946334655120e-10
1.500373176077258497e-10
5.023214969645316409e-10
2.278556191432053461e-10
8.973148996383747689e-11
8.039092229717623706e-11
2.592629890883485165e-11
5.722799393212488166e-12
5.027851600102984251e-10
2.867617019224927248e-10
1.246552277175414704e-10
1.605357713012506654e-10
6.427061632144380286e-11
1.833650580335766887e-11
1.391804499667697952e-10
7.135963552467230248e-11
3.491953837904934307e-11
2.991925253200868761e-11
