1.013967062253398082e-08
5.993808311520377533e-09
2.786350420966028884e-09
1.256825703030852802e-09
3.521698114104917296e-09
1.522657881746547877e-09
6.638533986066647018e-10
4.872554505586760568e-10
1.682912700974710255e-10
3.904863510446258842e-11
3.258433551381351278e-09
1.796819759905657126e-09
8.664646320456082163e-10
9.555837306920333548e-10
4.136227782062922305e-10
1.258946860997323343e-10
8.273154836963241059e-10
4.617193956117981640e-10
2.436841352556267214e-10
2.104350534366509448e-10
