1.643574008802448046e-09
1.102137080859280081e-09
5.544121806499532822e-10
2.429663800453904437e-10
7.582584627232312852e-10
3.703712517074448372e-10
1.621374563294575596e-10
1.467162123109469594e-10
5.632925262423920550e-11
1.701518236130140596e-11
7.942888849323707993e-10
4.907891944050614593e-10
2.393285123675502698e-10
3.102920101634756842e-10
1.470168664965609552e-10
5.602721642963295218e-11
3.120447365325632119e-10
1.896597050763840018e-10
1.156362171971188667e-10
1.107997936815268873e-10
