1.984444048330856926e-08
1.154295754756201590e-08
5.468449155913102066e-09
2.621013048078406053e-09
6.612329551110705780e-09
2.876731214826520772e-09
1.326627446902708029e-09
9.083453383975413543e-10
3.348178017454036283e-10
8.256131445191546421e-11
5.974524390290077844e-09
3.337646589454052376e-09
1.706944254119081116e-09
1.804450720836964723e-09
8.307091419596741201e-10
2.670828065260026017e-10
1.627685664732809924e-09
9.555495819211502001e-10
5.252648206958911982e-10
4.647547147309907695e-10
