1.973529194052947082e-08
1.129555389582582902e-08
5.219326984961984142e-09
2.403632006962476118e-09
6.360625973899897912e-09
2.701256372430380714e-09
1.184668650012151685e-09
8.287693936036929836e-10
2.846132937062645600e-10
6.549350888391440454e-11
5.696654021976105417e-09
3.104551116966820120e-09
1.503365889843060928e-09
1.607935605182666602e-09
6.957748594197885374e-10
2.107788030709182089e-10
1.364607241844604303e-09
7.652026182157418389e-10
4.061810735371521993e-10
3.567251451233676303e-10
