1.034987238720861538e-08
6.093269098338546646e-09
2.777719071464413665e-09
1.210252670763532100e-09
3.565258968667682018e-09
1.512832348501817052e-09
6.304451143836515784e-10
4.750060332454419884e-10
1.573388873705020612e-10
3.493077909956228232e-11
3.272036770988885001e-09
1.771954965590132939e-09
8.173868820754431668e-10
9.218171119696204116e-10
3.843478524900479515e-10
1.118808619127104466e-10
7.743425080348945739e-10
4.187242507386938328e-10
2.135834653955805463e-10
1.862589520765195584e-10
