1.903649611502297984e-08
1.100268942811436644e-08
5.212719606293758418e-09
2.453123861600731521e-09
6.267646111164187026e-09
2.736295583239843440e-09
1.234010043281179542e-09
8.733657781303397637e-10
3.086853413148872523e-10
7.122192671197072977e-11
5.707969066964330161e-09
3.200331249147266368e-09
1.592629329868685516e-09
1.721070624939493729e-09
7.593231242647175855e-10
2.295284451170177082e-10
1.501890084490515408e-09
8.456857180339088986e-10
4.427889205141144386e-10
3.833674223424215618e-10
