5.477390808957028825e-08
3.138176836052498405e-08
1.598714708734204392e-08
8.158566730255923886e-09
1.731269692844230286e-08
7.972823953755561071e-09
3.936435030848184065e-09
2.592212778028609049e-09
1.018362576082683242e-09
2.403177908099891442e-10
1.554531328621382428e-08
9.260452926047198154e-09
5.103756939735638225e-09
5.223945905451595322e-09
2.533024530786777930e-09
7.691189115689614766e-10
4.850808742917798851e-09
2.844057698734059930e-09
1.421850516594932770e-09
1.164022500857963570e-09
