3.119489056679520727e-08
1.780234461524120995e-08
8.656582642632169439e-09
4.218658563665182478e-09
9.902447146470105361e-09
4.380237939764990634e-09
2.050030840415052577e-09
1.376355736493908779e-09
5.058063397134775247e-10
1.167223626378306390e-10
8.870007176158899465e-09
5.044224312050363757e-09
2.615636173057128411e-09
2.722410404429999720e-09
1.246584067882698858e-09
3.738232822407729176e-10
2.429574689704968584e-09
1.386983843251445617e-09
7.028626595571961050e-10
5.872670614909941018e-10
