5.360419301706083844e-08
3.046086541009443974e-08
1.528869602661246279e-08
7.947230328230185960e-09
1.671763840246315370e-08
7.606838065082722332e-09
3.782221936355096617e-09
2.395924132649208584e-09
9.151314609560988956e-10
2.418152926419659243e-10
1.494185714381531517e-08
8.753961021666693481e-09
4.768441197603138396e-09
4.720624041964190808e-09
2.269361354655256811e-09
7.943438720619869824e-10
4.206885294987253939e-09
2.660056665507867747e-09
1.604194919013845837e-09
1.490841968651614000e-09
