3.179542420246174978e-08
1.825387313236048028e-08
8.827936589576259699e-09
4.406014009084907505e-09
1.020000346214935152e-08
4.467358205005295129e-09
2.143128718561161414e-09
1.391808104665496546e-09
5.320102012883732687e-10
1.305934761090603790e-10
9.094255238969389079e-09
5.118823447516354822e-09
2.733016440221904435e-09
2.768400515217262703e-09
1.318864564544987074e-09
4.246814741019295234e-10
2.513098434252074141e-09
1.512583478940491604e-09
8.517391503317261387e-10
7.833626985174240299e-10
