5.487999494052210825e-08
3.117281044708858289e-08
1.557882285850306003e-08
8.013773668588035097e-09
1.711008524640192371e-08
7.731095610092682689e-09
3.801556012001574900e-09
2.419549035337295227e-09
9.217758780922887029e-10
2.539660762602238212e-10
1.525229338385702846e-08
8.861412529610542903e-09
4.785578456641586429e-09
4.757675460289136945e-09
2.291501608784004933e-09
8.385106215514743330e-10
4.244996908257295689e-09
2.725058486673986364e-09
1.723157890728625954e-09
1.613836706152425947e-09
