3.041623936314517235e-08
1.727592567899663334e-08
8.244568580285248766e-09
4.054268696012026506e-09
9.576902988929362935e-09
4.174106343099627739e-09
1.952054426379255698e-09
1.294554744273960399e-09
4.680004390912301513e-10
1.142740138799665680e-10
8.554420713031428322e-09
4.801479256714877695e-09
2.463017115267772954e-09
2.534220311491871001e-09
1.153782196992555960e-09
3.711615458626072535e-10
2.208067429377559549e-09
1.309036962158195450e-09
7.272738616167606365e-10
6.356107798394324565e-10
