3.135122145813248168e-08
1.774311314508306734e-08
8.409403825864884657e-09
4.072031392411879414e-09
9.807211065655633877e-09
4.237264290746560477e-09
1.951447280393547512e-09
1.298629241696593363e-09
4.608923304039251517e-10
1.122826677303897733e-10
8.715558093618483403e-09
4.844600737676597713e-09
2.449575636375805907e-09
2.526553179998401708e-09
1.129565114994976442e-09
3.647600690853851987e-10
2.169063242452914267e-09
1.269891474864357373e-09
7.206469929477125209e-10
6.442360023304556519e-10
