1.040529404950486437e-08
6.249226478787732043e-09
2.939783720357715065e-09
1.336776022197166513e-09
3.751226770871510840e-09
1.650859574589678395e-09
7.264158457542237571e-10
5.437668912089418114e-10
1.950646408852333753e-10
4.875101164426451102e-11
3.507189879765662262e-09
1.973399158036787950e-09
9.617546197735130031e-10
1.090895442577730309e-09
4.871450553541928586e-10
1.576360567991448338e-10
9.947574379393400207e-10
5.673156159210669246e-10
3.099399308277929488e-10
2.781074371165851847e-10
