9.790059307156023216e-09
5.802273133982173353e-09
2.668424290155090633e-09
1.177724574964964717e-09
3.423517086157642497e-09
1.468460490277131380e-09
6.188602004106083541e-10
4.661910694182390464e-10
1.558029198330868688e-10
3.542406284196197907e-11
3.172074308448684547e-09
1.733942481331697296e-09
8.063910700012663657e-10
9.100794503454471209e-10
3.826868913774241030e-10
1.141072707220014908e-10
7.762039689457091661e-10
4.237645407291406873e-10
2.200114653823615859e-10
1.943984355336751694e-10
