5.558622369580588898e-08
3.197734435138591347e-08
1.613111069704060043e-08
8.445626897181779282e-09
1.766851460995096792e-08
7.946887834374878951e-09
3.989896187057770498e-09
2.497928474669843893e-09
1.012476251393622984e-09
2.673397481283777729e-10
1.569405267512850212e-08
9.074829671269619008e-09
5.089251003491450666e-09
5.003773998202805789e-09
2.531143843059448008e-09
8.811163257928075568e-10
4.641929210143722541e-09
2.999509466272219199e-09
1.841133451911812189e-09
1.733684352592864937e-09
