3.155071170063582214e-08
1.809007152565803069e-08
8.736039941900531930e-09
4.357124169467101412e-09
1.009169396209272992e-08
4.414528113868204372e-09
2.114136346620429919e-09
1.373164661636123463e-09
5.212044648356061828e-10
1.288324084471518187e-10
8.977389869427247524e-09
5.048279254091487220e-09
2.684633538582167467e-09
2.720797859607241341e-09
1.291205524513857632e-09
4.179325733277837888e-10
2.454873586780325082e-09
1.482460525289088073e-09
8.310227379281349689e-10
7.389334962417785372e-10
