1.897857321912111731e-08
1.091499215009209377e-08
5.080591063477816671e-09
2.377136739364849654e-09
6.180672892072705514e-09
2.648671861651303685e-09
1.177868438295134090e-09
8.219243596370390152e-10
2.862709042079895395e-10
6.747938583935995168e-11
5.576296746628862703e-09
3.066214384090999535e-09
1.501504444633734440e-09
1.604521995114813964e-09
7.044805920832718191e-10
2.181193689917157955e-10
1.384534153065354183e-09
7.886413458118887032e-10
4.226976480010423873e-10
3.711776574666536737e-10
