9.629842303913356964e-09
5.717526777699112269e-09
2.669627076483015633e-09
1.205844998914868269e-09
3.382289831577429890e-09
1.471292337850599793e-09
6.402251590898507097e-10
4.790381019389729253e-10
1.655744020331401363e-10
3.809150027362940248e-11
3.155807597979593304e-09
1.751865807371096162e-09
8.424662223194214707e-10
9.442682986751031205e-10
4.079358015953463807e-10
1.228970923833126897e-10
8.196258162945398935e-10
4.548539043901275510e-10
2.378287518185574135e-10
2.070326905047395578e-10
