1.156678778344123509e-09
7.426554106653058361e-10
3.561486086525215590e-10
1.533928631347140962e-10
4.817281655510480211e-10
2.197796852774011529e-10
9.290575549303934094e-11
7.895107549519928919e-11
2.756712175580724651e-11
6.668529949487075351e-12
4.824117846732000501e-10
2.785113705137193357e-10
1.305133566655054433e-10
1.598344957920941142e-10
6.904924602142649915e-11
2.153092555122707243e-11
1.444137052022082381e-10
7.962806213880603125e-11
4.192825602701156899e-11
3.641059801216267917e-11
