3.009928540105857815e-08
1.722963862701776033e-08
8.414974849304862893e-09
4.085006933025815838e-09
9.637425475030324531e-09
4.295662451484877694e-09
1.995585095518877474e-09
1.370406607344445853e-09
4.967453901749566661e-10
1.129892830936185265e-10
8.727023107507105851e-09
4.991630894254583724e-09
2.559278555476225819e-09
2.710639565986806293e-09
1.223004962011030736e-09
3.628692840038084268e-10
2.392362842275131772e-09
1.354395880724696498e-09
6.882349567990581286e-10
5.815732772078183621e-10
