1.096686817676691448e-08
6.632925950005016972e-09
3.129188309349834121e-09
1.426003658009692610e-09
4.019991506492117477e-09
1.781482344780554295e-09
7.896740363693958576e-10
5.945868574368241039e-10
2.177315416481535103e-10
5.696089242073247528e-11
3.785195476301815528e-09
2.143009242397258287e-09
1.056059602974012136e-09
1.197368255974402377e-09
5.477873983896935106e-10
1.851826561220179637e-10
1.107967489029026277e-09
6.521754039193712677e-10
3.700931221304358789e-10
3.378569028761819054e-10
