9.782080255081138346e-09
5.802704309652688160e-09
2.699224228796325376e-09
1.218704268279354038e-09
3.428201808052524645e-09
1.486328883998446066e-09
6.469996300328333267e-10
4.834039854223033865e-10
1.673490559222949056e-10
3.865395580093446793e-11
3.190272948277219043e-09
1.768043497094064780e-09
8.513588655523810333e-10
9.528019515059260000e-10
4.123062467004658616e-10
1.247581566578316795e-10
8.274503994127535619e-10
4.604558447442002160e-10
2.417691737403911069e-10
2.095012918569148370e-10
