1.051073590441196547e-08
6.316214951514348472e-09
2.965137843163311391e-09
1.354258431532135851e-09
3.791872208811031865e-09
1.662867146358740179e-09
7.351902433229488769e-10
5.432982900150440458e-10
1.959704513122865353e-10
4.888276209608340159e-11
3.539938090902961576e-09
1.981792350623033226e-09
9.721271637515035434e-10
1.087578105611615295e-09
4.889888365772110869e-10
1.584340454873257723e-10
9.889702612547588203e-10
5.688434114864496235e-10
3.137750136878162516e-10
2.857080134095755833e-10
