1.956620182098040006e-08
1.127069638983737941e-08
5.339735526550896470e-09
2.511319605618114608e-09
6.386030233092638175e-09
2.778944139006610427e-09
1.255442919800434550e-09
8.720167847145483484e-10
3.090364731284361523e-10
7.139693753062288531e-11
5.775470426758075863e-09
3.220046649055693537e-09
1.607877695389809074e-09
1.712513908481622676e-09
7.593447890939243717e-10
2.293736454749555620e-10
1.497658533807154442e-09
8.448634625081933107e-10
4.383439699618580940e-10
3.727528636410796414e-10
