3.253172429411163163e-08
1.873413870380221881e-08
9.046447881529894933e-09
4.468683630344501451e-09
1.052368582947894644e-08
4.627259793428763003e-09
2.203941826841116588e-09
1.449034021274877260e-09
5.557794635502933013e-10
1.404156688471528352e-10
9.405760180222485084e-09
5.309390482536408389e-09
2.825763459143406579e-09
2.876297695769158290e-09
1.381379112994214739e-09
4.551302108901910065e-10
2.614893723962004759e-09
1.597874345742780690e-09
9.090614178553812126e-10
8.191216619393135849e-10
