5.320382114005431405e-08
3.048659033181240060e-08
1.555949185160657270e-08
7.903043748466249560e-09
1.687389375621896335e-08
7.832138897869462190e-09
3.822758293016996294e-09
2.587937657895006470e-09
9.919024684632920843e-10
2.291363088513893307e-10
1.534468859185640961e-08
9.202527325199560673e-09
4.979559397531032065e-09
5.222961257297521274e-09
2.464767379662350531e-09
7.341137538663042396e-10
4.832657672622736501e-09
2.764028209093953202e-09
1.358469340346062921e-09
1.080644343709254057e-09
