9.904938738696348148e-09
5.878214882192496741e-09
2.700567524637177437e-09
1.191080761738321154e-09
3.473516639700365134e-09
1.486647871451389976e-09
6.255092527749107608e-10
4.703854971082378712e-10
1.569170015389142502e-10
3.554502553925112591e-11
3.214565747205948794e-09
1.751720674528425608e-09
8.132305405009405991e-10
9.173817116776009237e-10
3.853366932775383352e-10
1.145378434631339675e-10
7.818841177805869865e-10
4.267223159734794200e-10
2.210988959412181678e-10
1.962035429215297842e-10
