1.373039502471735914e-09
8.714194296200507363e-10
4.089494296674602245e-10
1.651277660655647836e-10
5.585222658806431660e-10
2.488043330507883177e-10
9.753927892169045981e-11
8.607218415225372028e-11
2.759834221942007767e-11
5.945033606247567759e-12
5.514387624284299850e-10
3.097382046344259506e-10
1.345082700975054454e-10
1.704501228825694756e-10
6.786308941787921675e-11
1.892103293634444149e-11
1.452260300200096490e-10
7.390060501138287605e-11
3.565480565261167529e-11
3.008299732204550333e-11
