1.296709736185544950e-09
8.261293896028334598e-10
3.929683334345884688e-10
1.692942426771370778e-10
5.307031869586898228e-10
2.397359900872266248e-10
1.014039192598295673e-10
8.450215951301588242e-11
2.933189748339543207e-11
7.133168765348515670e-12
5.261569691313202703e-10
3.008197723341866533e-10
1.409241541936239790e-10
1.701666702694132126e-10
7.332095052797714945e-11
2.306780162293274402e-11
1.531781904185858924e-10
8.471281444343329599e-11
4.518912525494047698e-11
3.952528641290001518e-11
