5.650436564298961372e-08
3.260795031021329722e-08
1.645786381294508919e-08
8.490721472810522271e-09
1.806810531101321060e-08
8.172488259754593169e-09
4.053262619805566036e-09
2.549725997129728366e-09
1.028112026770927211e-09
2.740104367878461440e-10
1.603552590009493209e-08
9.290226681743579870e-09
5.172709588109481658e-09
5.071016107919326814e-09
2.563285863986381388e-09
8.941084071288261878e-10
4.656481586957122110e-09
3.019088720855357951e-09
1.830669552356976201e-09
1.652187461525924598e-09
