5.361881485010843670e-08
3.070449704378530137e-08
1.565188902666253037e-08
7.982879278542857804e-09
1.694153078276468915e-08
7.840240758076741261e-09
3.851468531324770288e-09
2.597246513531520100e-09
9.984386926824715292e-10
2.340406250330368627e-10
1.536212061209601520e-08
9.214145077437933035e-09
4.999621695439696489e-09
5.265281315132885329e-09
2.487940466896082732e-09
7.529587956497343050e-10
4.918870122821631884e-09
2.820171435282558357e-09
1.418104150646722035e-09
1.172362382948509412e-09
