3.046304961192537899e-08
1.743670359683195852e-08
8.479777250403842609e-09
4.126537868537753048e-09
9.742005950462823991e-09
4.327580319559847104e-09
2.017843399418326574e-09
1.384115653705137625e-09
5.021477467515486943e-10
1.151533727631996842e-10
8.797960426410442016e-09
5.034530616162450909e-09
2.586518490965938477e-09
2.743003899685704601e-09
1.237173358016193473e-09
3.704506538544383138e-10
2.429694772385148064e-09
1.377215329687318498e-09
7.088116298709053114e-10
6.076304164788819798e-10
