1.414457759074525353e-09
9.325914231894224299e-10
4.614171750925854719e-10
1.994292976032427918e-10
6.300383868040506928e-10
3.015301476812688014e-10
1.295266356710456128e-10
1.165260418013062409e-10
4.306768230683365189e-11
1.203920193841623475e-11
6.524829652228826569e-10
3.958499875936280349e-10
1.886749341923985895e-10
2.446694367189600601e-10
1.110725985535033683e-10
3.934984866638856761e-11
2.397538581808387070e-10
1.385538193569221433e-10
7.951752919703278267e-11
7.330403530447922951e-11
