1.409850975857948161e-09
9.296331534256545580e-10
4.614515071992920733e-10
1.991259058782719623e-10
6.279014677296671576e-10
3.014940291312331122e-10
1.292744098255914068e-10
1.169682802412155602e-10
4.320949851572963094e-11
1.211562401892116027e-11
6.507796187670249104e-10
3.962553618342320051e-10
1.884644792608954230e-10
2.460572386688353373e-10
1.115698752988137177e-10
3.958182049118913843e-11
2.418752053470540566e-10
1.394606636600108783e-10
7.991652177341159336e-11
7.365120292283958631e-11
