2.003860417973135310e-08
1.166485686949664746e-08
5.527273036423475323e-09
2.655883081506299001e-09
6.685178458444260658e-09
2.906132951277421516e-09
1.344512944631032087e-09
9.140148999279851814e-10
3.390851365281637639e-10
8.325331234685455944e-11
6.039981245155677589e-09
3.367544400704376026e-09
1.731357323903996112e-09
1.817197067960498175e-09
8.415643784526663382e-10
2.700265084029001059e-10
1.643380778437132939e-09
9.680838247806346071e-10
5.356019295964876552e-10
4.859030012337842123e-10
