5.536052265580129830e-08
3.177943266364747689e-08
1.598253880760466525e-08
8.367158642848078827e-09
1.750346128811720418e-08
7.847760557111914412e-09
3.929516464956738208e-09
2.453375493796231715e-09
9.773523079642620798e-10
2.556681348656628412e-10
1.548351634497863853e-08
8.914380797052993942e-09
4.961082732723018975e-09
4.881186959036531329e-09
2.437152186910313777e-09
8.395490169003184352e-10
4.484471154715211848e-09
2.875103210795557247e-09
1.729903830168431026e-09
1.572600142994957056e-09
