2.063077362431109483e-08
1.205462864448305702e-08
5.714037340975277777e-09
2.725666554388594636e-09
6.953592912712233112e-09
3.040553431850233032e-09
1.402331323605536508e-09
9.705374024773805392e-10
3.635208996079554009e-10
9.271992979984082811e-11
6.315419765407902800e-09
3.544197302364909982e-09
1.822239142892616689e-09
1.935127831530215236e-09
9.074656375445011024e-10
3.006187982713804677e-10
1.770750072088044796e-09
1.061319703448252226e-09
5.976604052435051463e-10
5.365903987761260321e-10
