1.877473380768723648e-08
1.085522984757810937e-08
5.166361721739682159e-09
2.428701047050495230e-09
6.188018449417266790e-09
2.709511461992670211e-09
1.219131723027885862e-09
8.643296934425953424e-10
3.052341369808095060e-10
7.020575937920733905e-11
5.647795958597548847e-09
3.166907215617001751e-09
1.572475992943796064e-09
1.703130480377160196e-09
7.514341237545217319e-10
2.260775114887047172e-10
1.487631777912531586e-09
8.362280752464714117e-10
4.343817126424560951e-10
3.751041707109162859e-10
