1.915480768546564424e-08
1.103500913919960993e-08
5.129538554865277430e-09
2.400811471586095910e-09
6.261354649253434267e-09
2.677481332423074718e-09
1.190595584086007074e-09
8.283712731565489032e-10
2.884543680548539760e-10
6.742528710141521889e-11
5.643573044663174951e-09
3.092678998946286264e-09
1.515743129600738183e-09
1.613327326028320566e-09
7.091318031033320210e-10
2.180218045605915922e-10
1.388943222168391147e-09
7.919390693401125825e-10
4.232359676684846504e-10
3.777200796174345079e-10
