5.402805791225893187e-08
3.079752620769352092e-08
1.541864854805379648e-08
7.996947928313300830e-09
1.693549187634954184e-08
7.670732593431155726e-09
3.803233700513145058e-09
2.416568773360238598e-09
9.218761568390776453e-10
2.423045491711734361e-10
1.510366184278019856e-08
8.812460995743165918e-09
4.797041656768285338e-09
4.759465357019070113e-09
2.289304518661597179e-09
7.949102042439951580e-10
4.270665872097433597e-09
2.688038438242722032e-09
1.590734260302591250e-09
1.461952214017539746e-09
