3.065882380538846315e-08
1.745472736075382581e-08
8.319480796359703179e-09
4.093788579585481666e-09
9.696273155985270286e-09
4.214028759367153512e-09
1.971051045895782148e-09
1.303405135488237039e-09
4.712990997217062897e-10
1.143533373578260596e-10
8.646942196878355407e-09
4.834253884983793637e-09
2.484126414797316800e-09
2.543975529250108124e-09
1.161178177068341912e-09
3.717371573955047590e-10
2.215433031820955942e-09
1.316492628021980373e-09
7.297892266980767700e-10
6.499120222164638335e-10
