1.163257636740995866e-09
7.454406842022681687e-10
3.561427062930389382e-10
1.530060834259978773e-10
4.825785691739482216e-10
2.193737761420552385e-10
9.251284022618821866e-11
7.855938366044215611e-11
2.742445085706083595e-11
6.641993254055076362e-12
4.819144664867015171e-10
2.773751622204266389e-10
1.298141036786610950e-10
1.589165890445833493e-10
6.869085263640001032e-11
2.144402509759566652e-11
1.435392542555025706e-10
7.923587819482835816e-11
4.176710554464836074e-11
3.621836709031733680e-11
