1.192053473766835322e-09
7.671864320241011715e-10
3.670501230211227177e-10
1.493668429193321481e-10
4.990638772445740577e-10
2.269713693888136889e-10
8.946901868460050257e-11
8.041021874201464589e-11
2.601001187979097561e-11
5.784381176258547131e-12
5.004887448914160926e-10
2.862509720543337066e-10
1.246169321630355326e-10
1.607879439493234231e-10
6.454389152540915796e-11
1.853934113598378066e-11
1.397833073724800603e-10
7.186432801944569976e-11
3.533957696717665807e-11
3.025770899732529508e-11
