9.644309228616613885e-09
5.722769768029763405e-09
2.702666129036704813e-09
1.206919625751459971e-09
3.401921935252837899e-09
1.504474005648429396e-09
6.444146889395303183e-10
4.993641094039895136e-10
1.711378088579945551e-10
4.041842375128990809e-11
3.202066743623534406e-09
1.804682888222320691e-09
8.503472311957163875e-10
9.917455209823976544e-10
4.231879175502009623e-10
1.289549664841359027e-10
8.760261720065605877e-10
4.747727952890905738e-10
2.445635460348717100e-10
2.096065159962848143e-10
