2.980258858202473346e-08
1.707701374031369673e-08
8.376282253830448261e-09
4.149394268315094382e-09
9.646650021953550037e-09
4.356738687796834370e-09
2.049919284295045569e-09
1.416734613868826077e-09
5.105025926487773919e-10
1.211932296902754680e-10
8.844746458051342838e-09
5.112502383861251522e-09
2.623458528228951532e-09
2.799134225971512600e-09
1.250642052529704602e-09
3.864091870934519083e-10
2.456144022062830744e-09
1.377433273858174439e-09
7.402779012138943775e-10
6.802164543509136288e-10
