1.852256656800638170e-08
1.071092643492439806e-08
5.111892299638235168e-09
2.393075520025205093e-09
6.149378870478551124e-09
2.721649834010132601e-09
1.210701772108215574e-09
8.822559652171806409e-10
3.065950554167936681e-10
7.225917683356167160e-11
5.664267662541720305e-09
3.204025776691398284e-09
1.561325183319984368e-09
1.739705425347866022e-09
7.530964967034027104e-10
2.302345766393787100e-10
1.522443803844552410e-09
8.343568871078202732e-10
4.372840160626068766e-10
3.849561663443714752e-10
