1.322151850429550549e-09
8.573790740266277308e-10
4.245559130582798807e-10
1.784799421441813217e-10
5.663839572012804334e-10
2.678405484280790038e-10
1.101648891870942011e-10
1.002315959856330389e-10
3.454938238318578187e-11
8.708691066833025626e-12
5.816224071123018177e-10
3.464568475412319333e-10
1.567044857539119363e-10
2.068146859244865640e-10
8.750816500468627287e-11
2.795560173494171529e-11
1.931623813173342255e-10
1.033221196682006996e-10
5.339752167491171403e-11
4.376388157103085947e-11
