5.895865598111009484e-08
3.421210043465218518e-08
1.805263937837131854e-08
9.717849696523975108e-09
1.917173717226829366e-08
9.199966648885383836e-09
4.755438945738224394e-09
3.067919138212669682e-09
1.193814882790600565e-09
2.979402262842681352e-10
1.770406362165914664e-08
1.085527438134446665e-08
6.099599776973248698e-09
6.152150620822840364e-09
2.941757027207984799e-09
9.553304121695901237e-10
5.588590730759721736e-09
3.309488986682614655e-09
1.862026965274808895e-09
1.761776804345736351e-09
