0.000000000000000000e+00
0.000000000000000000e+00
0.000000000000000000e+00
0.000000000000000000e+00
0.000000000000000000e+00
0.000000000000000000e+00
0.000000000000000000e+00
0.000000000000000000e+00
0.000000000000000000e+00
0.000000000000000000e+00
0.000000000000000000e+00
0.000000000000000000e+00
0.000000000000000000e+00
0.000000000000000000e+00
0.000000000000000000e+00
0.000000000000000000e+00
0.000000000000000000e+00
0.000000000000000000e+00
0.000000000000000000e+00
0.000000000000000000e+00
0.000000000000000000e+00
0.000000000000000000e+00
0.000000000000000000e+00
0.000000000000000000e+00
0.000000000000000000e+00
0.000000000000000000e+00
0.000000000000000000e+00
0.000000000000000000e+00
0.000000000000000000e+00
0.000000000000000000e+00
0.000000000000000000e+00
0.000000000000000000e+00
0.000000000000000000e+00
0.000000000000000000e+00
0.000000000000000000e+00
0.000000000000000000e+00
0.000000000000000000e+00
0.000000000000000000e+00
0.000000000000000000e+00
0.000000000000000000e+00
0.000000000000000000e+00
0.000000000000000000e+00
0.000000000000000000e+00
0.000000000000000000e+00
0.000000000000000000e+00
0.000000000000000000e+00
0.000000000000000000e+00
0.000000000000000000e+00
0.000000000000000000e+00
0.000000000000000000e+00
0.000000000000000000e+00
0.000000000000000000e+00
0.000000000000000000e+00
0.000000000000000000e+00
0.000000000000000000e+00
0.000000000000000000e+00
0.000000000000000000e+00
0.000000000000000000e+00
0.000000000000000000e+00
0.000000000000000000e+00
0.000000000000000000e+00
0.000000000000000000e+00
0.000000000000000000e+00
0.000000000000000000e+00
0.000000000000000000e+00
0.000000000000000000e+00
0.000000000000000000e+00
0.000000000000000000e+00
0.000000000000000000e+00
1.416117506787298265e-03
5.821816416792144691e-03
1.066021789831549452e-02
1.227301839215658337e-02
1.447586784715904594e-02
1.766213223743046470e-02
4.094939790459880408e-02
1.077429403080669285e-01
1.844493052590455706e-01
3.079268845314158121e-01
5.780119623536742468e-01
9.309399143230053797e-01
1.428193842192400753e+00
2.274324052497811444e+00
3.390460667430666764e+00
4.699149926689119461e+00
6.531960009848644333e+00
9.183049992346699497e+00
1.206756334388019347e+01
1.518542139125430523e+01
1.900531969261795950e+01
2.304133326015684347e+01
2.756881827574547472e+01
3.222210172985371202e+01
3.702820786490224236e+01
4.145326038083377540e+01
4.450141397759601603e+01
4.731394135586782568e+01
4.954810274240924883e+01
5.078283919853484463e+01
5.160552479678413818e+01
5.123985178725373402e+01
5.010585635709639973e+01
4.828480791656209448e+01
4.527186057448312795e+01
4.237275334531024384e+01
3.896132627145964733e+01
3.511098144369980645e+01
3.117031978828443428e+01
2.775846001186274137e+01
2.398222533362476838e+01
2.055073659509467987e+01
1.776425004430879540e+01
1.512700654409912104e+01
1.251965885792203714e+01
1.016229524829011588e+01
8.369529821294806382e+00
6.685884115516849135e+00
5.308473820581829372e+00
4.273173913328082385e+00
3.381609933013246305e+00
2.613366185581137202e+00
2.021468404341429270e+00
1.508676520494812268e+00
1.176439618763531536e+00
8.536435004108771096e-01
6.235637421553317239e-01
4.734552864358931301e-01
3.569402849052157323e-01
2.628864804960939772e-01
1.785881522448450331e-01
1.239889550387083816e-01
9.790879095537870225e-02
7.293005159954484007e-02
5.916224250577963722e-02
5.054752767282508913e-02
4.032001234602668183e-02
2.718158881083434716e-02
2.187114816038130544e-02
2.096640641993387233e-02
1.766213223743070757e-02
1.384648228858672420e-02
1.156495963876277670e-02
8.654051430366939412e-03
6.136509196078206684e-03
4.091006130718916924e-03
3.658303559200469686e-03
2.281522649823948794e-03
1.927493273127182070e-03
9.047417404474280113e-04
0.000000000000000000e+00
0.000000000000000000e+00
0.000000000000000000e+00
0.000000000000000000e+00
0.000000000000000000e+00
0.000000000000000000e+00
0.000000000000000000e+00
0.000000000000000000e+00
0.000000000000000000e+00
0.000000000000000000e+00
0.000000000000000000e+00
0.000000000000000000e+00
0.000000000000000000e+00
0.000000000000000000e+00
0.000000000000000000e+00
0.000000000000000000e+00
0.000000000000000000e+00
0.000000000000000000e+00
0.000000000000000000e+00
0.000000000000000000e+00
0.000000000000000000e+00
0.000000000000000000e+00
0.000000000000000000e+00
0.000000000000000000e+00
0.000000000000000000e+00
0.000000000000000000e+00
0.000000000000000000e+00
0.000000000000000000e+00
0.000000000000000000e+00
0.000000000000000000e+00
0.000000000000000000e+00
0.000000000000000000e+00
0.000000000000000000e+00
0.000000000000000000e+00
0.000000000000000000e+00
0.000000000000000000e+00
0.000000000000000000e+00
0.000000000000000000e+00
0.000000000000000000e+00
0.000000000000000000e+00
0.000000000000000000e+00
0.000000000000000000e+00
0.000000000000000000e+00
0.000000000000000000e+00
0.000000000000000000e+00
0.000000000000000000e+00
0.000000000000000000e+00
0.000000000000000000e+00
0.000000000000000000e+00
0.000000000000000000e+00
0.000000000000000000e+00
