0.000000000000000000e+00
0.000000000000000000e+00
0.000000000000000000e+00
0.000000000000000000e+00
0.000000000000000000e+00
0.000000000000000000e+00
0.000000000000000000e+00
0.000000000000000000e+00
0.000000000000000000e+00
0.000000000000000000e+00
0.000000000000000000e+00
0.000000000000000000e+00
0.000000000000000000e+00
0.000000000000000000e+00
0.000000000000000000e+00
0.000000000000000000e+00
0.000000000000000000e+00
0.000000000000000000e+00
0.000000000000000000e+00
0.000000000000000000e+00
0.000000000000000000e+00
0.000000000000000000e+00
0.000000000000000000e+00
0.000000000000000000e+00
0.000000000000000000e+00
0.000000000000000000e+00
0.000000000000000000e+00
0.000000000000000000e+00
0.000000000000000000e+00
0.000000000000000000e+00
0.000000000000000000e+00
0.000000000000000000e+00
0.000000000000000000e+00
0.000000000000000000e+00
0.000000000000000000e+00
0.000000000000000000e+00
0.000000000000000000e+00
0.000000000000000000e+00
0.000000000000000000e+00
0.000000000000000000e+00
0.000000000000000000e+00
0.000000000000000000e+00
0.000000000000000000e+00
0.000000000000000000e+00
0.000000000000000000e+00
0.000000000000000000e+00
0.000000000000000000e+00
0.000000000000000000e+00
0.000000000000000000e+00
0.000000000000000000e+00
0.000000000000000000e+00
0.000000000000000000e+00
0.000000000000000000e+00
0.000000000000000000e+00
0.000000000000000000e+00
0.000000000000000000e+00
0.000000000000000000e+00
0.000000000000000000e+00
0.000000000000000000e+00
0.000000000000000000e+00
0.000000000000000000e+00
0.000000000000000000e+00
0.000000000000000000e+00
0.000000000000000000e+00
0.000000000000000000e+00
0.000000000000000000e+00
0.000000000000000000e+00
0.000000000000000000e+00
0.000000000000000000e+00
0.000000000000000000e+00
0.000000000000000000e+00
0.000000000000000000e+00
0.000000000000000000e+00
0.000000000000000000e+00
0.000000000000000000e+00
0.000000000000000000e+00
0.000000000000000000e+00
0.000000000000000000e+00
0.000000000000000000e+00
0.000000000000000000e+00
0.000000000000000000e+00
0.000000000000000000e+00
0.000000000000000000e+00
0.000000000000000000e+00
0.000000000000000000e+00
0.000000000000000000e+00
6.419732697435751034e-02
9.031682765510101740e-02
2.671348330164594609e-01
9.661068324082100478e-01
2.803558634062153665e+00
6.589391442068351701e+00
1.428547871569097616e+01
2.605860762795128593e+01
4.093354525584283010e+01
5.707370520285364535e+01
7.415790415112526546e+01
8.739510188241692390e+01
9.579539292288565377e+01
9.856284056052604114e+01
9.450877149477587125e+01
8.531820821232372509e+01
7.380953924445456948e+01
6.083428391532213908e+01
4.732739447218230566e+01
3.548054877637387960e+01
2.627724043636063556e+01
1.891578959691107187e+01
1.305447923631870566e+01
9.211569025469497518e+00
6.378429270154454045e+00
4.406839671329839447e+00
2.963540575731666404e+00
2.091369537940374723e+00
1.375482801661984666e+00
9.128057429166458459e-01
5.965394997341411099e-01
3.786934232733699668e-01
2.677642185750316317e-01
2.017180715223684528e-01
1.581724581886590209e-01
1.095524237889602959e-01
8.351159630303982284e-02
6.073570640220994632e-02
5.157027920550481814e-02
4.334893034665503186e-02
3.461620572146775765e-02
2.828301353833481691e-02
2.698490582377980826e-02
2.509674914806412846e-02
2.257920691377493863e-02
1.628535132805415328e-02
1.030618852161852873e-02
7.277270520990182165e-03
7.316607118401140600e-03
6.844567949471846817e-03
6.687221559828999268e-03
4.799064884112444300e-03
5.153094260809264367e-03
4.759728286701817197e-03
4.681055091880170944e-03
2.556878831699253146e-03
2.596215429110081910e-03
2.556878831699253146e-03
2.674888623931599360e-03
2.438869039466979791e-03
2.399532442056222150e-03
2.320859247234770186e-03
2.360195844645464509e-03
2.124176260180976345e-03
2.281522649823948794e-03
1.848820078305613663e-03
0.000000000000000000e+00
0.000000000000000000e+00
0.000000000000000000e+00
0.000000000000000000e+00
0.000000000000000000e+00
0.000000000000000000e+00
0.000000000000000000e+00
0.000000000000000000e+00
0.000000000000000000e+00
0.000000000000000000e+00
0.000000000000000000e+00
0.000000000000000000e+00
0.000000000000000000e+00
0.000000000000000000e+00
0.000000000000000000e+00
0.000000000000000000e+00
0.000000000000000000e+00
0.000000000000000000e+00
0.000000000000000000e+00
0.000000000000000000e+00
0.000000000000000000e+00
0.000000000000000000e+00
0.000000000000000000e+00
0.000000000000000000e+00
0.000000000000000000e+00
0.000000000000000000e+00
0.000000000000000000e+00
0.000000000000000000e+00
0.000000000000000000e+00
0.000000000000000000e+00
0.000000000000000000e+00
0.000000000000000000e+00
0.000000000000000000e+00
0.000000000000000000e+00
0.000000000000000000e+00
0.000000000000000000e+00
0.000000000000000000e+00
0.000000000000000000e+00
0.000000000000000000e+00
0.000000000000000000e+00
0.000000000000000000e+00
0.000000000000000000e+00
0.000000000000000000e+00
0.000000000000000000e+00
0.000000000000000000e+00
0.000000000000000000e+00
0.000000000000000000e+00
0.000000000000000000e+00
