0.000000000000000000e+00
0.000000000000000000e+00
0.000000000000000000e+00
0.000000000000000000e+00
0.000000000000000000e+00
0.000000000000000000e+00
0.000000000000000000e+00
0.000000000000000000e+00
0.000000000000000000e+00
0.000000000000000000e+00
0.000000000000000000e+00
0.000000000000000000e+00
0.000000000000000000e+00
0.000000000000000000e+00
0.000000000000000000e+00
0.000000000000000000e+00
0.000000000000000000e+00
0.000000000000000000e+00
0.000000000000000000e+00
0.000000000000000000e+00
0.000000000000000000e+00
0.000000000000000000e+00
0.000000000000000000e+00
0.000000000000000000e+00
0.000000000000000000e+00
0.000000000000000000e+00
0.000000000000000000e+00
0.000000000000000000e+00
0.000000000000000000e+00
0.000000000000000000e+00
0.000000000000000000e+00
0.000000000000000000e+00
0.000000000000000000e+00
0.000000000000000000e+00
0.000000000000000000e+00
0.000000000000000000e+00
0.000000000000000000e+00
0.000000000000000000e+00
0.000000000000000000e+00
0.000000000000000000e+00
0.000000000000000000e+00
0.000000000000000000e+00
0.000000000000000000e+00
0.000000000000000000e+00
0.000000000000000000e+00
0.000000000000000000e+00
0.000000000000000000e+00
0.000000000000000000e+00
0.000000000000000000e+00
0.000000000000000000e+00
0.000000000000000000e+00
0.000000000000000000e+00
0.000000000000000000e+00
0.000000000000000000e+00
0.000000000000000000e+00
0.000000000000000000e+00
0.000000000000000000e+00
0.000000000000000000e+00
0.000000000000000000e+00
0.000000000000000000e+00
0.000000000000000000e+00
0.000000000000000000e+00
0.000000000000000000e+00
0.000000000000000000e+00
0.000000000000000000e+00
0.000000000000000000e+00
0.000000000000000000e+00
0.000000000000000000e+00
0.000000000000000000e+00
0.000000000000000000e+00
0.000000000000000000e+00
0.000000000000000000e+00
0.000000000000000000e+00
9.047417404474403929e-03
2.210716774484615399e-02
6.844567949471846990e-02
1.118732830361965497e-01
2.048649993152291127e-01
3.949394380040130992e-01
7.498342198438641137e-01
1.167038171982376582e+00
1.766645926314565074e+00
2.549129522009368820e+00
3.609880207787876660e+00
5.198567367416099927e+00
7.046168011202076364e+00
9.234777617941846373e+00
1.199801623965797326e+01
1.538592002825693861e+01
1.948286598518455648e+01
2.385414537245534206e+01
2.861949879258683183e+01
3.301929721298014186e+01
3.742228189776321301e+01
4.132872071343130926e+01
4.424301186920474294e+01
4.663373291344099414e+01
4.913345566910245310e+01
5.058651024085775560e+01
5.137985073743862330e+01
5.103073843541814369e+01
4.980788163170990401e+01
4.831895208311462397e+01
4.580620891371087566e+01
4.211340715858111849e+01
3.838988352087356049e+01
3.468673624062477501e+01
3.066157957397110323e+01
2.722757329320714703e+01
2.377260060602283431e+01
2.051871660480232151e+01
1.754109352719756387e+01
1.471991209749518781e+01
1.239685000080564947e+01
1.019234840871193448e+01
8.233110501474296683e+00
6.597494781134876973e+00
5.267445749482408957e+00
4.127392483323812478e+00
3.191653504116694240e+00
2.384073159273827347e+00
1.816603405026203211e+00
1.433936985414371756e+00
1.114130448464891288e+00
8.536435004108771096e-01
6.420126063409770101e-01
4.860036610099252030e-01
3.925399055619514521e-01
3.098937144019494605e-01
2.477812270903698155e-01
1.754412244519795161e-01
1.356325878722964284e-01
9.008080807063521822e-02
6.883904546882604891e-02
4.712524369808906988e-02
1.770146883484098252e-02
1.451520444457000437e-02
1.317776013260384127e-02
8.811397820009734053e-03
6.844567949472035034e-03
5.231767455630779648e-03
4.759728286701686226e-03
3.304274182503740692e-03
2.674888623931526068e-03
2.045503065359458462e-03
0.000000000000000000e+00
0.000000000000000000e+00
0.000000000000000000e+00
0.000000000000000000e+00
0.000000000000000000e+00
0.000000000000000000e+00
0.000000000000000000e+00
0.000000000000000000e+00
0.000000000000000000e+00
0.000000000000000000e+00
0.000000000000000000e+00
0.000000000000000000e+00
0.000000000000000000e+00
0.000000000000000000e+00
0.000000000000000000e+00
0.000000000000000000e+00
0.000000000000000000e+00
0.000000000000000000e+00
0.000000000000000000e+00
0.000000000000000000e+00
0.000000000000000000e+00
0.000000000000000000e+00
0.000000000000000000e+00
0.000000000000000000e+00
0.000000000000000000e+00
0.000000000000000000e+00
0.000000000000000000e+00
0.000000000000000000e+00
0.000000000000000000e+00
0.000000000000000000e+00
0.000000000000000000e+00
0.000000000000000000e+00
0.000000000000000000e+00
0.000000000000000000e+00
0.000000000000000000e+00
0.000000000000000000e+00
0.000000000000000000e+00
0.000000000000000000e+00
0.000000000000000000e+00
0.000000000000000000e+00
0.000000000000000000e+00
0.000000000000000000e+00
0.000000000000000000e+00
0.000000000000000000e+00
0.000000000000000000e+00
0.000000000000000000e+00
0.000000000000000000e+00
0.000000000000000000e+00
0.000000000000000000e+00
0.000000000000000000e+00
0.000000000000000000e+00
0.000000000000000000e+00
0.000000000000000000e+00
0.000000000000000000e+00
0.000000000000000000e+00
