0.000000000000000000e+00
0.000000000000000000e+00
0.000000000000000000e+00
0.000000000000000000e+00
0.000000000000000000e+00
0.000000000000000000e+00
0.000000000000000000e+00
0.000000000000000000e+00
0.000000000000000000e+00
0.000000000000000000e+00
0.000000000000000000e+00
0.000000000000000000e+00
0.000000000000000000e+00
0.000000000000000000e+00
0.000000000000000000e+00
0.000000000000000000e+00
0.000000000000000000e+00
0.000000000000000000e+00
0.000000000000000000e+00
0.000000000000000000e+00
0.000000000000000000e+00
0.000000000000000000e+00
0.000000000000000000e+00
0.000000000000000000e+00
0.000000000000000000e+00
0.000000000000000000e+00
0.000000000000000000e+00
0.000000000000000000e+00
0.000000000000000000e+00
0.000000000000000000e+00
0.000000000000000000e+00
0.000000000000000000e+00
0.000000000000000000e+00
0.000000000000000000e+00
0.000000000000000000e+00
0.000000000000000000e+00
0.000000000000000000e+00
0.000000000000000000e+00
0.000000000000000000e+00
0.000000000000000000e+00
0.000000000000000000e+00
0.000000000000000000e+00
0.000000000000000000e+00
0.000000000000000000e+00
0.000000000000000000e+00
0.000000000000000000e+00
0.000000000000000000e+00
0.000000000000000000e+00
0.000000000000000000e+00
0.000000000000000000e+00
0.000000000000000000e+00
0.000000000000000000e+00
0.000000000000000000e+00
0.000000000000000000e+00
0.000000000000000000e+00
0.000000000000000000e+00
0.000000000000000000e+00
0.000000000000000000e+00
0.000000000000000000e+00
0.000000000000000000e+00
0.000000000000000000e+00
0.000000000000000000e+00
0.000000000000000000e+00
0.000000000000000000e+00
0.000000000000000000e+00
0.000000000000000000e+00
0.000000000000000000e+00
0.000000000000000000e+00
0.000000000000000000e+00
0.000000000000000000e+00
0.000000000000000000e+00
0.000000000000000000e+00
0.000000000000000000e+00
0.000000000000000000e+00
0.000000000000000000e+00
0.000000000000000000e+00
0.000000000000000000e+00
0.000000000000000000e+00
0.000000000000000000e+00
1.298107714555005393e-03
1.526259979537421263e-02
3.028918000628387508e-02
5.467787040095400952e-02
1.247756869869252605e-01
2.748841427063750675e-01
5.121624982880728094e-01
1.313252304558165218e+00
2.834123170250312018e+00
5.225945639214058858e+00
8.934875399282102393e+00
1.399273575776011391e+01
2.038339870970931500e+01
2.842596273332589973e+01
3.760826533032128083e+01
4.634905395797933636e+01
5.587067404424043815e+01
6.387551427094009426e+01
7.034941346301046394e+01
7.365726727587752976e+01
7.505316577159670999e+01
7.302520682868247093e+01
6.890170866850232301e+01
6.271846759469918453e+01
5.529521896071844367e+01
4.713059347533628340e+01
3.950904905380704690e+01
3.241913874628420444e+01
2.570390952909848536e+01
2.026483820511328915e+01
1.558925090027315008e+01
1.185270684882263126e+01
8.823474155414956499e+00
6.573302773727261794e+00
4.934697471984804906e+00
3.611335661892074445e+00
2.547241365333652308e+00
1.840126690277836152e+00
1.287919535825636785e+00
8.968350843678779549e-01
6.311163688582058784e-01
4.138996779559986350e-01
2.950244805806830350e-01
2.022294472887083139e-01
1.431852145751581762e-01
1.210387102329048836e-01
9.814481053984056014e-02
7.544759383383541074e-02
5.896555951872585466e-02
3.937593400816849498e-02
3.253136605869754588e-02
2.698490582377980826e-02
2.399532442056287809e-02
2.183181156297054476e-02
1.939294252350356323e-02
1.600999514617883895e-02
1.128960345688746932e-02
6.844567949472035034e-03
5.664470027149114129e-03
4.602381897058655663e-03
4.523708702237264415e-03
4.681055091880170944e-03
4.445035507415624233e-03
4.484372104826505473e-03
3.343610779914407694e-03
2.438869039467047011e-03
2.242186052413191154e-03
2.084839662770160158e-03
2.202849455002493795e-03
2.084839662770160158e-03
2.399532442056288069e-03
1.966829870537886802e-03
2.124176260180917798e-03
3.933659741075882241e-04
0.000000000000000000e+00
0.000000000000000000e+00
0.000000000000000000e+00
0.000000000000000000e+00
0.000000000000000000e+00
0.000000000000000000e+00
0.000000000000000000e+00
0.000000000000000000e+00
0.000000000000000000e+00
0.000000000000000000e+00
0.000000000000000000e+00
0.000000000000000000e+00
0.000000000000000000e+00
0.000000000000000000e+00
0.000000000000000000e+00
0.000000000000000000e+00
0.000000000000000000e+00
0.000000000000000000e+00
0.000000000000000000e+00
0.000000000000000000e+00
0.000000000000000000e+00
0.000000000000000000e+00
0.000000000000000000e+00
0.000000000000000000e+00
0.000000000000000000e+00
0.000000000000000000e+00
0.000000000000000000e+00
0.000000000000000000e+00
0.000000000000000000e+00
0.000000000000000000e+00
0.000000000000000000e+00
0.000000000000000000e+00
0.000000000000000000e+00
0.000000000000000000e+00
0.000000000000000000e+00
0.000000000000000000e+00
0.000000000000000000e+00
0.000000000000000000e+00
0.000000000000000000e+00
0.000000000000000000e+00
0.000000000000000000e+00
0.000000000000000000e+00
0.000000000000000000e+00
0.000000000000000000e+00
0.000000000000000000e+00
0.000000000000000000e+00
0.000000000000000000e+00
