0.000000000000000000e+00
0.000000000000000000e+00
0.000000000000000000e+00
0.000000000000000000e+00
0.000000000000000000e+00
0.000000000000000000e+00
0.000000000000000000e+00
0.000000000000000000e+00
0.000000000000000000e+00
0.000000000000000000e+00
0.000000000000000000e+00
0.000000000000000000e+00
0.000000000000000000e+00
0.000000000000000000e+00
0.000000000000000000e+00
0.000000000000000000e+00
0.000000000000000000e+00
0.000000000000000000e+00
0.000000000000000000e+00
0.000000000000000000e+00
0.000000000000000000e+00
0.000000000000000000e+00
0.000000000000000000e+00
0.000000000000000000e+00
0.000000000000000000e+00
0.000000000000000000e+00
0.000000000000000000e+00
0.000000000000000000e+00
0.000000000000000000e+00
0.000000000000000000e+00
0.000000000000000000e+00
0.000000000000000000e+00
0.000000000000000000e+00
0.000000000000000000e+00
0.000000000000000000e+00
0.000000000000000000e+00
0.000000000000000000e+00
0.000000000000000000e+00
0.000000000000000000e+00
0.000000000000000000e+00
0.000000000000000000e+00
0.000000000000000000e+00
0.000000000000000000e+00
0.000000000000000000e+00
0.000000000000000000e+00
0.000000000000000000e+00
0.000000000000000000e+00
0.000000000000000000e+00
0.000000000000000000e+00
0.000000000000000000e+00
0.000000000000000000e+00
0.000000000000000000e+00
0.000000000000000000e+00
0.000000000000000000e+00
0.000000000000000000e+00
0.000000000000000000e+00
0.000000000000000000e+00
0.000000000000000000e+00
0.000000000000000000e+00
0.000000000000000000e+00
0.000000000000000000e+00
0.000000000000000000e+00
0.000000000000000000e+00
0.000000000000000000e+00
0.000000000000000000e+00
0.000000000000000000e+00
0.000000000000000000e+00
2.753571336491168384e-04
8.732754810014849156e-03
1.557734641786432186e-02
1.809489735408457284e-02
3.386892743884136608e-02
5.994918166875057991e-02
1.112836187276216443e-01
1.339809138869845484e-01
2.011680544973662998e-01
3.554860595410098689e-01
5.753783991265188913e-01
8.871613478840759681e-01
1.395352606400191098e+00
2.065571869702160779e+00
2.955329441989213990e+00
4.221303532307717710e+00
5.854289345047115845e+00
8.084642790871471973e+00
1.070218770334009051e+01
1.337905240974328791e+01
1.620956639672269617e+01
1.944646817623481994e+01
2.329737702705077851e+01
2.743359520506124127e+01
3.108298197077974123e+01
3.482288256000204285e+01
3.841877136832533779e+01
4.144978468533520299e+01
4.362467333709606976e+01
4.532146333137529837e+01
4.673156721279243442e+01
4.754819779772829236e+01
4.750563545221346828e+01
4.664132874642227478e+01
4.538747036998433515e+01
4.324015676832117094e+01
4.082944439995712571e+01
3.815210765275337934e+01
3.533248994091979966e+01
3.233365407181403128e+01
2.895864102140978602e+01
2.582090714674511744e+01
2.260143154011964484e+01
1.953399240800186121e+01
1.689418290444115556e+01
1.458141900218864784e+01
1.232101229206324611e+01
1.029465914553939676e+01
8.535874459455730090e+00
6.957881399979301662e+00
5.695172258531305154e+00
4.623757651502591770e+00
3.708549212719684185e+00
2.970120053739509824e+00
2.367835328982101473e+00
1.912276619726359428e+00
1.469659695752073336e+00
1.136988941570597378e+00
8.927078272904244161e-01
7.078645171451323215e-01
5.478426857615996681e-01
4.101641189370430762e-01
3.357783561184133903e-01
2.589537158303015785e-01
1.954642281574971996e-01
1.424383115633483243e-01
1.040849965193647308e-01
7.489714035256080094e-02
5.813969193334129343e-02
3.941540684520269261e-02
3.005326430113176503e-02
1.809489735408457284e-02
1.368918321569913971e-02
7.985356875824278430e-03
4.169693738115140547e-03
2.753571336491206223e-03
1.848826468786901904e-03
0.000000000000000000e+00
0.000000000000000000e+00
0.000000000000000000e+00
0.000000000000000000e+00
0.000000000000000000e+00
0.000000000000000000e+00
0.000000000000000000e+00
0.000000000000000000e+00
0.000000000000000000e+00
0.000000000000000000e+00
0.000000000000000000e+00
0.000000000000000000e+00
0.000000000000000000e+00
0.000000000000000000e+00
0.000000000000000000e+00
0.000000000000000000e+00
0.000000000000000000e+00
0.000000000000000000e+00
0.000000000000000000e+00
0.000000000000000000e+00
0.000000000000000000e+00
0.000000000000000000e+00
0.000000000000000000e+00
0.000000000000000000e+00
0.000000000000000000e+00
0.000000000000000000e+00
0.000000000000000000e+00
0.000000000000000000e+00
0.000000000000000000e+00
0.000000000000000000e+00
0.000000000000000000e+00
0.000000000000000000e+00
0.000000000000000000e+00
0.000000000000000000e+00
0.000000000000000000e+00
0.000000000000000000e+00
0.000000000000000000e+00
0.000000000000000000e+00
0.000000000000000000e+00
0.000000000000000000e+00
0.000000000000000000e+00
0.000000000000000000e+00
0.000000000000000000e+00
0.000000000000000000e+00
0.000000000000000000e+00
0.000000000000000000e+00
0.000000000000000000e+00
0.000000000000000000e+00
0.000000000000000000e+00
0.000000000000000000e+00
0.000000000000000000e+00
0.000000000000000000e+00
0.000000000000000000e+00
0.000000000000000000e+00
0.000000000000000000e+00
0.000000000000000000e+00
