0.000000000000000000e+00
0.000000000000000000e+00
0.000000000000000000e+00
0.000000000000000000e+00
0.000000000000000000e+00
0.000000000000000000e+00
0.000000000000000000e+00
0.000000000000000000e+00
0.000000000000000000e+00
0.000000000000000000e+00
0.000000000000000000e+00
0.000000000000000000e+00
0.000000000000000000e+00
0.000000000000000000e+00
0.000000000000000000e+00
0.000000000000000000e+00
0.000000000000000000e+00
0.000000000000000000e+00
0.000000000000000000e+00
0.000000000000000000e+00
0.000000000000000000e+00
0.000000000000000000e+00
0.000000000000000000e+00
0.000000000000000000e+00
0.000000000000000000e+00
0.000000000000000000e+00
0.000000000000000000e+00
0.000000000000000000e+00
0.000000000000000000e+00
0.000000000000000000e+00
0.000000000000000000e+00
0.000000000000000000e+00
0.000000000000000000e+00
0.000000000000000000e+00
0.000000000000000000e+00
0.000000000000000000e+00
0.000000000000000000e+00
0.000000000000000000e+00
0.000000000000000000e+00
0.000000000000000000e+00
0.000000000000000000e+00
0.000000000000000000e+00
0.000000000000000000e+00
0.000000000000000000e+00
0.000000000000000000e+00
0.000000000000000000e+00
0.000000000000000000e+00
0.000000000000000000e+00
0.000000000000000000e+00
0.000000000000000000e+00
0.000000000000000000e+00
0.000000000000000000e+00
0.000000000000000000e+00
0.000000000000000000e+00
0.000000000000000000e+00
0.000000000000000000e+00
0.000000000000000000e+00
0.000000000000000000e+00
0.000000000000000000e+00
0.000000000000000000e+00
0.000000000000000000e+00
0.000000000000000000e+00
0.000000000000000000e+00
0.000000000000000000e+00
0.000000000000000000e+00
0.000000000000000000e+00
0.000000000000000000e+00
0.000000000000000000e+00
0.000000000000000000e+00
0.000000000000000000e+00
0.000000000000000000e+00
0.000000000000000000e+00
0.000000000000000000e+00
9.440783378581987708e-04
9.755476157868054471e-03
4.850202460746429189e-02
1.077036037106561678e-01
2.164692955514028183e-01
4.454476290794267546e-01
7.539252259745827800e-01
1.117631405634464281e+00
1.728646773215772647e+00
2.520256459509872204e+00
3.811755625699887684e+00
5.296240138787011276e+00
7.041998331876536454e+00
9.118262616411179522e+00
1.204431541481043411e+01
1.554952093688828363e+01
1.921199417541408039e+01
2.338765266376115548e+01
2.798499947635130169e+01
3.242094822976509505e+01
3.658751996410952501e+01
4.111575237504946756e+01
4.488018607406420557e+01
4.759747955000456443e+01
4.965250207193740550e+01
5.075919790349097838e+01
5.144841442672557719e+01
5.140329534949543699e+01
5.015117211731358537e+01
4.808312918163713334e+01
4.544557098864903821e+01
4.217902060306226275e+01
3.851705874030254506e+01
3.471793016237150908e+01
3.114341355565547076e+01
2.754647508841616599e+01
2.358508304616574947e+01
2.024060686110826168e+01
1.728001653018236183e+01
1.479764121397884580e+01
1.227215298701354662e+01
1.004924186733159708e+01
8.350569581342821124e+00
6.739027858618783284e+00
5.329361553806942098e+00
4.045651033904256622e+00
3.151451501562899438e+00
2.464949203550346191e+00
1.848741405110791991e+00
1.401877658524603776e+00
1.071764933053505287e+00
8.141102200130645450e-01
6.243111375061360935e-01
4.945790392454706419e-01
4.068584270194672836e-01
3.216553570277660423e-01
2.416447178942914276e-01
1.676132415672387244e-01
1.051860614763690943e-01
6.581012746819769887e-02
4.527642361978215929e-02
3.162662431825009196e-02
2.356262184904388615e-02
1.652137091251870346e-02
1.364979930153293469e-02
1.050287150867231650e-02
7.749309689919488091e-03
5.389113845273810210e-03
5.231767455630779648e-03
4.956411273755611038e-03
4.720391689290929019e-03
3.933659741075882024e-03
2.517542234288495506e-03
2.399532442056222150e-03
2.320859247234770186e-03
2.320859247234706869e-03
1.337444311965799680e-03
0.000000000000000000e+00
0.000000000000000000e+00
0.000000000000000000e+00
0.000000000000000000e+00
0.000000000000000000e+00
0.000000000000000000e+00
0.000000000000000000e+00
0.000000000000000000e+00
0.000000000000000000e+00
0.000000000000000000e+00
0.000000000000000000e+00
0.000000000000000000e+00
0.000000000000000000e+00
0.000000000000000000e+00
0.000000000000000000e+00
0.000000000000000000e+00
0.000000000000000000e+00
0.000000000000000000e+00
0.000000000000000000e+00
0.000000000000000000e+00
0.000000000000000000e+00
0.000000000000000000e+00
0.000000000000000000e+00
0.000000000000000000e+00
0.000000000000000000e+00
0.000000000000000000e+00
0.000000000000000000e+00
0.000000000000000000e+00
0.000000000000000000e+00
0.000000000000000000e+00
0.000000000000000000e+00
0.000000000000000000e+00
0.000000000000000000e+00
0.000000000000000000e+00
0.000000000000000000e+00
0.000000000000000000e+00
0.000000000000000000e+00
0.000000000000000000e+00
0.000000000000000000e+00
0.000000000000000000e+00
0.000000000000000000e+00
0.000000000000000000e+00
0.000000000000000000e+00
0.000000000000000000e+00
0.000000000000000000e+00
0.000000000000000000e+00
0.000000000000000000e+00
0.000000000000000000e+00
0.000000000000000000e+00
0.000000000000000000e+00
