0.000000000000000000e+00
0.000000000000000000e+00
0.000000000000000000e+00
0.000000000000000000e+00
0.000000000000000000e+00
0.000000000000000000e+00
0.000000000000000000e+00
0.000000000000000000e+00
0.000000000000000000e+00
0.000000000000000000e+00
0.000000000000000000e+00
0.000000000000000000e+00
0.000000000000000000e+00
0.000000000000000000e+00
0.000000000000000000e+00
0.000000000000000000e+00
0.000000000000000000e+00
0.000000000000000000e+00
0.000000000000000000e+00
0.000000000000000000e+00
0.000000000000000000e+00
0.000000000000000000e+00
0.000000000000000000e+00
0.000000000000000000e+00
0.000000000000000000e+00
0.000000000000000000e+00
0.000000000000000000e+00
0.000000000000000000e+00
0.000000000000000000e+00
0.000000000000000000e+00
0.000000000000000000e+00
0.000000000000000000e+00
0.000000000000000000e+00
0.000000000000000000e+00
0.000000000000000000e+00
0.000000000000000000e+00
0.000000000000000000e+00
0.000000000000000000e+00
0.000000000000000000e+00
0.000000000000000000e+00
0.000000000000000000e+00
0.000000000000000000e+00
0.000000000000000000e+00
0.000000000000000000e+00
0.000000000000000000e+00
0.000000000000000000e+00
0.000000000000000000e+00
0.000000000000000000e+00
0.000000000000000000e+00
0.000000000000000000e+00
0.000000000000000000e+00
0.000000000000000000e+00
0.000000000000000000e+00
0.000000000000000000e+00
0.000000000000000000e+00
0.000000000000000000e+00
0.000000000000000000e+00
0.000000000000000000e+00
0.000000000000000000e+00
0.000000000000000000e+00
0.000000000000000000e+00
0.000000000000000000e+00
0.000000000000000000e+00
0.000000000000000000e+00
0.000000000000000000e+00
0.000000000000000000e+00
0.000000000000000000e+00
0.000000000000000000e+00
0.000000000000000000e+00
0.000000000000000000e+00
0.000000000000000000e+00
0.000000000000000000e+00
0.000000000000000000e+00
0.000000000000000000e+00
0.000000000000000000e+00
0.000000000000000000e+00
0.000000000000000000e+00
0.000000000000000000e+00
0.000000000000000000e+00
2.556878831699253146e-03
1.534127299019573051e-02
1.947161571832534827e-02
2.309058268011511192e-02
5.365511886827429439e-02
1.820104362195760495e-01
3.560748797621839379e-01
8.392856423559387213e-01
1.840952758823487523e+00
3.590801958043658537e+00
6.866635780619281704e+00
1.096185092726118704e+01
1.663639112334753278e+01
2.432917412278765568e+01
3.356981289374324717e+01
4.295808191478233340e+01
5.250283192032094348e+01
6.184609987392166630e+01
6.898942928072831648e+01
7.301694614322521204e+01
7.461416934449265170e+01
7.342573206351880799e+01
7.054660782583059131e+01
6.548150953342822334e+01
5.874763476907106252e+01
5.072949877244655426e+01
4.304112147191644056e+01
3.570559345016082631e+01
2.881696851158844197e+01
2.272896134011801195e+01
1.777129129524531947e+01
1.355680758525409146e+01
1.009235477809378700e+01
7.344496765965167207e+00
5.421173172163651799e+00
4.016974654391813893e+00
2.774488888575602719e+00
2.033112037175013764e+00
1.389525966937625423e+00
9.185095495412058941e-01
6.177812623359587585e-01
4.295163071280695966e-01
2.923102553593407427e-01
2.327546468794567391e-01
1.752838780623364734e-01
1.269785364419294682e-01
9.484053635733691312e-02
8.158410302991379870e-02
6.136509196078206857e-02
4.681055091880170771e-02
3.556028405932597225e-02
3.237401966905362194e-02
1.998299148466547992e-02
1.648203431510749176e-02
1.514459000314172937e-02
1.164363283358461204e-02
1.117159366465519769e-02
1.160429623617385136e-02
1.184031582063807889e-02
7.827982884740790001e-03
3.815649948843605199e-03
2.006166467948644876e-03
2.045503065359402517e-03
1.258771117144282230e-03
0.000000000000000000e+00
0.000000000000000000e+00
0.000000000000000000e+00
0.000000000000000000e+00
0.000000000000000000e+00
0.000000000000000000e+00
0.000000000000000000e+00
0.000000000000000000e+00
0.000000000000000000e+00
0.000000000000000000e+00
0.000000000000000000e+00
0.000000000000000000e+00
0.000000000000000000e+00
0.000000000000000000e+00
0.000000000000000000e+00
0.000000000000000000e+00
0.000000000000000000e+00
0.000000000000000000e+00
0.000000000000000000e+00
0.000000000000000000e+00
0.000000000000000000e+00
0.000000000000000000e+00
0.000000000000000000e+00
0.000000000000000000e+00
0.000000000000000000e+00
0.000000000000000000e+00
0.000000000000000000e+00
0.000000000000000000e+00
0.000000000000000000e+00
0.000000000000000000e+00
0.000000000000000000e+00
0.000000000000000000e+00
0.000000000000000000e+00
0.000000000000000000e+00
0.000000000000000000e+00
0.000000000000000000e+00
0.000000000000000000e+00
0.000000000000000000e+00
0.000000000000000000e+00
0.000000000000000000e+00
0.000000000000000000e+00
0.000000000000000000e+00
0.000000000000000000e+00
0.000000000000000000e+00
0.000000000000000000e+00
0.000000000000000000e+00
0.000000000000000000e+00
0.000000000000000000e+00
0.000000000000000000e+00
0.000000000000000000e+00
0.000000000000000000e+00
0.000000000000000000e+00
0.000000000000000000e+00
0.000000000000000000e+00
0.000000000000000000e+00
0.000000000000000000e+00
0.000000000000000000e+00
