0.000000000000000000e+00
0.000000000000000000e+00
0.000000000000000000e+00
0.000000000000000000e+00
0.000000000000000000e+00
0.000000000000000000e+00
0.000000000000000000e+00
0.000000000000000000e+00
0.000000000000000000e+00
0.000000000000000000e+00
0.000000000000000000e+00
0.000000000000000000e+00
0.000000000000000000e+00
0.000000000000000000e+00
0.000000000000000000e+00
0.000000000000000000e+00
0.000000000000000000e+00
0.000000000000000000e+00
0.000000000000000000e+00
0.000000000000000000e+00
0.000000000000000000e+00
0.000000000000000000e+00
0.000000000000000000e+00
0.000000000000000000e+00
0.000000000000000000e+00
0.000000000000000000e+00
0.000000000000000000e+00
0.000000000000000000e+00
0.000000000000000000e+00
0.000000000000000000e+00
0.000000000000000000e+00
0.000000000000000000e+00
0.000000000000000000e+00
0.000000000000000000e+00
0.000000000000000000e+00
0.000000000000000000e+00
0.000000000000000000e+00
0.000000000000000000e+00
0.000000000000000000e+00
0.000000000000000000e+00
0.000000000000000000e+00
0.000000000000000000e+00
0.000000000000000000e+00
0.000000000000000000e+00
0.000000000000000000e+00
0.000000000000000000e+00
0.000000000000000000e+00
0.000000000000000000e+00
0.000000000000000000e+00
0.000000000000000000e+00
0.000000000000000000e+00
0.000000000000000000e+00
0.000000000000000000e+00
0.000000000000000000e+00
0.000000000000000000e+00
0.000000000000000000e+00
0.000000000000000000e+00
0.000000000000000000e+00
0.000000000000000000e+00
0.000000000000000000e+00
0.000000000000000000e+00
0.000000000000000000e+00
0.000000000000000000e+00
0.000000000000000000e+00
0.000000000000000000e+00
0.000000000000000000e+00
0.000000000000000000e+00
0.000000000000000000e+00
0.000000000000000000e+00
4.877738078934027235e-03
6.687221559828815387e-03
1.184031582063824195e-02
1.274505756108568200e-02
1.990431828984368795e-02
3.556028405932547959e-02
5.396981164755961652e-02
8.945142251206432416e-02
2.044716333411215059e-01
3.269264610808120808e-01
6.036987604628990534e-01
1.036991380942409835e+00
1.534914030967788001e+00
2.229362321657314627e+00
3.365285245087781707e+00
4.817592421492911114e+00
6.752048272361836467e+00
9.061578579542278078e+00
1.191446530675752236e+01
1.528313349922262887e+01
1.897927886513203788e+01
2.292399219008054700e+01
2.703816757667434700e+01
3.200189545754828657e+01
3.658476640229077503e+01
4.098310936858038644e+01
4.416618749446153913e+01
4.704283352651287942e+01
4.985178127442031126e+01
5.140962854167786844e+01
5.154722795942139868e+01
5.122384179210755661e+01
5.027579045791086543e+01
4.845556808592218800e+01
4.591709878181180216e+01
4.263662324074161347e+01
3.923487296985405948e+01
3.529739757882938278e+01
3.109971059593212317e+01
2.748786355827413530e+01
2.403407096901214857e+01
2.068782463707117358e+01
1.756375140730616025e+01
1.477270181122042736e+01
1.224918041412566438e+01
1.020867309663739952e+01
8.337549167599860311e+00
6.721759092355460652e+00
5.480060058487556951e+00
4.348070794798166716e+00
3.385504256156911307e+00
2.692275399987118067e+00
2.029650416602867047e+00
1.536841524240915247e+00
1.129078355480979345e+00
8.445960830064026537e-01
6.445694851726763153e-01
4.897799743613580614e-01
3.790081160526507786e-01
2.417627276865170483e-01
1.685179833076907996e-01
1.305188302088941821e-01
1.000723038129704284e-01
8.528174318652279040e-02
7.001914339114878594e-02
5.483521679059779469e-02
4.114608089165259358e-02
2.965979444771215182e-02
2.462470997913434462e-02
2.080906003029084350e-02
1.958962551055789397e-02
1.223368179474565616e-02
9.873485950100192518e-03
9.244100391528323538e-03
7.395280313222454653e-03
4.051669533308157982e-03
3.422283974735923408e-03
1.966829870537886802e-03
2.006166467948699954e-03
1.888156675716371521e-03
1.809483480894905679e-03
1.966829870537886910e-04
0.000000000000000000e+00
0.000000000000000000e+00
0.000000000000000000e+00
0.000000000000000000e+00
0.000000000000000000e+00
0.000000000000000000e+00
0.000000000000000000e+00
0.000000000000000000e+00
0.000000000000000000e+00
0.000000000000000000e+00
0.000000000000000000e+00
0.000000000000000000e+00
0.000000000000000000e+00
0.000000000000000000e+00
0.000000000000000000e+00
0.000000000000000000e+00
0.000000000000000000e+00
0.000000000000000000e+00
0.000000000000000000e+00
0.000000000000000000e+00
0.000000000000000000e+00
0.000000000000000000e+00
0.000000000000000000e+00
0.000000000000000000e+00
0.000000000000000000e+00
0.000000000000000000e+00
0.000000000000000000e+00
0.000000000000000000e+00
0.000000000000000000e+00
0.000000000000000000e+00
0.000000000000000000e+00
0.000000000000000000e+00
0.000000000000000000e+00
0.000000000000000000e+00
0.000000000000000000e+00
0.000000000000000000e+00
0.000000000000000000e+00
0.000000000000000000e+00
0.000000000000000000e+00
0.000000000000000000e+00
0.000000000000000000e+00
0.000000000000000000e+00
0.000000000000000000e+00
0.000000000000000000e+00
0.000000000000000000e+00
0.000000000000000000e+00
0.000000000000000000e+00
0.000000000000000000e+00
0.000000000000000000e+00
