0.000000000000000000e+00
0.000000000000000000e+00
0.000000000000000000e+00
0.000000000000000000e+00
0.000000000000000000e+00
0.000000000000000000e+00
0.000000000000000000e+00
0.000000000000000000e+00
0.000000000000000000e+00
0.000000000000000000e+00
0.000000000000000000e+00
0.000000000000000000e+00
0.000000000000000000e+00
0.000000000000000000e+00
0.000000000000000000e+00
0.000000000000000000e+00
0.000000000000000000e+00
0.000000000000000000e+00
0.000000000000000000e+00
0.000000000000000000e+00
0.000000000000000000e+00
0.000000000000000000e+00
0.000000000000000000e+00
0.000000000000000000e+00
0.000000000000000000e+00
0.000000000000000000e+00
0.000000000000000000e+00
0.000000000000000000e+00
0.000000000000000000e+00
0.000000000000000000e+00
0.000000000000000000e+00
0.000000000000000000e+00
0.000000000000000000e+00
0.000000000000000000e+00
0.000000000000000000e+00
0.000000000000000000e+00
0.000000000000000000e+00
0.000000000000000000e+00
0.000000000000000000e+00
0.000000000000000000e+00
0.000000000000000000e+00
0.000000000000000000e+00
0.000000000000000000e+00
0.000000000000000000e+00
0.000000000000000000e+00
0.000000000000000000e+00
0.000000000000000000e+00
0.000000000000000000e+00
0.000000000000000000e+00
0.000000000000000000e+00
0.000000000000000000e+00
0.000000000000000000e+00
0.000000000000000000e+00
0.000000000000000000e+00
0.000000000000000000e+00
0.000000000000000000e+00
0.000000000000000000e+00
0.000000000000000000e+00
0.000000000000000000e+00
0.000000000000000000e+00
0.000000000000000000e+00
0.000000000000000000e+00
0.000000000000000000e+00
0.000000000000000000e+00
0.000000000000000000e+00
0.000000000000000000e+00
0.000000000000000000e+00
0.000000000000000000e+00
0.000000000000000000e+00
0.000000000000000000e+00
0.000000000000000000e+00
5.310440650452367788e-03
1.066021789831549452e-02
3.040718979851615017e-02
5.416649463461414848e-02
9.468318996769388429e-02
1.351605487033654407e-01
2.113555378880042634e-01
3.879768602623089313e-01
6.177812623359503208e-01
1.024600352758020749e+00
1.619330369011275472e+00
2.525842256342199832e+00
3.666839600838654345e+00
5.166547377123742457e+00
7.278017916341085858e+00
9.690413425750659115e+00
1.291817792629042927e+01
1.640202367597423461e+01
2.043331685182328528e+01
2.486474189653512923e+01
2.865246286121704600e+01
3.317318198205102675e+01
3.787331532367496578e+01
4.190032081040703815e+01
4.542118229825436515e+01
4.762088482546397472e+01
4.955549802272247462e+01
5.039187275686932566e+01
5.093951686602259343e+01
5.061648472808544597e+01
4.958110614763688062e+01
4.749835132452881226e+01
4.486944718297107215e+01
4.151545154134017679e+01
3.806779546127427238e+01
3.460137582424342639e+01
3.101521558469381290e+01
2.736214379294935384e+01
2.362327888225160066e+01
2.029847099589948911e+01
1.724838990586411214e+01
1.443019805756495799e+01
1.184747508136700134e+01
9.660006235952142362e+00
7.788606950732728684e+00
6.264077781481294238e+00
4.845875435031312684e+00
3.869423077504059449e+00
3.086585452432559329e+00
2.330378703808142049e+00
1.843981676824090421e+00
1.372217864076891836e+00
1.010557187482366448e+00
7.398820606989626736e-01
5.235307749397747346e-01
3.853806448332041668e-01
2.795258612008444943e-01
1.949521767677153405e-01
1.571497066559814915e-01
1.374027347557768008e-01
1.082936526718190212e-01
6.329258523390919600e-02
4.854136120487505257e-02
4.504040403531884423e-02
3.229534647423210753e-02
2.226451413448949160e-02
1.412183847046202811e-02
9.598129768224888600e-03
9.480119975992875453e-03
7.395280313222454653e-03
3.894323143665015963e-03
1.455454104198076505e-03
1.534127299019551671e-03
1.494790701608835013e-03
0.000000000000000000e+00
0.000000000000000000e+00
0.000000000000000000e+00
0.000000000000000000e+00
0.000000000000000000e+00
0.000000000000000000e+00
0.000000000000000000e+00
0.000000000000000000e+00
0.000000000000000000e+00
0.000000000000000000e+00
0.000000000000000000e+00
0.000000000000000000e+00
0.000000000000000000e+00
0.000000000000000000e+00
0.000000000000000000e+00
0.000000000000000000e+00
0.000000000000000000e+00
0.000000000000000000e+00
0.000000000000000000e+00
0.000000000000000000e+00
0.000000000000000000e+00
0.000000000000000000e+00
0.000000000000000000e+00
0.000000000000000000e+00
0.000000000000000000e+00
0.000000000000000000e+00
0.000000000000000000e+00
0.000000000000000000e+00
0.000000000000000000e+00
0.000000000000000000e+00
0.000000000000000000e+00
0.000000000000000000e+00
0.000000000000000000e+00
0.000000000000000000e+00
0.000000000000000000e+00
0.000000000000000000e+00
0.000000000000000000e+00
0.000000000000000000e+00
0.000000000000000000e+00
0.000000000000000000e+00
0.000000000000000000e+00
0.000000000000000000e+00
0.000000000000000000e+00
0.000000000000000000e+00
0.000000000000000000e+00
0.000000000000000000e+00
0.000000000000000000e+00
0.000000000000000000e+00
0.000000000000000000e+00
0.000000000000000000e+00
0.000000000000000000e+00
0.000000000000000000e+00
0.000000000000000000e+00
0.000000000000000000e+00
0.000000000000000000e+00
