0.000000000000000000e+00
0.000000000000000000e+00
0.000000000000000000e+00
0.000000000000000000e+00
0.000000000000000000e+00
0.000000000000000000e+00
0.000000000000000000e+00
0.000000000000000000e+00
0.000000000000000000e+00
0.000000000000000000e+00
0.000000000000000000e+00
0.000000000000000000e+00
0.000000000000000000e+00
0.000000000000000000e+00
0.000000000000000000e+00
0.000000000000000000e+00
0.000000000000000000e+00
0.000000000000000000e+00
0.000000000000000000e+00
0.000000000000000000e+00
0.000000000000000000e+00
0.000000000000000000e+00
0.000000000000000000e+00
0.000000000000000000e+00
0.000000000000000000e+00
0.000000000000000000e+00
0.000000000000000000e+00
0.000000000000000000e+00
0.000000000000000000e+00
0.000000000000000000e+00
0.000000000000000000e+00
0.000000000000000000e+00
0.000000000000000000e+00
0.000000000000000000e+00
0.000000000000000000e+00
0.000000000000000000e+00
0.000000000000000000e+00
0.000000000000000000e+00
0.000000000000000000e+00
0.000000000000000000e+00
0.000000000000000000e+00
0.000000000000000000e+00
0.000000000000000000e+00
0.000000000000000000e+00
0.000000000000000000e+00
0.000000000000000000e+00
0.000000000000000000e+00
0.000000000000000000e+00
0.000000000000000000e+00
0.000000000000000000e+00
0.000000000000000000e+00
0.000000000000000000e+00
0.000000000000000000e+00
0.000000000000000000e+00
0.000000000000000000e+00
0.000000000000000000e+00
0.000000000000000000e+00
0.000000000000000000e+00
0.000000000000000000e+00
0.000000000000000000e+00
0.000000000000000000e+00
0.000000000000000000e+00
0.000000000000000000e+00
0.000000000000000000e+00
0.000000000000000000e+00
0.000000000000000000e+00
0.000000000000000000e+00
0.000000000000000000e+00
0.000000000000000000e+00
0.000000000000000000e+00
0.000000000000000000e+00
0.000000000000000000e+00
4.012332935897344396e-03
8.300022053669996180e-03
3.418350314994894612e-02
7.721774071731743461e-02
1.714682281134953523e-01
3.693313130896094809e-01
6.039741166447826215e-01
9.428982399358630806e-01
1.455768796977342516e+00
2.206193065782378060e+00
3.216317550693239991e+00
4.338551338224762688e+00
6.017122622936557974e+00
8.072499174246170028e+00
1.069577818237481814e+01
1.371899237637864566e+01
1.695836117315458935e+01
2.096223674060833275e+01
2.554176407457169162e+01
3.010052168510187798e+01
3.450209025237867166e+01
3.846725860797999275e+01
4.258123731158726599e+01
4.584058909984787533e+01
4.890797829274399078e+01
5.030171327560455552e+01
5.128485285469093924e+01
5.129504103342102894e+01
5.055039924443537558e+01
4.873080625800592713e+01
4.642823852856655265e+01
4.376137457050742796e+01
4.054883333316561789e+01
3.697868308876260812e+01
3.308239311522699921e+01
2.921662834128174069e+01
2.577314194054176966e+01
2.228717201459778607e+01
1.915239923033704628e+01
1.623846210394030365e+01
1.334710418445715518e+01
1.102990324078180073e+01
9.142611970208440297e+00
7.476431713680950608e+00
6.160740540083233796e+00
4.929465704529174097e+00
3.945028017727536973e+00
3.024276282133918414e+00
2.304809915491149219e+00
1.781711843122860905e+00
1.339725834615605571e+00
1.049854448295713283e+00
7.880693925271421429e-01
6.069636980479918842e-01
4.573666180948927629e-01
3.427791098373429435e-01
2.632011732753800071e-01
2.122209430310438016e-01
1.462141325757864985e-01
9.106422300590666374e-02
7.218265624874044273e-02
4.708590710067701163e-02
3.713374795575632298e-02
1.919625953644977720e-02
1.345311631447951468e-02
1.014884213197549644e-02
7.631299897687001364e-03
7.237933923579622716e-03
6.726558157239573461e-03
5.113757663398506292e-03
4.484372104826505473e-03
2.163512857591675873e-03
1.927493273127182070e-03
1.966829870537886910e-04
0.000000000000000000e+00
0.000000000000000000e+00
0.000000000000000000e+00
0.000000000000000000e+00
0.000000000000000000e+00
0.000000000000000000e+00
0.000000000000000000e+00
0.000000000000000000e+00
0.000000000000000000e+00
0.000000000000000000e+00
0.000000000000000000e+00
0.000000000000000000e+00
0.000000000000000000e+00
0.000000000000000000e+00
0.000000000000000000e+00
0.000000000000000000e+00
0.000000000000000000e+00
0.000000000000000000e+00
0.000000000000000000e+00
0.000000000000000000e+00
0.000000000000000000e+00
0.000000000000000000e+00
0.000000000000000000e+00
0.000000000000000000e+00
0.000000000000000000e+00
0.000000000000000000e+00
0.000000000000000000e+00
0.000000000000000000e+00
0.000000000000000000e+00
0.000000000000000000e+00
0.000000000000000000e+00
0.000000000000000000e+00
0.000000000000000000e+00
0.000000000000000000e+00
0.000000000000000000e+00
0.000000000000000000e+00
0.000000000000000000e+00
0.000000000000000000e+00
0.000000000000000000e+00
0.000000000000000000e+00
0.000000000000000000e+00
0.000000000000000000e+00
0.000000000000000000e+00
0.000000000000000000e+00
0.000000000000000000e+00
0.000000000000000000e+00
0.000000000000000000e+00
0.000000000000000000e+00
0.000000000000000000e+00
0.000000000000000000e+00
0.000000000000000000e+00
0.000000000000000000e+00
0.000000000000000000e+00
0.000000000000000000e+00
