0.000000000000000000e+00
0.000000000000000000e+00
0.000000000000000000e+00
0.000000000000000000e+00
0.000000000000000000e+00
0.000000000000000000e+00
0.000000000000000000e+00
0.000000000000000000e+00
0.000000000000000000e+00
0.000000000000000000e+00
0.000000000000000000e+00
0.000000000000000000e+00
0.000000000000000000e+00
0.000000000000000000e+00
0.000000000000000000e+00
0.000000000000000000e+00
0.000000000000000000e+00
0.000000000000000000e+00
0.000000000000000000e+00
0.000000000000000000e+00
0.000000000000000000e+00
0.000000000000000000e+00
0.000000000000000000e+00
0.000000000000000000e+00
0.000000000000000000e+00
0.000000000000000000e+00
0.000000000000000000e+00
0.000000000000000000e+00
0.000000000000000000e+00
0.000000000000000000e+00
0.000000000000000000e+00
0.000000000000000000e+00
0.000000000000000000e+00
0.000000000000000000e+00
0.000000000000000000e+00
0.000000000000000000e+00
0.000000000000000000e+00
0.000000000000000000e+00
0.000000000000000000e+00
0.000000000000000000e+00
0.000000000000000000e+00
0.000000000000000000e+00
0.000000000000000000e+00
0.000000000000000000e+00
0.000000000000000000e+00
0.000000000000000000e+00
0.000000000000000000e+00
0.000000000000000000e+00
0.000000000000000000e+00
0.000000000000000000e+00
0.000000000000000000e+00
0.000000000000000000e+00
0.000000000000000000e+00
0.000000000000000000e+00
0.000000000000000000e+00
0.000000000000000000e+00
0.000000000000000000e+00
0.000000000000000000e+00
0.000000000000000000e+00
0.000000000000000000e+00
0.000000000000000000e+00
0.000000000000000000e+00
0.000000000000000000e+00
0.000000000000000000e+00
0.000000000000000000e+00
0.000000000000000000e+00
0.000000000000000000e+00
0.000000000000000000e+00
0.000000000000000000e+00
0.000000000000000000e+00
5.782479819381388352e-03
7.355943715811798060e-03
8.339358651080755122e-03
2.163512857591705363e-02
4.991814211425225911e-02
9.189029155153007056e-02
1.488103480048985905e-01
1.969976798330774492e-01
3.303487450555480653e-01
5.864299941995764209e-01
1.008590357611842236e+00
1.613508552594483225e+00
2.636260085274198417e+00
3.790710546085132471e+00
5.216229499653529444e+00
7.144981543897901410e+00
9.660753631302947397e+00
1.258342348232487851e+01
1.592207785096557515e+01
1.996654878694723223e+01
2.449855751123838132e+01
2.879883434018247712e+01
3.326035188191327308e+01
3.753478456635797755e+01
4.131758845636406363e+01
4.485792155992972141e+01
4.775934964834983987e+01
4.946230962345639171e+01
5.078055767588502079e+01
5.147736616241989083e+01
5.091241395040658801e+01
4.973644637081196862e+01
4.758579658057291795e+01
4.528059329910832531e+01
4.208390471052304349e+01
3.864254248604286346e+01
3.491327570511333533e+01
3.085920663936274977e+01
2.695886499629425614e+01
2.340165649243938617e+01
2.015902275807835053e+01
1.715484747722133108e+01
1.461504072879810856e+01
1.210489377482300277e+01
9.794537399096936880e+00
7.907206791926165046e+00
6.307033345853842121e+00
4.970769131810469865e+00
3.892120294210067222e+00
2.970778509655286559e+00
2.290688077020686997e+00
1.740054386464868541e+00
1.337404975368370774e+00
9.722040050068775363e-01
7.072326848480328110e-01
4.979619866227822378e-01
3.571763044896900663e-01
2.890846543716585892e-01
2.115128842776443641e-01
1.496757531479372960e-01
1.256410921299602190e-01
9.598129768225151237e-02
7.918457058785532965e-02
5.758877860934933507e-02
4.688922411362451276e-02
3.917925102111470548e-02
2.962045785030139114e-02
2.371996823868691498e-02
1.809483480894856153e-02
1.903891314680726879e-02
1.117159366465519769e-02
2.517542234288495506e-03
1.612800493841111404e-03
1.652137091251825026e-03
1.573463896430352896e-03
1.573463896430309528e-03
1.455454104198036173e-03
3.540293766968293909e-04
0.000000000000000000e+00
0.000000000000000000e+00
0.000000000000000000e+00
0.000000000000000000e+00
0.000000000000000000e+00
0.000000000000000000e+00
0.000000000000000000e+00
0.000000000000000000e+00
0.000000000000000000e+00
0.000000000000000000e+00
0.000000000000000000e+00
0.000000000000000000e+00
0.000000000000000000e+00
0.000000000000000000e+00
0.000000000000000000e+00
0.000000000000000000e+00
0.000000000000000000e+00
0.000000000000000000e+00
0.000000000000000000e+00
0.000000000000000000e+00
0.000000000000000000e+00
0.000000000000000000e+00
0.000000000000000000e+00
0.000000000000000000e+00
0.000000000000000000e+00
0.000000000000000000e+00
0.000000000000000000e+00
0.000000000000000000e+00
0.000000000000000000e+00
0.000000000000000000e+00
0.000000000000000000e+00
0.000000000000000000e+00
0.000000000000000000e+00
0.000000000000000000e+00
0.000000000000000000e+00
0.000000000000000000e+00
0.000000000000000000e+00
0.000000000000000000e+00
0.000000000000000000e+00
0.000000000000000000e+00
0.000000000000000000e+00
0.000000000000000000e+00
0.000000000000000000e+00
0.000000000000000000e+00
0.000000000000000000e+00
0.000000000000000000e+00
0.000000000000000000e+00
0.000000000000000000e+00
0.000000000000000000e+00
0.000000000000000000e+00
0.000000000000000000e+00
0.000000000000000000e+00
