0.000000000000000000e+00
0.000000000000000000e+00
0.000000000000000000e+00
0.000000000000000000e+00
0.000000000000000000e+00
0.000000000000000000e+00
0.000000000000000000e+00
0.000000000000000000e+00
0.000000000000000000e+00
0.000000000000000000e+00
0.000000000000000000e+00
0.000000000000000000e+00
0.000000000000000000e+00
0.000000000000000000e+00
0.000000000000000000e+00
0.000000000000000000e+00
0.000000000000000000e+00
0.000000000000000000e+00
0.000000000000000000e+00
0.000000000000000000e+00
0.000000000000000000e+00
0.000000000000000000e+00
0.000000000000000000e+00
0.000000000000000000e+00
0.000000000000000000e+00
0.000000000000000000e+00
0.000000000000000000e+00
0.000000000000000000e+00
0.000000000000000000e+00
0.000000000000000000e+00
0.000000000000000000e+00
0.000000000000000000e+00
0.000000000000000000e+00
0.000000000000000000e+00
0.000000000000000000e+00
0.000000000000000000e+00
0.000000000000000000e+00
0.000000000000000000e+00
0.000000000000000000e+00
0.000000000000000000e+00
0.000000000000000000e+00
0.000000000000000000e+00
0.000000000000000000e+00
0.000000000000000000e+00
0.000000000000000000e+00
0.000000000000000000e+00
0.000000000000000000e+00
0.000000000000000000e+00
0.000000000000000000e+00
0.000000000000000000e+00
0.000000000000000000e+00
0.000000000000000000e+00
0.000000000000000000e+00
0.000000000000000000e+00
0.000000000000000000e+00
0.000000000000000000e+00
0.000000000000000000e+00
0.000000000000000000e+00
0.000000000000000000e+00
0.000000000000000000e+00
0.000000000000000000e+00
0.000000000000000000e+00
0.000000000000000000e+00
0.000000000000000000e+00
0.000000000000000000e+00
0.000000000000000000e+00
0.000000000000000000e+00
0.000000000000000000e+00
0.000000000000000000e+00
0.000000000000000000e+00
0.000000000000000000e+00
3.776313351432795083e-03
1.081756428795852681e-02
3.241335626646481977e-02
5.562194873881221024e-02
1.064054959960996916e-01
1.877142428441385125e-01
3.008069604000685460e-01
4.990240747528795207e-01
8.929800978216114737e-01
1.423552123697931382e+00
2.034567491279239526e+00
3.214704750199398831e+00
4.772276661275783205e+00
6.562878575413409799e+00
8.586746512197013459e+00
1.122788433555014720e+01
1.424173641937021273e+01
1.756725236447571703e+01
2.139619808324381012e+01
2.598493018100129248e+01
3.074591723882018712e+01
3.528378711612526786e+01
3.951581494856115029e+01
4.316884740370917228e+01
4.647634718720054536e+01
4.924458155678784266e+01
5.030242133435795893e+01
5.060924679416117300e+01
5.050720766047835752e+01
4.977090523014378221e+01
4.784561480647163023e+01
4.592122912453930184e+01
4.300213890388237559e+01
4.001011863162528215e+01
3.695606454525141515e+01
3.343650116511864212e+01
2.953848038129655862e+01
2.603941136841519466e+01
2.248460239700238006e+01
1.896421294832397919e+01
1.593616035283862686e+01
1.318869570668403313e+01
1.072351048354940239e+01
8.685009332529087800e+00
7.101435930564191423e+00
5.689527439699767264e+00
4.472138423031697840e+00
3.605317162488228533e+00
2.795612641385180286e+00
2.166502438994923008e+00
1.658391610240135483e+00
1.303221472218421884e+00
1.028730695486136382e+00
7.691484891725671735e-01
5.776579329769774285e-01
4.299490096995939314e-01
2.820434034351329555e-01
1.895237263250307835e-01
1.337050945991692386e-01
1.015670945145764892e-01
7.458218869079871749e-02
5.916224250577963722e-02
4.834467821782126307e-02
3.780247011173922672e-02
2.879438930467466753e-02
2.387731462833060647e-02
2.002232808207568895e-02
1.703274667885810306e-02
7.434616910633416557e-03
4.287689117772593671e-03
4.169679325540320315e-03
4.681055091880299314e-03
5.035084468576991011e-03
1.966829870537941121e-04
0.000000000000000000e+00
0.000000000000000000e+00
0.000000000000000000e+00
0.000000000000000000e+00
0.000000000000000000e+00
0.000000000000000000e+00
0.000000000000000000e+00
0.000000000000000000e+00
0.000000000000000000e+00
0.000000000000000000e+00
0.000000000000000000e+00
0.000000000000000000e+00
0.000000000000000000e+00
0.000000000000000000e+00
0.000000000000000000e+00
0.000000000000000000e+00
0.000000000000000000e+00
0.000000000000000000e+00
0.000000000000000000e+00
0.000000000000000000e+00
0.000000000000000000e+00
0.000000000000000000e+00
0.000000000000000000e+00
0.000000000000000000e+00
0.000000000000000000e+00
0.000000000000000000e+00
0.000000000000000000e+00
0.000000000000000000e+00
0.000000000000000000e+00
0.000000000000000000e+00
0.000000000000000000e+00
0.000000000000000000e+00
0.000000000000000000e+00
0.000000000000000000e+00
0.000000000000000000e+00
0.000000000000000000e+00
0.000000000000000000e+00
0.000000000000000000e+00
0.000000000000000000e+00
0.000000000000000000e+00
0.000000000000000000e+00
0.000000000000000000e+00
0.000000000000000000e+00
0.000000000000000000e+00
0.000000000000000000e+00
0.000000000000000000e+00
0.000000000000000000e+00
0.000000000000000000e+00
0.000000000000000000e+00
0.000000000000000000e+00
0.000000000000000000e+00
0.000000000000000000e+00
0.000000000000000000e+00
0.000000000000000000e+00
0.000000000000000000e+00
