0.000000000000000000e+00
0.000000000000000000e+00
0.000000000000000000e+00
0.000000000000000000e+00
0.000000000000000000e+00
0.000000000000000000e+00
0.000000000000000000e+00
0.000000000000000000e+00
0.000000000000000000e+00
0.000000000000000000e+00
0.000000000000000000e+00
0.000000000000000000e+00
0.000000000000000000e+00
0.000000000000000000e+00
0.000000000000000000e+00
0.000000000000000000e+00
0.000000000000000000e+00
0.000000000000000000e+00
0.000000000000000000e+00
0.000000000000000000e+00
0.000000000000000000e+00
0.000000000000000000e+00
0.000000000000000000e+00
0.000000000000000000e+00
0.000000000000000000e+00
0.000000000000000000e+00
0.000000000000000000e+00
0.000000000000000000e+00
0.000000000000000000e+00
0.000000000000000000e+00
0.000000000000000000e+00
0.000000000000000000e+00
0.000000000000000000e+00
0.000000000000000000e+00
0.000000000000000000e+00
0.000000000000000000e+00
0.000000000000000000e+00
0.000000000000000000e+00
0.000000000000000000e+00
0.000000000000000000e+00
0.000000000000000000e+00
0.000000000000000000e+00
0.000000000000000000e+00
0.000000000000000000e+00
0.000000000000000000e+00
0.000000000000000000e+00
0.000000000000000000e+00
0.000000000000000000e+00
0.000000000000000000e+00
0.000000000000000000e+00
0.000000000000000000e+00
0.000000000000000000e+00
0.000000000000000000e+00
0.000000000000000000e+00
0.000000000000000000e+00
0.000000000000000000e+00
0.000000000000000000e+00
0.000000000000000000e+00
0.000000000000000000e+00
0.000000000000000000e+00
0.000000000000000000e+00
0.000000000000000000e+00
0.000000000000000000e+00
0.000000000000000000e+00
0.000000000000000000e+00
0.000000000000000000e+00
0.000000000000000000e+00
0.000000000000000000e+00
0.000000000000000000e+00
0.000000000000000000e+00
0.000000000000000000e+00
0.000000000000000000e+00
0.000000000000000000e+00
0.000000000000000000e+00
0.000000000000000000e+00
0.000000000000000000e+00
0.000000000000000000e+00
0.000000000000000000e+00
0.000000000000000000e+00
2.045503065359402517e-03
1.471188743162359612e-02
1.778014202966273979e-02
3.296406863021543454e-02
7.202530985909841310e-02
1.549075206035639696e-01
3.651222971666583383e-01
8.778355078184817417e-01
1.795440315619240002e+00
3.544699465878249800e+00
6.513786501844784915e+00
1.102943120161287105e+01
1.695678770925816181e+01
2.451142057859170009e+01
3.312766953884632670e+01
4.270774380886026478e+01
5.253005284572919464e+01
6.127477513312781099e+01
6.784355419815292976e+01
7.308704395981118296e+01
7.474720571693582372e+01
7.395583205022619211e+01
7.111297615535069383e+01
6.556525714931572679e+01
5.858120162542613940e+01
5.123784562078578375e+01
4.314752696791254039e+01
3.542480881784283042e+01
2.878557790685465534e+01
2.291105044953241077e+01
1.794744057845069563e+01
1.355082842244765651e+01
1.014510515522161427e+01
7.472498053939772511e+00
5.463105985003521070e+00
3.884607004104612571e+00
2.863861637892846090e+00
2.012578333326597857e+00
1.462141325757885468e+00
9.494281151060618429e-01
6.625463101894016882e-01
4.276674870497640391e-01
3.140240571300790262e-01
2.283489479694518209e-01
1.680852807361677970e-01
1.335084116121154352e-01
1.132894005429822826e-01
7.890921440598219760e-02
6.608548365007299585e-02
5.078354725728824459e-02
3.795981650138226249e-02
2.926642847360375749e-02
1.998299148466547992e-02
1.286306735331778014e-02
1.187965241804883783e-02
1.101424727501246897e-02
1.085690088536913483e-02
1.109292046983398859e-02
1.187965241804883783e-02
6.529875170185784825e-03
4.523708702237264415e-03
2.792898416163799424e-03
2.124176260180917798e-03
2.006166467948699954e-03
3.146927792860619382e-04
0.000000000000000000e+00
0.000000000000000000e+00
0.000000000000000000e+00
0.000000000000000000e+00
0.000000000000000000e+00
0.000000000000000000e+00
0.000000000000000000e+00
0.000000000000000000e+00
0.000000000000000000e+00
0.000000000000000000e+00
0.000000000000000000e+00
0.000000000000000000e+00
0.000000000000000000e+00
0.000000000000000000e+00
0.000000000000000000e+00
0.000000000000000000e+00
0.000000000000000000e+00
0.000000000000000000e+00
0.000000000000000000e+00
0.000000000000000000e+00
0.000000000000000000e+00
0.000000000000000000e+00
0.000000000000000000e+00
0.000000000000000000e+00
0.000000000000000000e+00
0.000000000000000000e+00
0.000000000000000000e+00
0.000000000000000000e+00
0.000000000000000000e+00
0.000000000000000000e+00
0.000000000000000000e+00
0.000000000000000000e+00
0.000000000000000000e+00
0.000000000000000000e+00
0.000000000000000000e+00
0.000000000000000000e+00
0.000000000000000000e+00
0.000000000000000000e+00
0.000000000000000000e+00
0.000000000000000000e+00
0.000000000000000000e+00
0.000000000000000000e+00
0.000000000000000000e+00
0.000000000000000000e+00
0.000000000000000000e+00
0.000000000000000000e+00
0.000000000000000000e+00
0.000000000000000000e+00
0.000000000000000000e+00
0.000000000000000000e+00
0.000000000000000000e+00
0.000000000000000000e+00
0.000000000000000000e+00
0.000000000000000000e+00
0.000000000000000000e+00
0.000000000000000000e+00
