0.000000000000000000e+00
0.000000000000000000e+00
0.000000000000000000e+00
0.000000000000000000e+00
0.000000000000000000e+00
0.000000000000000000e+00
0.000000000000000000e+00
0.000000000000000000e+00
0.000000000000000000e+00
0.000000000000000000e+00
0.000000000000000000e+00
0.000000000000000000e+00
0.000000000000000000e+00
0.000000000000000000e+00
0.000000000000000000e+00
0.000000000000000000e+00
0.000000000000000000e+00
0.000000000000000000e+00
0.000000000000000000e+00
0.000000000000000000e+00
0.000000000000000000e+00
0.000000000000000000e+00
0.000000000000000000e+00
0.000000000000000000e+00
0.000000000000000000e+00
0.000000000000000000e+00
0.000000000000000000e+00
0.000000000000000000e+00
0.000000000000000000e+00
0.000000000000000000e+00
0.000000000000000000e+00
0.000000000000000000e+00
0.000000000000000000e+00
0.000000000000000000e+00
0.000000000000000000e+00
0.000000000000000000e+00
0.000000000000000000e+00
0.000000000000000000e+00
0.000000000000000000e+00
0.000000000000000000e+00
0.000000000000000000e+00
0.000000000000000000e+00
0.000000000000000000e+00
0.000000000000000000e+00
0.000000000000000000e+00
0.000000000000000000e+00
0.000000000000000000e+00
0.000000000000000000e+00
0.000000000000000000e+00
0.000000000000000000e+00
0.000000000000000000e+00
0.000000000000000000e+00
0.000000000000000000e+00
0.000000000000000000e+00
0.000000000000000000e+00
0.000000000000000000e+00
0.000000000000000000e+00
0.000000000000000000e+00
0.000000000000000000e+00
0.000000000000000000e+00
0.000000000000000000e+00
0.000000000000000000e+00
0.000000000000000000e+00
0.000000000000000000e+00
0.000000000000000000e+00
0.000000000000000000e+00
0.000000000000000000e+00
0.000000000000000000e+00
5.507123637506159677e-04
7.237933923579522970e-03
1.927493273127129161e-02
2.214650434225691120e-02
3.611099642307610130e-02
5.172762559514713920e-02
8.724857305706185118e-02
1.129747077636962249e-01
1.635615720339329282e-01
2.770476555639705962e-01
4.791590930604465726e-01
8.121827267399149841e-01
1.359354796723573955e+00
2.115010832984240530e+00
3.074509117027456551e+00
4.314831369986075416e+00
6.090092011133513061e+00
8.306827285022057694e+00
1.051616727859729572e+01
1.340650244654758261e+01
1.662946788220324024e+01
2.034024646234943390e+01
2.476899661843734535e+01
2.937047377375561297e+01
3.394583142839314149e+01
3.819965173579461037e+01
4.249206124525707651e+01
4.601012983468824302e+01
4.878697891910849194e+01
5.020038220067444712e+01
5.101441374749197877e+01
5.117872271487742353e+01
5.108470824706570568e+01
4.951993773866315252e+01
4.708063599662396825e+01
4.391777688181259975e+01
4.050159007967529590e+01
3.699386701536315769e+01
3.348901552266200810e+01
2.992936814976726012e+01
2.634659085759580677e+01
2.278139702446654979e+01
1.946095550042703337e+01
1.619192690920337796e+01
1.343529683585207479e+01
1.102577289805367045e+01
9.134941333713342715e+00
7.435482315776351214e+00
6.034430725797291117e+00
4.747061902335487638e+00
3.779538952420476772e+00
3.041466375202419137e+00
2.355475452956205640e+00
1.794968276450286337e+00
1.418241683047478885e+00
1.108859344411849746e+00
8.428259361229184510e-01
6.392590445222239293e-01
4.532362753667631416e-01
3.473028185395801160e-01
2.490793348049180067e-01
1.792175378034171762e-01
1.399596135874760505e-01
1.009770455534178962e-01
7.115990471606074841e-02
6.038167702551312799e-02
4.511907723014036559e-02
3.870721185218561899e-02
3.312141501985892134e-02
2.714225221342284056e-02
1.742611265296567860e-02
9.716139560457429103e-03
7.001914339114877379e-03
6.844567949471846817e-03
4.681055091880299314e-03
4.523708702237140382e-03
4.209015922951193749e-03
4.248352520361835596e-03
4.091006130718805034e-03
3.776313351432846258e-03
2.950244805806830420e-03
1.848820078305664621e-03
1.022751532679701258e-03
0.000000000000000000e+00
0.000000000000000000e+00
0.000000000000000000e+00
0.000000000000000000e+00
0.000000000000000000e+00
0.000000000000000000e+00
0.000000000000000000e+00
0.000000000000000000e+00
0.000000000000000000e+00
0.000000000000000000e+00
0.000000000000000000e+00
0.000000000000000000e+00
0.000000000000000000e+00
0.000000000000000000e+00
0.000000000000000000e+00
0.000000000000000000e+00
0.000000000000000000e+00
0.000000000000000000e+00
0.000000000000000000e+00
0.000000000000000000e+00
0.000000000000000000e+00
0.000000000000000000e+00
0.000000000000000000e+00
0.000000000000000000e+00
0.000000000000000000e+00
0.000000000000000000e+00
0.000000000000000000e+00
0.000000000000000000e+00
0.000000000000000000e+00
0.000000000000000000e+00
0.000000000000000000e+00
0.000000000000000000e+00
0.000000000000000000e+00
0.000000000000000000e+00
0.000000000000000000e+00
0.000000000000000000e+00
0.000000000000000000e+00
0.000000000000000000e+00
0.000000000000000000e+00
0.000000000000000000e+00
0.000000000000000000e+00
0.000000000000000000e+00
0.000000000000000000e+00
0.000000000000000000e+00
0.000000000000000000e+00
0.000000000000000000e+00
0.000000000000000000e+00
0.000000000000000000e+00
0.000000000000000000e+00
