# bin_3_1
1.352261655914204720e-08
1.360258465427300517e-08
1.368196562870978832e-08
1.376118782168166969e-08
1.383877464437021455e-08
1.391586022391333865e-08
1.399191552922835252e-08
1.406682621796628881e-08
1.414046092395186753e-08
1.421268202449009072e-08
1.428194341690896330e-08
1.435241382973094376e-08
1.442224936094362360e-08
1.448489479459241747e-08
1.454805820851710587e-08
1.460897869095509117e-08
1.466750955735325122e-08
1.472353117119951939e-08
1.477675433077061752e-08
1.482719712880262843e-08
1.487463322000887340e-08
1.491882790397347707e-08
1.495981329596447166e-08
1.499722544640704683e-08
1.503108281178213299e-08
1.506110793256150621e-08
1.508716458097034032e-08
1.510914812430856418e-08
1.512687419893744349e-08
1.513998277722382971e-08
1.514883697771268365e-08
1.515287733913125360e-08
1.515207057553634676e-08
1.514624952394438120e-08
1.513531320370086904e-08
1.511908911689332258e-08
1.509455056477307715e-08
1.507040756176427715e-08
1.504408990950434109e-08
1.499949312351384723e-08
1.495503018644746650e-08
1.490486074227717833e-08
1.484873083791819390e-08
1.478648262304952591e-08
1.471812716467012080e-08
1.464360403780582151e-08
1.456281054050935426e-08
1.447576834149314206e-08
1.438234069699122855e-08
1.428282461979652971e-08
1.417690494229726648e-08
1.406471098265060736e-08
1.394630938105982281e-08
1.382123797274564446e-08
1.369077522629312305e-08
1.355392921509908928e-08
1.341108493198264296e-08
1.326231113988275458e-08
1.310777205510318651e-08
1.294760304139073353e-08
1.278197296889582975e-08
1.261099376410078749e-08
1.243512375112603675e-08
1.225378251733899461e-08
1.206797906925113491e-08
1.187769069594678643e-08
1.168301361100865610e-08
1.148433580997939639e-08
1.128191629798227438e-08
1.107447056413616665e-08
1.086684274320442106e-08
1.065479230628791939e-08
1.044012416916102037e-08
1.022317613311801035e-08
1.000425038293255762e-08
9.783731556475922323e-09
9.561835508376893167e-09
9.339018401364812631e-09
9.115569604884358067e-09
8.891862310381844865e-09
8.668186968278841431e-09
8.444931758721245875e-09
8.222406429712825185e-09
8.000945892697124396e-09
7.780884806009027088e-09
7.562505983311776046e-09
7.346156515936220470e-09
7.132113853312438642e-09
6.920630304661012213e-09
6.711981200852594690e-09
6.506417479614856331e-09
6.304186621199082009e-09
6.105442460906387457e-09
5.910413520793440359e-09
5.719237312617572518e-09
5.532038796820666264e-09
5.348937204443152968e-09
5.170064211729169547e-09
4.995398111871675214e-09
4.825044080878606943e-09
4.659015686193227902e-09
4.497303116829266178e-09
4.339865744438049676e-09
4.186782447504946835e-09
4.037886675134147371e-09
3.893168678151527632e-09
3.754946509579850677e-09
3.615931884409307806e-09
3.483224079043054468e-09
3.354351764963900604e-09
3.229181280263417035e-09
3.107604785088464088e-09
2.989576692367624456e-09
2.874935413239788553e-09
2.763367687711374455e-09
2.655550447779533874e-09
2.550644866518144279e-09
2.448829211727810838e-09
2.350098134016089802e-09
2.253919231266697335e-09
2.161607475195128562e-09
2.071818379349976460e-09
1.984970223800185369e-09
1.901064253275164311e-09
1.820094572983533099e-09
1.742066280566201754e-09
1.666972432686751650e-09
1.594805441380069944e-09
1.525553407445454780e-09
1.459193983692161559e-09
1.395690850219528593e-09
1.334991782295537897e-09
1.277053618862362835e-09
1.221779711263480795e-09
1.169089984163301618e-09
1.118878923628566841e-09
1.071035799421212792e-09
1.025437300095504304e-09
9.819655908062135195e-10
9.404966167062243384e-10
9.008999980979337101e-10
8.630678250572317250e-10
8.268995762838247157e-10
7.922926411564683257e-10
7.591664630394824237e-10
7.275029431297215859e-10
6.971965678009728643e-10
6.682746968030422218e-10
6.405570115866052346e-10
6.141518217593891074e-10
5.889623415677729744e-10
5.649888117077262686e-10
5.421464209702230023e-10
5.203935362002638107e-10
4.996728803938772482e-10
4.799218970674772440e-10
4.610774299543960871e-10
4.430799145631609224e-10
4.257046286270390904e-10
4.094087829252207659e-10
3.936673760561108986e-10
3.785856047056792094e-10
3.641625456941471465e-10
3.503700775063048065e-10
3.371560712332449405e-10
3.245234992611576873e-10
3.124240130569932113e-10
3.008312031000326443e-10
2.897142013986870600e-10
2.790404991945074988e-10
2.687906535567661637e-10
2.589404675239180839e-10
2.494725439957615143e-10
2.403704425836472691e-10
2.316208740943585582e-10
2.231895971244340982e-10
2.150758499426127591e-10
2.072572023743618253e-10
1.997191517456331838e-10
1.924532934314521854e-10
1.854328822952679577e-10
1.786612717331384975e-10
1.721223621485554624e-10
1.658054180613601013e-10
1.597004172335909745e-10
1.537982697727586978e-10
1.480907209056633585e-10
1.425700230872438238e-10
1.372286902837289025e-10
1.320596977211210721e-10
1.270565978057026534e-10
1.222133939294133615e-10
1.175245165065022517e-10
1.129846790032890125e-10
1.085889026268276933e-10
1.043325541806295604e-10
1.002113149400932006e-10
9.622111764645653487e-11
9.235809346835711636e-11
8.861860079584978295e-11
8.499919575978842231e-11
8.149660685444183128e-11
7.810775012188379247e-11
7.482969229264929353e-11
7.165962163046303528e-11
6.859486250208386651e-11
6.563283951895397594e-11
6.277106692607978864e-11
6.000715510565995481e-11
5.733877039266563535e-11
5.476365500587161563e-11
5.227959641599773024e-11
4.988444018694828300e-11
4.757607466341560888e-11
4.535240854246942503e-11
4.321140264746584066e-11
4.115103194513309961e-11
3.916930017121306984e-11
3.726423906816497532e-11
3.543388539987743626e-11
3.367630701870361449e-11
3.198957744710600284e-11
3.037178755633518928e-11
2.882104566276091024e-11
2.733546520120540461e-11
2.591318130165643442e-11
2.455233529669630776e-11
2.325108737948508530e-11
2.200760915489131089e-11
2.082008820061060930e-11
1.968672778457114611e-11
1.860574889936111216e-11
1.757539056824771964e-11
1.659391145514948563e-11
1.565959358197832139e-11
1.477073749476919122e-11
1.392567399204581130e-11
1.312275504686029350e-11
1.236036186327119720e-11
1.163690630760913330e-11
1.095082530418101168e-11
1.030058165901897222e-11
9.684703991442366226e-12
9.101719018050576943e-12
8.550201811152626478e-12
8.028760013715745291e-12
7.536045714372097470e-12
7.070740551805907877e-12
6.631571323040321626e-12
6.217300572518065274e-12
5.826728732171716721e-12
5.458700688505265720e-12
5.112093899289255671e-12
4.785832356294426992e-12
4.478875070213711216e-12
4.190221189900416917e-12
3.918911939791085336e-12
3.664021724286419557e-12
3.424669362843481724e-12
3.200006262777802708e-12
2.989222965103683611e-12
2.791528536307924377e-12
2.606220116191673389e-12
2.432576267670418418e-12
2.269924242673650121e-12
2.117626629706092437e-12
1.975076886632404589e-12
1.841697242197685662e-12
1.716942678811434684e-12
1.600292785454271509e-12
1.491257374691363634e-12
1.389371177155512555e-12
1.294193646333854795e-12
1.205310359108729376e-12
1.122327405102830991e-12
1.044875256137360836e-12
9.726039937974223280e-13
9.051625217106207684e-13
8.422860977534411801e-13
7.836586255019393238e-13
7.290063598197715008e-13
6.780704689972764409e-13
6.306084693285283236e-13
5.863928774668820324e-13
5.452092575935308747e-13
5.068576514167415576e-13
4.711493182506321924e-13
4.379081890947599063e-13
4.069691891917358312e-13
3.781693940648960538e-13
3.513805581687712257e-13
3.264586981032826417e-13
3.032769909214370915e-13
2.817169609459944520e-13
2.616570046825972034e-13
2.430137408314059279e-13
2.256815105806461023e-13
2.095679395899855201e-13
1.945912459036664996e-13
1.806728641578008990e-13
1.677394759877898656e-13
1.557217040017569894e-13
1.445555995288269639e-13
1.341826422818250959e-13
1.245464914492300235e-13
1.155968033854447170e-13
1.072821875184969696e-13
9.956186042291295108e-14
9.239471098690332053e-14
8.573721496568919444e-14
7.955461492526538294e-14
7.381653858597970101e-14
6.848869322916455570e-14
6.354177612810916388e-14
5.895070186679178994e-14
5.468901007446106045e-14
5.073288677195716203e-14
4.706096454047280239e-14
4.365389935639456541e-14
4.049059397423772763e-14
3.755648657969236124e-14
3.483149349454769089e-14
3.230459435675350113e-14
2.995950674695529486e-14
2.778365801733696364e-14
2.576403302018734671e-14
2.389075310948714710e-14
2.215215859586213906e-14
2.053912856782288036e-14
1.904316852556318677e-14
1.765453626799927342e-14
1.636670760339821408e-14
1.517168753711949557e-14
1.406310426420289797e-14
1.303481830177446626e-14
1.208047464666774938e-14
1.119527479422099207e-14
1.037378861493901429e-14
9.612018800573825865e-15
8.905099484786264034e-15
8.249196158170943080e-15
7.640912984236194897e-15
7.076556574996068892e-15
6.552893037186071733e-15
6.066798203501401945e-15
5.616187691415277873e-15
5.197848333370852493e-15
4.809678675361336093e-15
4.449405806333659114e-15
4.115417157040241850e-15
3.805328153091598137e-15
3.517483730066880648e-15
3.250346753677289945e-15
3.002640656823782216e-15
2.772633077296862489e-15
2.559263066744218732e-15
2.361148654484482124e-15
2.177386188450655846e-15
2.006787641066198018e-15
1.848440489389531732e-15
1.701603882373775719e-15
1.565266109746097428e-15
1.438785757379980759e-15
1.321417556151218965e-15
1.212480383792156985e-15
1.111566051699282669e-15
1.017885760208687269e-15
9.310361685606989595e-16
8.505441920770899395e-16
7.759106915513490999e-16
7.068163426378003759e-16
6.428148186057794700e-16
5.835884459380894927e-16
5.288303348275822172e-16
4.781839821623471057e-16
4.314196521028036341e-16
3.882726319076635408e-16
3.484956931147457738e-16
3.118824122334037283e-16
2.782101109838550133e-16
2.473086243680386186e-16
2.189832530565346551e-16
1.930751376080950821e-16
1.694412622096797293e-16
1.479247947577183286e-16
1.284055300880674613e-16
1.107121777278529256e-16
9.484827992171830469e-17
8.059339477178478261e-17
6.787710028683443265e-17
5.659493040414894621e-17
4.666883014821661960e-17
3.798854818003884840e-17
3.046440674977280692e-17
2.401305657789885054e-17
1.854456008103054437e-17
1.397769579046042866e-17
1.023005420833286654e-17
7.220697560187012606e-18
4.869705230246176942e-18
