# bin_5_1
1.434990198725703747e-08
1.444122807588894411e-08
1.453218697914870814e-08
1.462265973038073953e-08
1.471250194935149538e-08
1.480161072502820143e-08
1.488984478966248547e-08
1.497707624915494669e-08
1.506319206370633953e-08
1.514802294175000258e-08
1.523020647232635435e-08
1.531335857405392635e-08
1.539354345740459290e-08
1.547188514625800709e-08
1.554844500300797040e-08
1.562240949578247972e-08
1.569426517594546531e-08
1.576368977234611975e-08
1.583036715316872102e-08
1.589427423348770364e-08
1.595521025686411805e-08
1.601312214672936185e-08
1.606740128631023837e-08
1.611832992417802616e-08
1.616557422212734002e-08
1.620897168306577884e-08
1.624834486842843515e-08
1.628350897888155395e-08
1.631429495231137119e-08
1.634054104373996064e-08
1.636203609540058906e-08
1.637867989054290642e-08
1.639026352071190057e-08
1.639662320290773525e-08
1.639759273024462811e-08
1.639305284654756096e-08
1.638283295080325264e-08
1.636676376933798408e-08
1.635198973445839032e-08
1.631711492576824941e-08
1.628228950951676038e-08
1.624159700275788108e-08
1.619448960033871046e-08
1.614088621893899052e-08
1.608047429888593963e-08
1.601343698627879370e-08
1.593932263739093431e-08
1.585871054201727313e-08
1.577120150106111634e-08
1.567666406328735784e-08
1.557512327061535844e-08
1.546660611234738519e-08
1.535110672946258743e-08
1.522865870115893527e-08
1.509917273496510866e-08
1.496299008214291249e-08
1.481989566650354728e-08
1.467010455240083490e-08
1.451364877744772033e-08
1.435069154660983736e-08
1.418132185889023837e-08
1.401742297531949467e-08
1.382478675114423934e-08
1.363658925811553240e-08
1.344341259832956418e-08
1.324474928684361954e-08
1.304090328643512773e-08
1.283202234037617878e-08
1.261850236130156991e-08
1.239932931330327759e-08
1.217839668219005264e-08
1.195248681160270504e-08
1.172305465005079075e-08
1.149051759526177069e-08
1.125514235999087645e-08
1.101737525411488274e-08
1.077741921022382741e-08
1.053580785103471689e-08
1.029285586004369264e-08
1.004895869307903069e-08
9.804468248466199539e-09
9.559843668317529064e-09
9.315406702859106747e-09
9.071545150662247284e-09
8.828644936548044102e-09
8.587084883355479982e-09
8.347216143132320206e-09
8.109392865762658143e-09
7.873952844599199400e-09
7.641224785692287639e-09
7.411519497023387577e-09
7.185121488946656130e-09
6.962300724542909983e-09
6.743291917160488781e-09
6.528302493469155386e-09
6.317544661701226135e-09
6.111152041412238764e-09
5.909438036617782730e-09
5.712008266500782769e-09
5.519440896405923809e-09
5.331612762004130254e-09
5.148700258375185392e-09
4.970497726007936377e-09
4.796823661469653194e-09
4.628080831235989591e-09
4.464011905586246766e-09
4.304553110636953047e-09
4.149612892016507468e-09
3.999184311830619979e-09
3.852887488471473321e-09
3.710862691199718704e-09
3.572967719786138341e-09
3.438875555506025846e-09
3.308668972646140929e-09
3.181975038205460651e-09
3.059258487583396116e-09
2.939856198945627458e-09
2.823920649688220847e-09
2.711238855388693208e-09
2.601491984090577297e-09
2.495864310895576115e-09
2.392955487791162183e-09
2.293309850924348038e-09
2.196875701654640234e-09
2.103703081982548601e-09
2.013670109528604255e-09
1.926936797254308146e-09
1.843455122141175975e-09
1.763237075637551423e-09
1.686279716414033787e-09
1.612567450364624274e-09
1.542096014690464063e-09
1.474735273748046178e-09
1.410526846108224734e-09
1.349268137077288643e-09
1.290940549630181259e-09
1.235393023613856580e-09
1.182508971745831319e-09
1.132087220510433499e-09
1.084032446502181564e-09
1.038194275925319624e-09
9.943910732849514775e-10
9.525160720344447228e-10
9.124276846622456619e-10
8.740850130057898117e-10
8.373584192157258500e-10
8.022022405931609100e-10
7.686305964554901783e-10
7.364354220856379562e-10
7.057555524857792554e-10
6.765064862920644196e-10
6.486378899701347010e-10
6.221185228786123565e-10
5.968851107097841683e-10
5.728726297873540315e-10
5.500069141049504124e-10
5.282106572491962136e-10
5.074093183178179806e-10
4.875348663682626439e-10
4.685315672627986569e-10
4.503457877418855529e-10
4.329490649110160051e-10
4.163077076643100773e-10
4.003947239101622527e-10
3.851778486307507109e-10
3.706366999963567417e-10
3.567235743351503120e-10
3.434064502752227508e-10
3.306473648626429249e-10
3.184062367660626288e-10
3.066591151314551200e-10
2.953774734703444093e-10
2.845414182888719022e-10
2.741324783854930586e-10
2.641285561129255244e-10
2.545101966595915120e-10
2.452549745912700930e-10
2.363427236694557615e-10
2.277559390150633584e-10
2.194822160310109889e-10
2.114973728923903120e-10
2.037981650075520077e-10
1.963679397902420307e-10
1.891937792230078530e-10
1.822635829540184576e-10
1.755664641683667154e-10
1.690926561365639675e-10
1.628329891410073156e-10
1.567785322406874372e-10
1.509208593601648486e-10
1.452522661836855544e-10
1.397656466476215504e-10
1.344544045548709141e-10
1.293122646796568589e-10
1.243333154213998795e-10
1.195120758269926601e-10
1.148434612211300789e-10
1.103226952367182421e-10
1.059452398252665211e-10
1.017068277353617040e-10
9.760343566870115968e-11
9.363125882975017792e-11
8.978672401704069935e-11
8.606644754455807495e-11
8.246720223378396371e-11
7.898592997028223723e-11
7.561970186226429719e-11
7.236570389367665289e-11
6.922124220852630074e-11
6.618369806966586210e-11
6.325054724705440878e-11
6.041932660911262437e-11
5.768764414159785671e-11
5.505316412456921016e-11
5.251358001843232417e-11
5.006664810329409355e-11
4.771014565404603859e-11
4.544188555235958905e-11
4.325971473218798339e-11
4.116148857059958707e-11
3.914509800019649673e-11
3.720844179537547751e-11
3.534943807881319173e-11
3.356602423551454642e-11
3.185614290378495237e-11
3.021775955924353738e-11
2.864884529698584913e-11
2.714739008034021134e-11
2.571139448216009045e-11
2.433887428977448024e-11
2.302785976393300181e-11
2.177639798564512991e-11
2.058255267762931243e-11
1.944440614978864419e-11
1.836006314230888216e-11
1.732764558308767630e-11
1.634530549030121824e-11
1.541121486757155228e-11
1.452357482750118419e-11
1.368061701890545908e-11
1.288059768730788866e-11
1.212179993937139584e-11
1.140257259013426312e-11
1.072126391163734931e-11
1.007627159258549908e-11
9.466027106071145165e-12
8.889008874685172214e-12
8.343726156853665782e-12
7.828736419748502091e-12
7.342635092482752130e-12
6.884058245112481224e-12
6.451689869966348161e-12
6.044249111375061944e-12
5.660505784192284537e-12
5.299267904697886962e-12
4.959387616381785514e-12
4.639763391924642360e-12
4.339330537717397198e-12
4.057073636455499773e-12
3.792013683587209746e-12
3.543215454739752706e-12
3.309766641690945329e-12
3.090847304625047875e-12
2.885623625904806393e-12
2.693314491672672742e-12
2.513178800050349081e-12
2.344510561273695447e-12
2.186636689090401107e-12
2.038921355990783220e-12
1.900757105239890310e-12
1.771571016298870455e-12
1.650818865811741758e-12
1.537984954846990316e-12
1.432583589724338540e-12
1.334152934004417535e-12
1.242259241826469001e-12
1.156491565343983409e-12
1.076440984053873449e-12
1.001788333619211237e-12
9.321656936870032023e-13
8.672506087989786780e-13
8.067381226156377294e-13
7.503423208099647120e-13
6.977947979677039138e-13
6.488424907008863631e-13
6.032491989470094018e-13
5.607919696560935643e-13
5.212626490226944440e-13
4.844659961091940947e-13
4.501927032088161239e-13
4.183254555618160711e-13
3.886754421070029269e-13
3.610929233330099337e-13
3.354374595343795691e-13
3.115774904614335526e-13
2.893906825689029151e-13
2.687620844185885404e-13
2.495849406223094995e-13
2.317590177145187121e-13
2.151634773634254047e-13
1.997655191390272518e-13
1.854568958770563463e-13
1.721616765919215875e-13
1.598096578891404567e-13
1.483353400065422776e-13
1.376775646566947042e-13
1.277769960740706790e-13
1.185830777679207813e-13
1.100450472686104931e-13
1.021168054023555250e-13
9.475404239423162630e-14
8.791970191467115864e-14
8.157399468119772437e-14
7.568207965412411611e-14
7.021374640629246472e-14
6.513772536414600674e-14
6.042573536639275095e-14
5.605226223762963843e-14
5.199360348989578910e-14
4.822689228803355533e-14
4.473094065790761917e-14
4.148643211195880665e-14
3.847676031203357772e-14
3.568373736944259087e-14
3.309230450227630480e-14
3.068711032648897668e-14
2.845614495815093455e-14
2.638572402066953938e-14
2.446557526054262933e-14
2.268340400147305281e-14
2.102992341617576733e-14
1.949653134305177020e-14
1.807359299253219041e-14
1.675369099756637920e-14
1.552926109618654386e-14
1.439330683496515853e-14
1.333953054804427255e-14
1.236192415377850762e-14
1.145510544390236248e-14
1.061355781040467938e-14
9.833244013311589648e-15
9.109037343857288324e-15
8.437452056544438481e-15
7.814345156649727205e-15
7.236133548122673212e-15
6.699879063848258827e-15
6.202126487109014411e-15
5.740466497243381392e-15
5.312029929429255655e-15
4.914676896691456805e-15
4.545815673955541227e-15
4.203589776784816117e-15
3.886040440203057780e-15
3.591365718408386153e-15
3.317890404270821044e-15
3.064121082167102654e-15
2.828640153192619994e-15
2.610082481017273165e-15
2.407266558670281065e-15
2.219043693866354803e-15
2.044363957971539269e-15
1.882231935526351529e-15
1.731785078813900280e-15
1.592204502790649584e-15
1.462656347836709159e-15
1.342468550131331896e-15
1.230946771417221555e-15
1.127511461240563239e-15
1.031614418994271772e-15
9.426511332753347382e-16
8.602299802224354853e-16
7.838343170411083409e-16
7.130799567144081841e-16
6.475929437353139738e-16
5.869632571398955297e-16
5.309100012870205348e-16
4.791139451066723244e-16
4.312935428208714967e-16
3.871887537998532620e-16
3.465514614054412587e-16
3.091661277649747886e-16
2.748111109241578177e-16
2.432960855265958577e-16
2.144576710646300263e-16
1.881085998757731867e-16
1.641139237203104329e-16
1.422680536217668859e-16
1.225876924033011171e-16
1.048091253610191053e-16
8.885628273620086246e-17
7.462156142102612409e-17
6.199341812451965611e-17
5.087236522025468628e-17
4.115312331219526213e-17
3.274192969730284851e-17
2.553923421108014929e-17
1.945754540295032706e-17
1.440577783873370362e-17
1.029510592639086833e-17
7.036631830961526061e-18
