# bin_5_2
2.273772700879709611e-08
2.295902598832919194e-08
2.318287785713641948e-08
2.340815994733141022e-08
2.363573990167792478e-08
2.386515350437004142e-08
2.409625551929478839e-08
2.432891088092862510e-08
2.456296083709135478e-08
2.479823614693329383e-08
2.503403410034994073e-08
2.527184075771183887e-08
2.551375425979084187e-08
2.574822664418130746e-08
2.598696294912505497e-08
2.622578061781506058e-08
2.646444967452996480e-08
2.670279085174448549e-08
2.694041136543080911e-08
2.717720096485225567e-08
2.741286673260890654e-08
2.764799690290437124e-08
2.787960823326864144e-08
2.811017904725420365e-08
2.833848611917963815e-08
2.856419141976062189e-08
2.878691169550370917e-08
2.900648039190630513e-08
2.922252291778087739e-08
2.943454012748780982e-08
2.964231235832104436e-08
2.984536278266065662e-08
3.004381685326920927e-08
3.023668953863995559e-08
3.040586381384823498e-08
3.060503900030226928e-08
3.077933393790113054e-08
3.094699203760542054e-08
3.111571066400182527e-08
3.126141957056101843e-08
3.140474941109791683e-08
3.154086919306676632e-08
3.166811416462561060e-08
3.178619784734433524e-08
3.189427313664412128e-08
3.199251502745251807e-08
3.208006608153526040e-08
3.215682277543101307e-08
3.222247368480663377e-08
3.227632761599549839e-08
3.231813834217322916e-08
3.234763914914276907e-08
3.236440217691654264e-08
3.236866759076478335e-08
3.235814077429735715e-08
3.233463701256316434e-08
3.229708917092228861e-08
3.224518903293895328e-08
3.217857181128218006e-08
3.209715428784798958e-08
3.200065690925526561e-08
3.188882167478168472e-08
3.176333312718071478e-08
3.161849985628396570e-08
3.145976094406193594e-08
3.128601083353257507e-08
3.109434202651314722e-08
3.088775491405599030e-08
3.066506949413370552e-08
3.042625888509962050e-08
3.017192315910278344e-08
2.990231958788005171e-08
2.961564219453360709e-08
2.931422354629959886e-08
2.899774047823398393e-08
2.866617600249277487e-08
2.832041690538812914e-08
2.795945148071752235e-08
2.758511485400709737e-08
2.719741355483330293e-08
2.679735628672935723e-08
2.638357361359601993e-08
2.595869496841133537e-08
2.552255998655017394e-08
2.507585457817489147e-08
2.461986302187196310e-08
2.415365758133451642e-08
2.368104703295920062e-08
2.319808508361062318e-08
2.271027793760255245e-08
2.221563159744555401e-08
2.171492728081415570e-08
2.121329113680409234e-08
2.070741854805043619e-08
2.019839182439723467e-08
1.968860203544681411e-08
1.917849817143055284e-08
1.866899095067576640e-08
1.816124831952730007e-08
1.765598772588924816e-08
1.715417535846297229e-08
1.665706044433590568e-08
1.616530109399380966e-08
1.567827738284595716e-08
1.519910025085808971e-08
1.472674123427821934e-08
1.426273489377753212e-08
1.380732476307152422e-08
1.336125440271029668e-08
1.292419073776703690e-08
1.249722478104015499e-08
1.208056778188289863e-08
1.167379392016241129e-08
1.127764063693027392e-08
1.089217643750915422e-08
1.051675864349618735e-08
1.015192472961227812e-08
9.797477318775964203e-09
9.452913075171074527e-09
9.117947624588700571e-09
8.792752332053407729e-09
8.476409156312597238e-09
8.169555271852757895e-09
7.870082656671460825e-09
7.579139678163834165e-09
7.295878383210679274e-09
7.020294681678194081e-09
6.751274871803008864e-09
6.489296255506196777e-09
6.234363660169273139e-09
5.985425173685978714e-09
5.743300720749396798e-09
5.507442889932258881e-09
5.278223767034645227e-09
5.055394942257429592e-09
4.839405998229830085e-09
4.630177210294070990e-09
4.427964721309829762e-09
4.232934115145099071e-09
4.045249946447597017e-09
3.865024949028530017e-09
3.692350159089467564e-09
3.527251851976700652e-09
3.369664074441858414e-09
3.219491608834180693e-09
3.076619913367066687e-09
2.940578277924084770e-09
2.811111660054780632e-09
2.687976985935073262e-09
2.570711230869406122e-09
2.458967854910679277e-09
2.352162828892505936e-09
2.250178340346041318e-09
2.152468411928273671e-09
2.058935870136196459e-09
1.969322543781376474e-09
1.883479374494202631e-09
1.801304647763795390e-09
1.722728619359172592e-09
1.647738605391867953e-09
1.576203340892175694e-09
1.508078370547492241e-09
1.443265568545043106e-09
1.381746182791588831e-09
1.323254528197299516e-09
1.267692201909119900e-09
1.214850929880616335e-09
1.164537527344148409e-09
1.116656899117227259e-09
1.070957743605177627e-09
1.027343993977739389e-09
9.856945258441803426e-10
9.459217165715998047e-10
9.079579660335736197e-10
8.717347598915734291e-10
8.371918393961443061e-10
8.042543006862758904e-10
7.728369707620360414e-10
7.428464712524057991e-10
7.141872317373832316e-10
6.867721071676211769e-10
6.605276965233028967e-10
6.353880303337221176e-10
6.113185141584549996e-10
5.882576544441190054e-10
5.661609804176601996e-10
5.449762988023045873e-10
5.246499282727900549e-10
5.050734350240101510e-10
4.863765773753448479e-10
4.683471216856811089e-10
4.510080106278416171e-10
4.343256914475078795e-10
4.182672308367919964e-10
4.028003821960165457e-10
3.878948003969347365e-10
3.735231693730351727e-10
3.596609612815984474e-10
3.462851393621308501e-10
3.333734420181863069e-10
3.209047045498865872e-10
3.088594682553594795e-10
2.972199909033778956e-10
2.859696930572451307e-10
2.750928246034252117e-10
2.645745904131057051e-10
2.544012745647535505e-10
2.445601678543030177e-10
2.350393936800491718e-10
2.258277239182026570e-10
2.169146050708363544e-10
2.082901407138389959e-10
1.999450731245953311e-10
1.918707388224112750e-10
1.840589680483852135e-10
1.765020995594952611e-10
1.691928783565312131e-10
1.621244413901989855e-10
1.552902806434531948e-10
1.486841732430283740e-10
1.423001927232044975e-10
1.361326437787203720e-10
1.301760525974060771e-10
1.244251472901607678e-10
1.188748145301128601e-10
1.135201101155860294e-10
1.083562136398172819e-10
1.033784339878954364e-10
9.858218242995565125e-11
9.396296641698476869e-11
8.951637446611691380e-11
8.523807167020761954e-11
8.112378617904885424e-11
7.716930491193797356e-11
7.337046996755726641e-11
6.972316283745574257e-11
6.622331936089900629e-11
6.286690508414078797e-11
5.964992715726611004e-11
5.656843040518491363e-11
5.361848420642725349e-11
5.079619194384376866e-11
4.809771734928580350e-11
4.551922688159771082e-11
4.305693425645766052e-11
4.070708434511010842e-11
3.846597495847670332e-11
3.632993060858479464e-11
3.429533347005063167e-11
3.235860667418216686e-11
3.051622187689477924e-11
2.876471253032409466e-11
2.710065511964973902e-11
2.552069748137660514e-11
2.402153974701894135e-11
2.259994774326452228e-11
2.125275834202803903e-11
1.997686698690957536e-11
1.876925124377420829e-11
1.762695179728751600e-11
1.654708843776844296e-11
1.552683940632267594e-11
1.456351195411014972e-11
1.365444229533501138e-11
1.279705858612122966e-11
1.198887576667660180e-11
1.122748926136387615e-11
1.051057390246216887e-11
9.835892765777323904e-12
9.201284044321767857e-12
8.604672779066600751e-12
8.044062013770122004e-12
7.517533959958808709e-12
7.023252943188048985e-12
6.559455962198155103e-12
6.124460468202776005e-12
5.716655630103531408e-12
5.334482309027551352e-12
4.976522393437443113e-12
4.641354419618789792e-12
4.327651667549322700e-12
4.034150032465931215e-12
3.759650274263983129e-12
3.503014713472192411e-12
3.263163075855773839e-12
3.039074281962944205e-12
2.829779594891842513e-12
2.634364397691460696e-12
2.451964096000937500e-12
2.281734698840790886e-12
2.122962119200747482e-12
1.974890185295322527e-12
1.836835000403175038e-12
1.708151934453412070e-12
1.588234085661173182e-12
1.476511680009823918e-12
1.372448111636078305e-12
1.275540354645934263e-12
1.185315274481377689e-12
1.101283767101980442e-12
1.023101093792294635e-12
9.503767444796730364e-13
8.827201871706474229e-13
8.197894418186136104e-13
7.612643190368558750e-13
7.068453218537241187e-13
6.562350791439003434e-13
6.092081736641819119e-13
5.654995776901455605e-13
5.248816488939531188e-13
4.871132790300667612e-13
4.520525603153166359e-13
4.194830989507537230e-13
3.892319811306452503e-13
3.611375322216636833e-13
3.350481368992331264e-13
3.108239459688769420e-13
2.883332880264521172e-13
2.674546537853491242e-13
2.480739253480895733e-13
2.300466592675068640e-13
2.133453224430159452e-13
1.978485694306213301e-13
1.834683697708307098e-13
1.701246018646328097e-13
1.577423063265161866e-13
1.462571190105606082e-13
1.356018202135952586e-13
1.257143406963824537e-13
1.165452527421940547e-13
1.080407102358758457e-13
1.001532002428352285e-13
9.283593999776257352e-14
8.605108481985303238e-14
7.975894248577790149e-14
7.392379400407947169e-14
6.851260077689945331e-14
6.349487338393406121e-14
5.884398356209097432e-14
5.452993765159647695e-14
5.053032547304748963e-14
4.682234049626944621e-14
4.338418968051426501e-14
4.019594297086268408e-14
3.724312709757778318e-14
3.450331296237570316e-14
3.196380959406997391e-14
2.960966355576667278e-14
2.742782185831838886e-14
2.540429830251345931e-14
2.352827543769240813e-14
2.178975392083741175e-14
2.017803123459068296e-14
1.868396468100270999e-14
1.729878709804738323e-14
1.601435696596485885e-14
1.482372746384656589e-14
1.372018350793265016e-14
1.269686266952113669e-14
1.174801790423012059e-14
1.086810268666596413e-14
1.005242325208984988e-14
9.296159960901714539e-15
8.594843893076437563e-15
7.944325561475787833e-15
7.341058121783714455e-15
6.781905019418349880e-15
6.262997724770935128e-15
5.781827666350430420e-15
5.335569660320713870e-15
4.921423851230336167e-15
4.537343155879653973e-15
4.181241014362362835e-15
3.850812859591800995e-15
3.544277306998100826e-15
3.259936888382901846e-15
2.996217593664226603e-15
2.751360184229983571e-15
2.524326102066640496e-15
2.313836381637118310e-15
2.118485813879701750e-15
1.937406194430042035e-15
1.769409257058786770e-15
1.613673915984750781e-15
1.469321432110365347e-15
1.335556180277250539e-15
1.211508161276171224e-15
1.096889898134868334e-15
9.907014407245701640e-16
8.925215239454111778e-16
8.017768017950381678e-16
7.180524228915246443e-16
6.408337067661781422e-16
5.696969753449961096e-16
5.042821188730769889e-16
4.442041746027331365e-16
3.891496868474920060e-16
3.388185715580910684e-16
2.929472434617725211e-16
2.513019408953309539e-16
