# bin_5_5
3.156027344776666663e-08
3.194577912088471008e-08
3.233770848968741639e-08
3.273627405263977979e-08
3.314132862474376564e-08
3.355282065553318911e-08
3.397068443404668675e-08
3.439486476509565278e-08
3.482527917533256637e-08
3.526183552722298433e-08
3.570399905166548563e-08
3.615305648906142249e-08
3.660745242870044430e-08
3.706757660779806208e-08
3.753325237683177984e-08
3.800455358711716338e-08
3.848082580600101634e-08
3.896211319228933808e-08
3.944833166680762938e-08
3.993915500067608873e-08
4.043438262293346618e-08
4.093542466024503504e-08
4.143771771904635760e-08
4.194494737484200560e-08
4.245557698432301557e-08
4.296937389638361689e-08
4.348632197177197836e-08
4.400489287097641267e-08
4.452606177429826188e-08
4.504892093330226981e-08
4.557322992444563491e-08
4.609851344033433430e-08
4.662423236521497978e-08
4.715038776842457368e-08
4.767622254790865599e-08
4.820090242662181336e-08
4.872467895882498873e-08
4.924662231749103968e-08
4.977668701400395514e-08
5.028512428874794969e-08
5.079656377155604279e-08
5.130607248521932925e-08
5.181106869418556906e-08
5.231092513044671044e-08
5.280511572274670006e-08
5.329274895476291725e-08
5.377452812835121206e-08
5.424635818889572879e-08
5.471094300425081934e-08
5.516637815400224364e-08
5.561202447663574575e-08
5.604715168675010440e-08
5.647101482268018197e-08
5.688288806115042982e-08
5.728194232094375930e-08
5.766756306113924208e-08
5.803889485970884203e-08
5.839507438634768675e-08
5.873522654007902216e-08
5.905791412585560056e-08
5.936529731524569938e-08
5.966448619831730642e-08
5.992656796116803838e-08
6.017195392881387838e-08
6.040084543453443293e-08
6.061060305541865432e-08
6.079398555091002390e-08
6.095684521998910880e-08
6.110054395530361908e-08
6.121280758434612157e-08
6.130244816262368111e-08
6.136530604698379809e-08
6.140310312328419003e-08
6.141422485166651045e-08
6.139803807748508887e-08
6.135356766250942593e-08
6.128226313492692903e-08
6.117847408382539058e-08
6.104681842052377936e-08
6.088522088681618846e-08
6.069509096053058185e-08
6.045934632203010453e-08
6.022101252213844957e-08
5.993250467683301759e-08
5.962123899336486839e-08
5.927048257662577410e-08
5.889053154579818698e-08
5.848047266383690938e-08
5.803915181106047667e-08
5.756788832815255500e-08
5.706359556731033581e-08
5.652995065881587486e-08
5.596625156353277702e-08
5.537630984246718978e-08
5.475070810242731814e-08
5.409984091955117341e-08
5.342158401055614803e-08
5.271743206075200900e-08
5.198553470217894131e-08
5.122960395205352364e-08
5.044976446393535988e-08
4.964835517562826444e-08
4.882587163373628536e-08
4.797855631609635721e-08
4.711587772775849281e-08
4.623426605879895035e-08
4.533731966995006550e-08
4.442585213668216905e-08
4.350205524464717193e-08
4.256630519292691438e-08
4.162101429756956687e-08
4.066946668298804466e-08
3.970841368613454890e-08
3.874458716493508719e-08
3.777943741199492701e-08
3.681063196456231832e-08
3.584442494288640110e-08
3.487980778528629020e-08
3.392051925036066357e-08
3.296631282537944899e-08
3.202037103921180938e-08
3.108289738739674351e-08
3.015677528777906769e-08
2.924178011470828618e-08
2.834073829041192759e-08
2.745381240987488409e-08
2.658328695283005804e-08
2.572730732048430701e-08
2.489049132352022491e-08
2.406936314429274936e-08
2.326745542881330345e-08
2.248477026357630981e-08
2.172189019294947208e-08
2.097691392418620907e-08
2.025101761045925164e-08
1.954575879095901285e-08
1.885904253415169906e-08
1.819045404723392730e-08
1.754099248223868918e-08
1.691011466925497947e-08
1.629582436332113354e-08
1.569955380853550635e-08
1.511889018640609329e-08
1.455461437635495928e-08
1.400608991357760101e-08
1.347173352193105204e-08
1.295208643806829292e-08
1.244693803728758046e-08
1.195417909677788325e-08
1.147522214180502971e-08
1.100925740012282855e-08
1.055613243846811004e-08
1.011577493850944679e-08
9.688184431404404639e-09
9.273460246623698573e-09
8.871660262060432324e-09
8.483145003635085394e-09
8.107558197891232395e-09
7.745608806631324706e-09
7.397406908936332260e-09
7.062789412625624941e-09
6.741793987756880495e-09
6.434665245361591546e-09
6.141141020215125013e-09
5.860999446629995208e-09
5.593917518456061771e-09
5.339469237740015898e-09
5.097137706151532246e-09
4.866321643299310447e-09
4.646538788052067155e-09
4.436751926720739368e-09
4.236677920528775758e-09
4.045595290161510816e-09
3.862924940859514087e-09
3.688191808590957650e-09
3.521029431372111002e-09
3.361116504681783322e-09
3.208219977238482160e-09
3.062160618803730956e-09
2.922793326702800323e-09
2.789977336056429723e-09
2.663556157491686160e-09
2.543406479338809352e-09
2.429089588199174007e-09
2.320606894377921545e-09
2.217417466278320533e-09
2.119315871698987293e-09
2.025934192629546891e-09
1.937027391171463560e-09
1.852329615990703874e-09
1.771615053542149720e-09
1.694728535922857686e-09
1.621487952565967737e-09
1.551747241806710577e-09
1.485347396196811771e-09
1.422113112208111250e-09
1.361878707176283836e-09
1.304469118139071668e-09
1.249727243366449828e-09
1.197511488676088902e-09
1.147691657039808390e-09
1.100151286528982572e-09
1.054775098763529222e-09
1.011350520704768292e-09
9.700619596482855979e-10
9.305059853566345034e-10
8.925943365529759643e-10
8.564221104270437954e-10
8.217965292893787989e-10
7.887403121305982033e-10
7.570036838870815783e-10
7.265213507466062992e-10
6.973811455952583572e-10
6.695037398503792886e-10
6.426935159938026269e-10
6.169648969690259999e-10
5.922644578569675540e-10
5.685420691472502022e-10
5.457509674364952977e-10
5.238472942805312812e-10
5.027897640911620461e-10
4.825394782752203001e-10
4.630599168079348903e-10
4.443169929757788975e-10
4.262787255181881294e-10
4.089149840390589721e-10
3.921974017367101555e-10
3.760992564974217615e-10
3.605953653131072042e-10
3.456620347335735940e-10
3.312769106081672831e-10
3.174189371496482185e-10
3.040682380206703070e-10
2.912060834965831619e-10
2.788147605333003491e-10
2.668774745936857649e-10
2.553783492772052302e-10
2.443022933228809803e-10
2.336349577077711819e-10
2.233627035520092959e-10
2.134724744859267150e-10
2.039518246870409886e-10
1.947888162650660418e-10
1.859719928080818828e-10
1.774903646399121201e-10
1.693274470271529319e-10
1.614850358583588717e-10
1.539471288136496618e-10
1.467041836616163150e-10
1.397469642751598867e-10
1.330665135402098759e-10
1.266541374991355421e-10
1.205013894746648940e-10
1.146000502033261776e-10
1.089421195507953774e-10
1.035197866693425196e-10
9.832547190224691795e-11
9.335174082593715554e-11
8.859134512407690658e-11
8.403720596039183047e-11
7.968240366529813625e-11
7.552017581808460391e-11
7.154416990455879836e-11
6.774738910083916873e-11
6.412378993275847280e-11
6.066719378571546756e-11
5.737156217948661390e-11
5.423099294269435640e-11
5.123970527280290578e-11
4.839209490747406600e-11
4.568516302422627726e-11
4.310838295401920498e-11
4.065917576395875927e-11
3.832592485272847777e-11
3.611703946254625128e-11
3.402079871740739707e-11
3.203249892806735904e-11
3.014757056645023986e-11
2.836157598839824394e-11
2.667021078785829942e-11
2.506929519316790241e-11
2.355478747957767305e-11
2.212276221844032305e-11
2.076938054365687131e-11
1.949107992872668549e-11
1.828426019635320059e-11
1.714550519257719478e-11
1.607150562184796521e-11
1.505909097636743978e-11
1.410519189001229684e-11
1.320686415438205362e-11
1.236128076364310105e-11
1.156571463759668991e-11
1.081756915484520583e-11
1.011433597913899287e-11
9.453627801872900808e-12
8.833155520588414904e-12
8.250723453276635051e-12
7.704249715143911828e-12
7.191727588073767605e-12
6.711259050733918501e-12
6.261025850272682490e-12
5.839295316731957885e-12
5.444428064694079761e-12
5.074781798238555378e-12
4.729018737811357221e-12
4.405649331610918663e-12
4.103334372417977272e-12
3.820808747966524531e-12
3.556864289782394777e-12
3.310370341665053457e-12
3.080246488958887217e-12
2.865477534061805019e-12
2.665104834942769510e-12
2.478217805714173222e-12
2.303966564911095333e-12
2.141541132769837573e-12
1.990184301625186918e-12
1.849181193535910961e-12
1.717770539396650997e-12
1.595502190967950546e-12
1.481685554286337425e-12
1.375764925618756142e-12
1.277215110797301105e-12
1.185543617746418360e-12
1.100291596506591974e-12
1.021024498443346454e-12
9.473397546069926577e-13
8.788567512295354143e-13
8.152207585887570204e-13
7.561011625190815420e-13
7.012007878125258710e-13
6.501888140632031351e-13
6.028227565195948687e-13
5.588464963211123938e-13
5.180264848988467117e-13
4.801405258462566697e-13
4.449829817072136253e-13
4.123646388347665589e-13
3.821004464208449393e-13
3.540298363087121564e-13
3.279924370839015880e-13
3.038480483484642328e-13
2.814553989405958667e-13
2.606986273682904961e-13
2.414525749817963399e-13
2.236133855668475863e-13
2.070780052763086791e-13
1.917540245914293653e-13
1.775502875267644982e-13
1.643910391264885983e-13
1.521960887181945638e-13
1.408991165162652540e-13
1.304326913912499240e-13
1.207367941566690709e-13
1.117549867292843898e-13
1.034358050376533819e-13
9.573043444544778841e-14
8.859438096623056026e-14
8.198608506726180611e-14
7.586552784741869407e-14
7.019833113910632859e-14
6.495086127983823918e-14
6.009183335635147164e-14
5.559266131103397118e-14
5.142728317881936074e-14
4.757051589955517524e-14
4.399974251314914465e-14
4.069424605895894703e-14
3.763399156728821698e-14
3.480061969345247925e-14
3.217770248235269105e-14
2.974976264680733120e-14
2.750191995963496350e-14
2.542107745708218866e-14
2.349479497651283800e-14
2.171152609500293172e-14
2.006029611971191322e-14
1.853186473215616322e-14
1.711683326421970801e-14
1.580674915675484956e-14
1.459385714867452334e-14
1.347076121302387600e-14
1.243092388220405503e-14
1.146812846877656186e-14
1.057657469546896494e-14
9.750924097868176317e-15
8.986676299381872455e-15
8.278827418016980525e-15
7.623390788339824935e-15
7.016440320952250585e-15
6.454502446075844377e-15
5.934080838539447133e-15
5.452279137758845849e-15
5.006112011523884461e-15
4.592971746154422052e-15
4.210486964907610252e-15
3.856337710821886056e-15
3.528487858158733825e-15
3.224975323892521971e-15
