# bin_4_2
2.167907276977342263e-08
2.188287046699123016e-08
2.208845191449605150e-08
2.229584701010241717e-08
2.250535359031827336e-08
2.271511409002907909e-08
2.292676256522195333e-08
2.313956888036181307e-08
2.335337579112032011e-08
2.356645241791491162e-08
2.378150809602467371e-08
2.399915500474615901e-08
2.421811870902954856e-08
2.443152838533573074e-08
2.464767653264392305e-08
2.486352538368227862e-08
2.507885736205092878e-08
2.529347146687634645e-08
2.550700556198553174e-08
2.571937614968827551e-08
2.593026188662651810e-08
2.613876378594918005e-08
2.634627372920277048e-08
2.655123335665133756e-08
2.675349470337280110e-08
2.695288608968700160e-08
2.714898834893630119e-08
2.734167868665239136e-08
2.753072639890944405e-08
2.771524269834270721e-08
2.789551794759446760e-08
2.807102589432986915e-08
2.824140180199195044e-08
2.840627466284922718e-08
2.854816826136990205e-08
2.871816587089533358e-08
2.886444877200332147e-08
2.900397813819954560e-08
2.914440500204081290e-08
2.926002169931098561e-08
2.937706155804782336e-08
2.948529330559502800e-08
2.958479252156588062e-08
2.967495556379095792e-08
2.975583255217793077e-08
2.982692307189788201e-08
2.988620651834561038e-08
2.995770303338577444e-08
2.997778596838603391e-08
3.000625401946891901e-08
3.002294943417278721e-08
3.002802278138556750e-08
3.002098782853845313e-08
3.000028515565326800e-08
2.996921082544362855e-08
2.992407541817228260e-08
2.986574957760891943e-08
2.979391933834073896e-08
2.970852337389195159e-08
2.960912411329473350e-08
2.949575156923167223e-08
2.936822594888334296e-08
2.922698939905181033e-08
2.907019097282708999e-08
2.889939959181533030e-08
2.871353395254461045e-08
2.851434149931452644e-08
2.830002630755603226e-08
2.807130926361195232e-08
2.782671143532906490e-08
2.757065672727893159e-08
2.729842038245070388e-08
2.701371354557397830e-08
2.671461772031071872e-08
2.640210151306615955e-08
2.607649615937494068e-08
2.573734608961918797e-08
2.538734902413033055e-08
2.502475822436388010e-08
2.465055741126091397e-08
2.426484968746523517e-08
2.386968128710315309e-08
2.346415344815319453e-08
2.304937952729569330e-08
2.262815339681537627e-08
2.219406840138261126e-08
2.175584262097983400e-08
2.131099411093572258e-08
2.085963766945710183e-08
2.040327468755393677e-08
1.994347222021084830e-08
1.947990210398049894e-08
1.901375215656001901e-08
1.854558575505498566e-08
1.807715458543957973e-08
1.760842807128179168e-08
1.714050026494924621e-08
1.667398290211843647e-08
1.621049407152886145e-08
1.575004727793753691e-08
1.529365694241864832e-08
1.484186904449879921e-08
1.439619451387989162e-08
1.395630738175540969e-08
1.352308447885868814e-08
1.309761116315809122e-08
1.267975537305787033e-08
1.227016484128000968e-08
1.186901413470463702e-08
1.147717363971730861e-08
1.109430988224005122e-08
1.072059046691898498e-08
1.035671945430985131e-08
1.000215345516922298e-08
9.657205242122279392e-09
9.321491472149294372e-09
8.995066889151806147e-09
8.677947803952014117e-09
8.369819860481757588e-09
8.070500268953384873e-09
7.779378273551243554e-09
7.496620628141712515e-09
7.221723142817519943e-09
6.953957273136151773e-09
6.693693684849017667e-09
6.440352993172053475e-09
6.193826464688290814e-09
5.953581991662389017e-09
5.719832992801677245e-09
5.492174970344239981e-09
5.270556254795226901e-09
5.054911065316750575e-09
4.845455839917414714e-09
4.641935906251164088e-09
4.444695048188954885e-09
4.253591588453477734e-09
4.069161891163916307e-09
3.890757048827623067e-09
3.719204241822109737e-09
3.554365743232077598e-09
3.395219910750348354e-09
3.245004213219877256e-09
3.100478010402589275e-09
2.962599159067359719e-09
2.831238562175741470e-09
2.706224582696030101e-09
2.587175240941110727e-09
2.474055698779691782e-09
2.365943078458366401e-09
2.263110218118750373e-09
2.165028436944760428e-09
2.071269929793483526e-09
1.981674648404546521e-09
1.895868736652371276e-09
1.813734868148716315e-09
1.735085590574159973e-09
1.659802465110981909e-09
1.587799806868401960e-09
1.519011358777712193e-09
1.453403000918910073e-09
1.390862999861497724e-09
1.331318849214196983e-09
1.274672941060202323e-09
1.220870249645220809e-09
1.169688021720232295e-09
1.121029764521106155e-09
1.074713728467574062e-09
1.030601892441116984e-09
9.885529957369588515e-10
9.484260091611296828e-10
9.101235548361672352e-10
8.735440440015740702e-10
8.386112731499702922e-10
8.052623587801565813e-10
7.734308648383990100e-10
7.430578045565104850e-10
7.140729929058890880e-10
6.864008003110755116e-10
6.599617981599821384e-10
6.346766111203712850e-10
6.104970513268226230e-10
5.872910579670449422e-10
5.650987579432646246e-10
5.437884183622704134e-10
5.233806522237532811e-10
5.038290948523020495e-10
4.850538341819289387e-10
4.670184747605755042e-10
4.496564518579855176e-10
4.330320637011810607e-10
4.170040775916723683e-10
4.015828399117200884e-10
3.867334783521824046e-10
3.724308742569987614e-10
3.586471203202665894e-10
3.453551845810166727e-10
3.325336710402588227e-10
3.201599480477999290e-10
3.082147747595916759e-10
2.966791525273074053e-10
2.855346750422084796e-10
2.747651472652192767e-10
2.643550869412213919e-10
2.542902963458321921e-10
2.445573219896050007e-10
2.351434370960301004e-10
2.260369078432836028e-10
2.172267654606313400e-10
2.087028161074154359e-10
2.004553378128763736e-10
1.924752140101229915e-10
1.847539793286445294e-10
1.772835447396581938e-10
1.700564175477303847e-10
1.630655074505346835e-10
1.563040987306094147e-10
1.497658406136697023e-10
1.434447031706941787e-10
1.373349497001305168e-10
1.314310508080573381e-10
1.257277464183540065e-10
1.202199777050791696e-10
1.149028146238955821e-10
1.097715336652456731e-10
1.048215443624878821e-10
1.000483555926402384e-10
9.544761209028058121e-11
9.101504867688190542e-11
8.674647682300577290e-11
8.263780344303724143e-11
7.868498433789647023e-11
7.488405019515578102e-11
7.123106158267431567e-11
6.772216999034068767e-11
6.435354513744170738e-11
6.112138151773527324e-11
5.802194054766094100e-11
5.505150044566475135e-11
5.220637422920734093e-11
4.948292520156273353e-11
4.687752078476532435e-11
4.438658678378375292e-11
4.200656708168980577e-11
3.973394092100292833e-11
3.756523570829874637e-11
3.549699776919498523e-11
3.352583153142043011e-11
3.164837050147324892e-11
2.986130175648919091e-11
2.816135721207748426e-11
2.654531718588362266e-11
2.501001813942892120e-11
2.355234945015096974e-11
2.216925924135203668e-11
2.085775458654723120e-11
1.961490775168775701e-11
1.843784908123228863e-11
1.732378258307815680e-11
1.626997530949117801e-11
1.527376359465441698e-11
1.433256071989108665e-11
1.344331768627073084e-11
1.260467441995450197e-11
1.181370320675963219e-11
1.106810529610695875e-11
1.036566310681591923e-11
9.704233889744760945e-12
9.081748337073455109e-12
8.496218772838331915e-12
7.945726355830223235e-12
7.428432086806798895e-12
6.942568196649727216e-12
6.486439070129490525e-12
6.058423954435231177e-12
5.656967796349029773e-12
5.280588552395402559e-12
4.927868753913681647e-12
4.597435298584813485e-12
4.288048653107083563e-12
3.998458935663732652e-12
3.727503657578609897e-12
3.474076013680057756e-12
3.237227179934649256e-12
3.015754477952163286e-12
2.808825964478335266e-12
2.615546455490720366e-12
2.435073217032379737e-12
2.266610492683966800e-12
2.109402158257987916e-12
1.962741838668664868e-12
1.825956474968673373e-12
1.698416490674015137e-12
1.579527791360703517e-12
1.468729126481702058e-12
1.365497274416184193e-12
1.269335318183515622e-12
1.179780446951896902e-12
1.096396133360785635e-12
1.018727282254029735e-12
9.464623304492648533e-13
8.792157119520593989e-13
8.166746287610681037e-13
7.584983076925761099e-13
7.043913775046814647e-13
6.540773758674526309e-13
6.072978038777539376e-13
5.638061015097144457e-13
5.233630703273859277e-13
4.858006713233307061e-13
4.508968225231778599e-13
4.184594926498767219e-13
3.883337778797590553e-13
3.603502143419096826e-13
3.343599107195694127e-13
3.102236756114983831e-13
2.878109416139651549e-13
2.670013757602007523e-13
2.476816507138509658e-13
2.297472477368697235e-13
2.130999713698322874e-13
1.976101734253895359e-13
1.832642275144375485e-13
1.699535342255428859e-13
1.576020576679915686e-13
1.461408316789218965e-13
1.355052878538521808e-13
1.256406839935303670e-13
1.164888194849688979e-13
1.079960161458146573e-13
1.001205567366718568e-13
9.281584934844304121e-14
8.604110136250752607e-14
7.975581523333713724e-14
7.392792418896914505e-14
6.852314114173667453e-14
6.351076431595323212e-14
5.886242388847899273e-14
5.455275137188770013e-14
5.055673208264085648e-14
4.685052131036645394e-14
4.341436785471354079e-14
4.022867185660264611e-14
3.727463332259658359e-14
3.453510954882413862e-14
3.199814682935674712e-14
2.964400516256603077e-14
2.746150634895474261e-14
2.543842097841781987e-14
2.356337227320121621e-14
2.182416125247298012e-14
2.021186536539023771e-14
1.871721484062970763e-14
1.733172164244865860e-14
1.604729073309581713e-14
1.485636899012250521e-14
1.375195413165433104e-14
1.272811308383141409e-14
1.177912960684123709e-14
1.089903531428028330e-14
1.008293211409137537e-14
9.326084942401798426e-15
8.624327594499756380e-15
7.973705768425035972e-15
7.370305672529811880e-15
6.810541761979964455e-15
6.291394096907877368e-15
5.810253926658851598e-15
5.363610851383316748e-15
4.949452587896367026e-15
4.565332394672363915e-15
4.208825152753243957e-15
3.878187958884347535e-15
3.571646771299553043e-15
3.287204345084614262e-15
3.023326274070865863e-15
2.778566439969385053e-15
2.551583369061386990e-15
2.340827219339550192e-15
2.145460498856850882e-15
1.964298509011974851e-15
1.796321629696287833e-15
1.640613059439853429e-15
1.496203653543435853e-15
1.362391250617033203e-15
1.238429935300067997e-15
1.123627518247686834e-15
1.017242278568535883e-15
9.190492962174543042e-16
8.281572971867165374e-16
7.442239902228607624e-16
6.667469419244086221e-16
5.953839194187274549e-16
5.296832157793157607e-16
4.692813165263854693e-16
4.138652103213449378e-16
3.631080443374240452e-16
3.167323646274664422e-16
2.744803707154289078e-16
2.361178729278543584e-16
2.014397420745707380e-16
