# bin_2_1
1.285706045341769274e-08
1.292786328729465745e-08
1.299794437649175741e-08
1.306778661137266943e-08
1.313575084822239229e-08
1.320313529085583361e-08
1.326936348073263218e-08
1.333432549021044982e-08
1.339789515652639623e-08
1.345994020720133206e-08
1.351943037398319612e-08
1.357900596383705721e-08
1.363574801719989525e-08
1.369046294858673877e-08
1.374299288902638750e-08
1.379321146531734535e-08
1.384098090464907122e-08
1.388618679945612318e-08
1.392857715912609036e-08
1.396812483373074768e-08
1.400466191456460755e-08
1.403836218624058606e-08
1.406803728298428860e-08
1.409461881228034561e-08
1.411757491989100663e-08
1.413680265136375473e-08
1.415211987264402882e-08
1.416344087677035875e-08
1.417059732220427949e-08
1.417337009696046308e-08
1.417176326423723674e-08
1.416561720276867740e-08
1.415478315449712908e-08
1.413911582437458299e-08
1.411853047608207900e-08
1.409288000456134918e-08
1.405987589764549158e-08
1.402608807106017567e-08
1.399126016942627421e-08
1.393845068086052479e-08
1.388570104105706177e-08
1.382786055949512108e-08
1.376447407571688454e-08
1.369526077680047891e-08
1.362039926397610443e-08
1.353980652567666262e-08
1.345340214778850260e-08
1.336122574393175306e-08
1.326320878914701294e-08
1.315953669287208004e-08
1.305005349373091385e-08
1.293486084752668944e-08
1.281400319425674686e-08
1.268734978771683978e-08
1.255553696319463310e-08
1.241816513667434992e-08
1.227545626654144976e-08
1.212749967768162530e-08
1.197450607140000309e-08
1.181653722593725619e-08
1.165383668506883794e-08
1.148653146551477750e-08
1.131556243546003975e-08
1.113892626633024449e-08
1.095901092845809438e-08
1.077549939579570159e-08
1.058814954402896112e-08
1.039768360789058663e-08
1.020417986738350184e-08
1.000684252780633072e-08
9.809220608578190051e-09
9.608324594882428749e-09
9.405525233316427158e-09
9.201143754567758642e-09
8.995463479566399852e-09
8.788868120232534500e-09
8.581485847625592349e-09
8.373808769371883873e-09
8.166075483282591523e-09
7.958646663908096721e-09
7.751717667466662127e-09
7.545699480232866923e-09
7.340842202215657382e-09
7.137453771645446741e-09
6.935780163440672750e-09
6.736139687177194801e-09
6.538721595476631922e-09
6.343826781420834210e-09
6.151658186017198799e-09
5.962439060470164382e-09
5.776347178218547503e-09
5.593578924109222124e-09
5.414276063424439090e-09
5.238575403234438426e-09
5.066581078073397036e-09
4.898402898435971504e-09
4.734089694888324953e-09
4.573758988770649531e-09
4.417311408917694341e-09
4.264883393237294438e-09
4.116422157628827883e-09
3.971925003809205611e-09
3.831430581688024965e-09
3.694654373507630522e-09
3.561777181249730866e-09
3.432663770643193368e-09
3.307226776738188711e-09
3.185387819705653266e-09
3.067061011003162570e-09
2.952155970892917386e-09
2.840586034620695325e-09
2.732246930733017394e-09
2.627098819523536391e-09
2.525018683506546360e-09
2.425959076331192803e-09
2.329848751182619489e-09
2.236637884245561475e-09
2.146269350184202858e-09
2.058734825040820816e-09
1.973976160237139961e-09
1.891979247017300535e-09
1.812724821967559813e-09
1.736201841814599747e-09
1.662402541684505663e-09
1.591318336514277949e-09
1.522929748365958214e-09
1.457230359619475508e-09
1.394192830000458375e-09
1.333789000072804192e-09
1.275980234991022697e-09
1.220714964245511717e-09
1.167931615988695874e-09
1.117565262158423250e-09
1.069528264739598324e-09
1.023724461400679481e-09
9.800621118897382760e-10
9.384350290685664085e-10
8.987362691978306103e-10
8.608578920905624849e-10
8.247001084057678050e-10
7.901559959015015853e-10
7.571407271086378128e-10
7.255760314796353337e-10
6.953799421183529625e-10
6.665072828907703052e-10
6.388931638207016174e-10
6.124991884473000111e-10
5.872902787188919825e-10
5.632228295799036467e-10
5.402660615819916709e-10
5.183814494893360885e-10
4.975200681805101113e-10
4.776439629868008967e-10
4.586988998275501499e-10
4.406338082458132972e-10
4.233954451070993976e-10
4.069320888600877450e-10
3.911962846341240545e-10
3.761453570465828471e-10
3.617450778734210294e-10
3.479552452211684709e-10
3.347592438364185642e-10
3.221213244058265280e-10
3.100287936695477329e-10
2.984429350465888285e-10
2.873491202840961678e-10
2.767118077812049669e-10
2.665091315295651527e-10
2.567159551029847530e-10
2.473058856286419817e-10
2.382631146143821323e-10
2.295647132514255345e-10
2.212019284224557671e-10
2.131533210012963016e-10
2.054042137528468590e-10
1.979405645636226257e-10
1.907469611202771638e-10
1.838098621334806564e-10
1.771171866448304776e-10
1.706560204808957294e-10
1.644191415080287941e-10
1.583968178385873377e-10
1.525763541252501957e-10
1.469503660724715538e-10
1.415091830691304673e-10
1.362477957989079878e-10
1.311592049983574673e-10
1.262341346030777473e-10
1.214664364980535693e-10
1.168526046002584424e-10
1.123858951890396707e-10
1.080613605692821857e-10
1.038741688004885681e-10
9.981982427053037511e-11
9.589414608685994220e-11
9.209314815128074556e-11
8.841315999757457404e-11
8.485064722016133365e-11
8.140231616007165323e-11
7.806502344612318832e-11
7.483575868757886957e-11
7.171173272209321764e-11
6.869021216253654784e-11
6.576864465113129935e-11
6.294456786324074774e-11
6.021559336654520584e-11
5.757943243795633768e-11
5.503386697144667434e-11
5.257676466559406634e-11
5.020600734625904108e-11
4.791954344829122012e-11
4.571539295085035099e-11
4.359156438154418509e-11
4.154612949342664741e-11
3.957755982302179427e-11
3.768320189252705275e-11
3.586158653618197947e-11
3.411087110216046759e-11
3.242923607100129645e-11
3.081486417914378936e-11
2.926596565388265843e-11
2.778075463672849554e-11
2.635746101259563875e-11
2.499433065031389864e-11
2.368961443572252317e-11
2.244158404300044017e-11
2.124851783070970543e-11
2.010871302619229521e-11
1.902047892841749058e-11
1.798214143355904133e-11
1.699204311957495549e-11
1.604854502857960296e-11
1.515002736461243825e-11
1.429489083032702210e-11
1.348156024700844063e-11
1.270848004725463805e-11
1.197412506105565013e-11
1.127699226217258076e-11
1.061560796625021422e-11
9.988529264718454407e-12
9.394338686263941935e-12
8.831643856120924003e-12
8.299118326228963122e-12
7.795432634525822370e-12
7.319304834078575897e-12
6.869484574333492096e-12
6.444763939995741987e-12
6.043963531323465034e-12
5.665946655149150230e-12
5.309610583812326206e-12
4.973888260728575078e-12
4.657754294315303909e-12
4.360213784450987445e-12
4.080315036007338941e-12
3.817138807979907238e-12
3.569802784031556960e-12
3.337463297341242476e-12
3.119306914776369338e-12
2.914560703018115941e-12
2.722481232206440136e-12
2.542360461842611888e-12
2.373505320480084576e-12
2.215307401077352960e-12
2.067135877467036346e-12
1.928405393326488601e-12
1.798562160633756136e-12
1.677079839925282515e-12
1.563457529716378137e-12
1.457223451250813506e-12
1.357927395578001259e-12
1.265145901097302714e-12
1.178477376480039315e-12
1.097541887410437368e-12
1.021982493621700651e-12
9.514600693743288110e-13
8.856568815723533567e-13
8.242722351838497147e-13
7.670016716652536934e-13
7.136243455812160407e-13
6.638659590203070006e-13
6.174920557578313754e-13
5.742810069824234260e-13
5.340253593922913710e-13
4.965306370810768124e-13
4.616135606088009972e-13
4.291034044391916849e-13
3.988390232794046880e-13
3.706702278911318527e-13
3.444562758022930469e-13
3.200481346438085240e-13
2.973575919332810845e-13
2.762511221384420311e-13
2.566207708836694867e-13
2.383657405063290040e-13
2.213814799636302285e-13
2.055991016451621102e-13
1.909279737101381460e-13
1.772893067288448533e-13
1.645921218976040042e-13
1.528184503999800075e-13
1.418782014337434803e-13
1.317135986534719490e-13
1.222703319739380389e-13
1.134979189763781581e-13
1.053496091346962339e-13
9.778141920081833055e-14
9.075280714986837315e-14
8.422556993964584293e-14
7.816440258525603915e-14
7.253656857237862733e-14
6.728707437006514515e-14
6.243379654888317331e-14
5.792747034169351090e-14
5.374326387575631886e-14
4.986022977735165636e-14
4.625578776638021016e-14
4.290972822117761662e-14
3.980403168828716499e-14
3.692246377306768300e-14
3.424685268828164268e-14
3.176533679708132840e-14
2.946025840384295709e-14
2.732300547082805531e-14
2.533944905117608015e-14
2.349902261062264329e-14
2.179059345407507865e-14
2.020600254891832507e-14
1.873522385821245939e-14
1.737129829802172853e-14
1.610510590414810305e-14
1.493023296243052294e-14
1.384066616798004517e-14
1.282953884475835536e-14
1.189151138171937557e-14
1.102125461235643138e-14
1.021377560883314543e-14
9.464632724989944814e-15
8.769336596513259692e-15
8.124739205491475044e-15
7.526186078402319264e-15
6.970925220015829211e-15
6.455968947853401459e-15
5.978161334523575200e-15
5.534762591922567185e-15
5.123110850866554614e-15
4.741528041145257134e-15
4.387132342472953045e-15
4.058422222192450921e-15
3.753303786267085523e-15
3.470311905959027504e-15
3.207602680588923525e-15
2.963712166095769407e-15
2.737348798127607499e-15
2.527461825232848784e-15
2.332548993670128614e-15
2.151736654947926843e-15
1.983863570792678207e-15
1.828086980438161590e-15
1.683538121679060738e-15
1.549405825175649770e-15
1.424933103489790578e-15
1.309416746275644566e-15
1.202265633038228857e-15
1.102867632773653229e-15
1.010636714157315697e-15
9.251788626555643423e-16
8.458987922603559095e-16
7.724317884870814207e-16
7.043781537237937019e-16
6.413125268750799714e-16
5.829728222561227334e-16
5.289747023275223041e-16
4.790542668035756315e-16
4.329525864808124102e-16
3.903639868421771925e-16
3.510985151249941692e-16
3.149298911854154563e-16
2.816486926802323723e-16
2.510802185364542087e-16
2.230339856378968597e-16
1.973654683070516610e-16
1.739080354989631099e-16
1.525245550716790619e-16
1.330884942386919196e-16
1.154762508282500759e-16
9.957094823503554347e-17
8.522996444003322513e-17
7.244975115125470035e-17
6.103951955695900362e-17
5.093539817865820602e-17
4.204865395734199644e-17
3.429257598536262868e-17
2.758152237506189208e-17
2.183225746042004317e-17
1.696395362459893793e-17
1.289570455773631980e-17
9.552125324289658992e-18
6.857494019139129648e-18
4.737404534177011257e-18
3.119171865808365287e-18
