# bin_4_4
2.646068105952325387e-08
2.675066863283148940e-08
2.704463194940191792e-08
2.734262358763474621e-08
2.764438446934462137e-08
2.795048431009517954e-08
2.825895935952677600e-08
2.857155313611223145e-08
2.888752165210163851e-08
2.920351135293382788e-08
2.952881510978922416e-08
2.983596054112463305e-08
3.018405425489732521e-08
3.051300984505403631e-08
3.084609014386587857e-08
3.118140301384262850e-08
3.151874488388956465e-08
3.185792756518949015e-08
3.219859178542712397e-08
3.254066512821919791e-08
3.288382611626703383e-08
3.322542200443496219e-08
3.357229704075768008e-08
3.391702446444941982e-08
3.426209660400713457e-08
3.460665852104483677e-08
3.495036836199523003e-08
3.529296685217962485e-08
3.563390027215711346e-08
3.597343358777924008e-08
3.631092322030182005e-08
3.664595319896400031e-08
3.697810566266469112e-08
3.730694504495491394e-08
3.763208551996949809e-08
3.795013873275277410e-08
3.826949266645955992e-08
3.858082918903380688e-08
3.889694781739830231e-08
3.918428191425916857e-08
3.948009703919766192e-08
3.976673873431971941e-08
4.004559736561840404e-08
4.031674126224427554e-08
4.057935172528547224e-08
4.083304197148920112e-08
4.107604117024613792e-08
4.133147374248443477e-08
4.153498145463650208e-08
4.174736632097049016e-08
4.194840374253199007e-08
4.213702080506191065e-08
4.231290365013828772e-08
4.247273968059007851e-08
4.262538271471229468e-08
4.275916031510060799e-08
4.287902370526310436e-08
4.298349468514908948e-08
4.307212768110788914e-08
4.314302391830156687e-08
4.319998514908871905e-08
4.323826141978838411e-08
4.325865625918788637e-08
4.326102611816801244e-08
4.324476671570951429e-08
4.320758251824650559e-08
4.315492122301520172e-08
4.308061346246831552e-08
4.298635159470872894e-08
4.286973069226928042e-08
4.273423827019475576e-08
4.257837344454833706e-08
4.240310257172324323e-08
4.220478384279212465e-08
4.198512621732547555e-08
4.174406777505158244e-08
4.147977271809052953e-08
4.119753894537786742e-08
4.089226426358739995e-08
4.056556581682340243e-08
4.021632784981573100e-08
3.984887329401297524e-08
3.945937182487795214e-08
3.904950494236873189e-08
3.861955172323928404e-08
3.816879335667100848e-08
3.770123944717454853e-08
3.721415067365962285e-08
3.670839480643585593e-08
3.618449921332363166e-08
3.564592688786443842e-08
3.509032164701212372e-08
3.451948795585259943e-08
3.393341050912720055e-08
3.333563038773869797e-08
3.272446671604238442e-08
3.210172794799375647e-08
3.146771454417883400e-08
3.082579363241857927e-08
3.017476222740097074e-08
2.951647234937997379e-08
2.885149294233592235e-08
2.818302247553307996e-08
2.751004967301993645e-08
2.683408583726411419e-08
2.615796968952305971e-08
2.548119990458601921e-08
2.480556086110460232e-08
2.413173857206802648e-08
2.346237528886732763e-08
2.279667188592085514e-08
2.213780473348625814e-08
2.148492163551397552e-08
2.084001478354743858e-08
2.020472540056133113e-08
1.957692510565372802e-08
1.896081641581876502e-08
1.835578396284027387e-08
1.776251228385220693e-08
1.718177818029666042e-08
1.661310897153440193e-08
1.605775879801097454e-08
1.551619173929236751e-08
1.498714755529625914e-08
1.447215949088445480e-08
1.397073551757935146e-08
1.348318845036241633e-08
1.300842741041598268e-08
1.254828242733797509e-08
1.209923628295239213e-08
1.166359234084775045e-08
1.124011723659710507e-08
1.082973643582944276e-08
1.042893927952901439e-08
1.004037053218966560e-08
9.662392619830917515e-09
9.295183381602132123e-09
8.936790733926718862e-09
8.588905187377357430e-09
8.250232714150510070e-09
7.919402034176749155e-09
7.600165434927985926e-09
7.288359843615676310e-09
6.985518281283655556e-09
6.691624727157332899e-09
6.406494252644942249e-09
6.130280161400097423e-09
5.863536408601865965e-09
5.605117973756317769e-09
5.356834728345275825e-09
5.117455368301853292e-09
4.887720669426974393e-09
4.667732299438911685e-09
4.457120157249361316e-09
4.256056539135167136e-09
4.064302682169274604e-09
3.881720073187322336e-09
3.707746550416367853e-09
3.542284686249746633e-09
3.384893169149640690e-09
3.234980271442066244e-09
3.092108269154442673e-09
2.955830562227326209e-09
2.825674378648911202e-09
2.701210895212353784e-09
2.582117777416815664e-09
2.468069169839485563e-09
2.358860623177039155e-09
2.254336361380838044e-09
2.154469501109136448e-09
2.058907676571618721e-09
1.967870403005408422e-09
1.881188314143999417e-09
1.798767928605544781e-09
1.720467576247117883e-09
1.646114769683933219e-09
1.575493220886797358e-09
1.508364644336958555e-09
1.444485086178044952e-09
1.383621384349011435e-09
1.325640121300609063e-09
1.270159438154812833e-09
1.217324500961318989e-09
1.166846414443029942e-09
1.118686967933877300e-09
1.072770366596896037e-09
1.029028339132714529e-09
9.873198897954605525e-10
9.475558309409283049e-10
9.096038708533318400e-10
8.733408687845905974e-10
8.386811815845178442e-10
8.055248177558351048e-10
7.738061162928939483e-10
7.434598053473770779e-10
7.144155737508798673e-10
6.866106409488397802e-10
6.599729802813737423e-10
6.343895003186862866e-10
6.099467734578613901e-10
5.864439207942169295e-10
5.638814638079550159e-10
5.422127373899290157e-10
5.213929541212908192e-10
5.013789261155529878e-10
4.821302879513904517e-10
4.636099178027494062e-10
4.457832710811841764e-10
4.286178216948559786e-10
4.120826623807740211e-10
3.961490041182468550e-10
3.807901375826228607e-10
3.659809230534567624e-10
3.516978413353188307e-10
3.379187710516971365e-10
3.246230218607653523e-10
3.117912729110571670e-10
2.994054231686841547e-10
2.874484612431600131e-10
2.759043103048105936e-10
2.647578778007519410e-10
2.539949443677504682e-10
2.436020593523193811e-10
2.335666140276817781e-10
2.238767154723728403e-10
2.145211138140128171e-10
2.054891960993262524e-10
1.967708974985053886e-10
1.883566393897971422e-10
1.802373212442686198e-10
1.724042296472923254e-10
1.648490391053408815e-10
1.575637397348560536e-10
1.505406647444884523e-10
1.437724066703151582e-10
1.372517860806220127e-10
1.309718890315756677e-10
1.249259890135075556e-10
1.191075496521174421e-10
1.135102317697505887e-10
1.081278189874748249e-10
1.029542731114326493e-10
9.798367354578343702e-11
9.321022336213483829e-11
8.862825870923860083e-11
8.423219781748507145e-11
8.001658423257250927e-11
7.597603812014428055e-11
7.210528129786173513e-11
6.839911770261579930e-11
6.485243290891239916e-11
6.146019546680014970e-11
5.821745202892246992e-11
5.511932738116826933e-11
5.216102411201612052e-11
4.933782698000744556e-11
4.664509160938067933e-11
4.407826467894788619e-11
4.163286584908027948e-11
3.930449778045268929e-11
3.708885409361073313e-11
3.498169757269129376e-11
3.297886899055166379e-11
3.107635977429727831e-11
2.927017646647490088e-11
2.755644442967220508e-11
2.593136713282112634e-11
2.439126094991699614e-11
2.293251447203995695e-11
2.155162582925774735e-11
2.024518438485816171e-11
1.900986873832826925e-11
1.784247052814234960e-11
1.673985972712292427e-11
1.569902116550918427e-11
1.471702825974500242e-11
1.379105065993842063e-11
1.291836606200504606e-11
1.209633224897094824e-11
1.132241897980930800e-11
1.059417867275127562e-11
9.909260483975961391e-12
9.265372807346662903e-12
8.660417805316383006e-12
8.092282750902713248e-12
7.558971123857580264e-12
7.058578342159911327e-12
6.589284326299613472e-12
6.149344709565915669e-12
5.737105239222590756e-12
5.350979371423412726e-12
4.989463045417754409e-12
4.651123218312577882e-12
4.334594892533349200e-12
4.038587910234213429e-12
3.761870644517253005e-12
3.503281054953858463e-12
3.261715126645418519e-12
3.036083463324866792e-12
2.825491820524560049e-12
2.628956609284667575e-12
2.445598465022600693e-12
2.274583913581436893e-12
2.115128189156694395e-12
1.966493104014396983e-12
1.827980400616967968e-12
1.698936440446959969e-12
1.578743180011558773e-12
1.466821473520524918e-12
1.362627429605290850e-12
1.265595921142133273e-12
1.175357689351023042e-12
1.091404814023380048e-12
1.013316235718664145e-12
9.406968971640830101e-13
8.731758446906363753e-13
8.104076166736399594e-13
7.520672713720342883e-13
6.978523674512581336e-13
6.474790112058217278e-13
6.006239749606489341e-13
5.571519921026040190e-13
5.167812131923578855e-13
4.792933592047880918e-13
4.444859149117997386e-13
4.121726135650302718e-13
3.821800582184472425e-13
3.543426475841017877e-13
3.285084698659589421e-13
3.045360008521569294e-13
2.822934283592675172e-13
2.616589973178097590e-13
2.425165912616471128e-13
2.247622257453844109e-13
2.082954206857256320e-13
1.930238919225111657e-13
1.788619604756838910e-13
1.657301397735839618e-13
1.535569882782503668e-13
1.422677375605778685e-13
1.318044098015010181e-13
1.221026223230927383e-13
1.131129204068745014e-13
1.047739897525801313e-13
9.705102434976488853e-14
8.989047138238056411e-14
8.325578466676392225e-14
7.710694243824923419e-14
7.140951406794781570e-14
6.612840452854547918e-14
6.123690290802320632e-14
5.670265172037691438e-14
5.250266737687664065e-14
4.861152677942216281e-14
4.500592364012138754e-14
4.166475876659018585e-14
3.856978595020377448e-14
3.570259965974440043e-14
3.304676555855512590e-14
3.058596558688442334e-14
2.830574920592059657e-14
2.619383352677999525e-14
2.423738089811915765e-14
2.242489538633916913e-14
2.074560373936799247e-14
1.919025652990554277e-14
1.774896146074957338e-14
1.641377081929563470e-14
1.517636907422122971e-14
1.403034061014332164e-14
1.296839156461350293e-14
1.198451289040129654e-14
1.107297954162288292e-14
1.022811653082602027e-14
9.445475220939674421e-15
8.720211800013761899e-15
8.048142203227759543e-15
7.425011040571741278e-15
6.847969364618272614e-15
6.312719508997994246e-15
5.817043038082331006e-15
5.357661462882569638e-15
4.931841739498865627e-15
4.537020360275864310e-15
4.171425640190629833e-15
3.832305799072149014e-15
3.517945602234302481e-15
3.226979882542150663e-15
2.957302087267225065e-15
2.707378088197067251e-15
2.475933544770874694e-15
2.261607897293379251e-15
2.063141994039476523e-15
1.879506409085121624e-15
1.709494225016026030e-15
1.552213101602376343e-15
1.406773821707425613e-15
1.272364776256420696e-15
1.148164926704221775e-15
1.033633462926709815e-15
