# bin_4_1
1.392861662406917612e-08
1.401416691955009371e-08
1.409922117465374054e-08
1.418380373729688903e-08
1.426818074173086533e-08
1.435063474355387658e-08
1.443268512724419417e-08
1.451366467498770018e-08
1.459343979984892368e-08
1.467186913268658975e-08
1.474682305226484233e-08
1.482418941138165955e-08
1.490026283093956963e-08
1.496951681545126983e-08
1.503916775852603470e-08
1.510661748189958392e-08
1.517171382714835876e-08
1.523432848282975852e-08
1.529417475003490681e-08
1.535125568482585811e-08
1.540534090406002987e-08
1.545548665266854640e-08
1.550382292382767128e-08
1.554787007675549152e-08
1.558834508885561681e-08
1.562496147117357813e-08
1.565756950129084883e-08
1.568605759891050136e-08
1.571034314306733221e-08
1.572984701217784903e-08
1.574487811230170985e-08
1.575513701120836856e-08
1.576044797892728343e-08
1.576063436881316727e-08
1.575558177001200417e-08
1.574510916804322842e-08
1.572911789113735295e-08
1.570751890029029864e-08
1.568736236833674028e-08
1.564611793967835461e-08
1.560735828582146797e-08
1.556187134267241244e-08
1.551017580847256720e-08
1.545216853198332958e-08
1.538777915892010740e-08
1.531695852177259060e-08
1.523896531574644393e-08
1.515567960563954930e-08
1.506518211896206970e-08
1.496814722015832803e-08
1.486432470082818239e-08
1.475396002979365744e-08
1.463702837019751444e-08
1.451228000401553614e-08
1.438330925374734883e-08
1.424678508897429400e-08
1.410385615173528073e-08
1.395458311184119900e-08
1.379911455491323046e-08
1.363759016951381300e-08
1.347017094352960457e-08
1.329695007559547915e-08
1.311813280613990002e-08
1.293394233039671700e-08
1.274448310047282138e-08
1.254950476372076742e-08
1.235091330983040436e-08
1.214725972688140907e-08
1.193941185265199233e-08
1.172599579468539656e-08
1.151202036814002102e-08
1.129321968756880831e-08
1.107125628844112137e-08
1.084664238590718951e-08
1.061963672233915739e-08
1.039060514030938150e-08
1.015984493491908199e-08
9.927821810112308532e-09
9.694837999132138414e-09
9.461151596977526544e-09
9.227258020935716336e-09
8.993488414883290401e-09
8.760185923415175365e-09
8.527730098052793997e-09
8.296429503831971994e-09
8.066658121646602517e-09
7.838740076185901739e-09
7.612992638777946902e-09
7.389727187707154989e-09
7.169242120042020240e-09
6.951802845498878500e-09
6.737686249486196523e-09
6.527095683915887619e-09
6.320263882776089858e-09
6.117373269923455010e-09
5.918581103578497053e-09
5.724024695828449690e-09
5.533594417304693556e-09
5.348040286016627305e-09
5.166759285399426980e-09
4.990008108719469275e-09
4.817597722174380898e-09
4.650094132050738740e-09
4.486999714947008728e-09
4.328335044182715899e-09
4.174098054708562360e-09
4.026573207252287688e-09
3.878574662038460324e-09
3.736952519802183956e-09
3.599706243432063736e-09
3.466240385700516280e-09
3.336456745192325853e-09
3.210706414264160625e-09
3.088402875429818651e-09
2.969489854367045247e-09
2.854243688137791817e-09
2.742205247342702879e-09
2.633300780606251999e-09
2.527844411550232244e-09
2.425410819160114033e-09
2.326005079736458931e-09
2.229873285952311870e-09
2.136731330134250434e-09
2.046657030397472947e-09
1.959585852559745740e-09
1.875748826427818270e-09
1.794923091793065097e-09
1.717187419372039041e-09
1.642538122350332067e-09
1.570964062649244035e-09
1.502435544916520665e-09
1.436851990186116289e-09
1.374350166182054047e-09
1.314611152769178828e-09
1.257770793540958054e-09
1.203564550405460704e-09
1.151927700699005112e-09
1.102689733084355583e-09
1.055807322610042640e-09
1.011140722790301464e-09
9.684223921096781906e-10
9.276532430621716069e-10
8.886782046396259889e-10
8.513819706471585020e-10
8.156929985805674033e-10
7.815296432194347529e-10
7.488376150667052878e-10
7.175784535512594982e-10
6.877080872740562429e-10
6.592001049609284451e-10
6.320311777106868944e-10
6.061242888928987326e-10
5.814732366443262797e-10
5.580083075465917520e-10
5.356684326295031576e-10
5.143853690009867513e-10
4.940889934088796972e-10
4.747537197097293635e-10
4.560167785885793119e-10
4.384943718784657321e-10
4.215367156417070441e-10
4.053297435508293907e-10
3.898152711912889496e-10
3.749974685784741916e-10
3.607801206783213302e-10
3.472085880363466988e-10
3.341556721466744210e-10
3.217757787393642026e-10
3.098865629474610696e-10
2.984061460172825350e-10
2.874197158889960764e-10
2.768653317347434592e-10
2.667243645145161086e-10
2.569793757272493705e-10
2.476247828577179507e-10
2.385975118055951791e-10
2.299222454474629804e-10
2.215656282450165327e-10
2.135116819638115425e-10
2.057458236061337186e-10
1.982552081130562756e-10
1.910273021441621148e-10
1.840499462854571939e-10
1.773113318837290369e-10
1.708004146407704604e-10
1.645072198097009805e-10
1.584227480541328097e-10
1.525385519908501046e-10
1.468464348965192974e-10
1.413386825294951139e-10
1.360082287328998738e-10
1.308485308917436980e-10
1.258535142778958339e-10
1.210174059257049391e-10
1.163347680945080862e-10
1.118005504644720843e-10
1.074100574607684309e-10
1.031588729389855792e-10
9.904279881157976735e-11
9.505788563486433164e-11
9.120040443779847685e-11
8.746682132165509067e-11
8.385381161139095218e-11
8.035822043377520724e-11
7.697703166028768340e-11
7.370738149326517357e-11
7.054652064911588383e-11
6.749180190469966617e-11
6.454068599862629800e-11
6.169069905209405651e-11
5.893945223146688684e-11
5.628460976049205449e-11
5.372390035647239821e-11
5.125510218163002711e-11
4.887601810092376899e-11
4.658450837087701321e-11
4.437845077059964576e-11
4.225575521806401882e-11
4.021436261117201182e-11
3.825222055921263468e-11
3.636730995263357427e-11
3.455761842680201198e-11
3.282115195235704193e-11
3.115593483829953314e-11
2.955999658490640034e-11
2.803138894399483150e-11
2.656816958364701577e-11
2.516841503177957620e-11
2.383021282983846628e-11
2.255166611777513670e-11
2.133089312066318897e-11
2.016602934403050276e-11
1.905522763691681023e-11
1.799665996845652411e-11
1.698852120702169740e-11
1.602902408268379524e-11
1.511641149432705467e-11
1.424894692450448613e-11
1.342492302331082917e-11
1.264266303574115624e-11
1.190051503472424140e-11
1.119685346113873524e-11
1.053011848859999260e-11
9.898749079792109597e-12
9.301233062237601277e-12
8.736091429701562328e-12
8.201890849000758537e-12
7.697228167747012268e-12
7.220746889962076966e-12
6.771127353369880635e-12
6.347089136993804720e-12
5.947397976636423285e-12
5.570853448257424293e-12
5.216303694133506266e-12
4.882633439290029884e-12
4.568769508864189263e-12
4.273682893379709323e-12
3.996379561132156824e-12
3.735912284961811729e-12
3.491368306771011429e-12
3.261876287766403562e-12
3.046585576699460054e-12
2.844735698075374267e-12
2.655549921305156149e-12
2.478302176154648912e-12
2.312304028884905096e-12
2.156900001680820734e-12
2.011465421513123016e-12
1.875410584390151801e-12
1.748172245523338408e-12
1.629219505174671178e-12
1.518048240814478758e-12
1.414180923727392591e-12
1.317168057759813250e-12
1.226582305716927259e-12
1.142022536938043729e-12
1.063108799293951279e-12
9.894615385673420683e-13
9.207892331868081823e-13
8.567502812892806993e-13
7.970469657709631345e-13
7.413977555281872418e-13
6.895387932052022268e-13
6.412224559495924497e-13
5.962152979069864420e-13
5.542995244985610319e-13
5.152695576571469404e-13
4.789335379258219996e-13
4.451115441804623787e-13
4.136087466585391174e-13
3.843211598893521383e-13
3.570727412526792083e-13
3.317256119903840239e-13
3.081504646923413091e-13
2.862261714091096491e-13
2.658401425837471677e-13
2.468865749212400395e-13
2.292672437392106707e-13
2.128899148138523645e-13
1.976542383202141185e-13
1.835074274981273749e-13
1.703617625296469081e-13
1.581473957431577712e-13
1.467997993629164895e-13
1.362587692785011506e-13
1.264680877264993051e-13
1.173730394430332944e-13
1.089273508840255571e-13
1.010842725136514407e-13
9.380143909093935639e-14
8.703802760425834931e-14
8.076020690713280324e-14
7.493122028422954751e-14
6.951903995060097405e-14
6.449605328861752312e-14
5.983342983837585224e-14
5.550515472191049155e-14
5.148804639564936425e-14
4.775968409204495614e-14
4.429971036944091031e-14
4.108840984137614009e-14
3.810856618805756787e-14
3.534345082703853047e-14
3.277782329173327809e-14
3.039697638655462654e-14
2.818790117442387057e-14
2.613851494030585903e-14
2.423654805757362726e-14
2.247234661573707596e-14
2.083544020633458143e-14
1.931641551861668353e-14
1.790771449509938231e-14
1.660043810864703882e-14
1.538798780851356734e-14
1.426287724260105432e-14
1.321919412034200689e-14
1.225099462755066958e-14
1.135276293829176723e-14
1.051938038035652893e-14
9.746263548280135002e-15
9.029250299040019078e-15
8.363750766696742910e-15
7.746597320016916909e-15
7.173968753203224457e-15
6.642579523860658490e-15
6.149646192589215774e-15
5.692264097641240395e-15
5.267957359912864195e-15
4.874169474034807555e-15
4.508942290236535840e-15
4.169883803005223139e-15
3.855295978805319941e-15
3.563375221028104279e-15
3.292511643536880382e-15
3.041111785726319522e-15
2.807827854782543494e-15
2.591342500372446045e-15
2.390423796389302784e-15
2.203975236735235680e-15
2.030955020539628468e-15
1.870377133144024423e-15
1.721338438885911235e-15
1.583060772933920820e-15
1.454767314777188664e-15
1.335707743733951785e-15
1.225262734656795823e-15
1.122798045158898062e-15
1.027786696307135900e-15
9.397062899412416133e-16
8.580163069448662169e-16
7.823620293258796882e-16
7.122457470421593927e-16
6.473560238259148042e-16
5.873172547287153175e-16
5.317551816075913056e-16
4.804171467825410110e-16
4.330125630293269410e-16
3.892735086968547584e-16
3.489729011577018432e-16
3.118682305608767021e-16
2.777743171317495601e-16
2.464798621615864999e-16
2.178110673259700498e-16
1.916138521914084786e-16
1.677180934838583872e-16
1.459942150281435369e-16
1.262561879176302609e-16
1.085137648563594113e-16
9.252330776381810539e-17
7.821314640090930648e-17
6.547250548562629798e-17
5.421955520543739679e-17
4.433551779661262737e-17
3.573100738039238627e-17
2.831371766862953303e-17
2.199102637193439134e-17
1.667778403535242328e-17
1.228778634457298827e-17
8.735829725462327352e-18
5.937690423993114284e-18
