# bin_5_3
2.604146052226087382e-08
2.632279561013505814e-08
2.660782946354772471e-08
2.689661046335586163e-08
2.718889732484439434e-08
2.748462573440955782e-08
2.778367353351474717e-08
2.808592834474199367e-08
2.839125284059522572e-08
2.869949862948143954e-08
2.900947037859645643e-08
2.932421553169458912e-08
2.964335695340907595e-08
2.995870828996855087e-08
3.027934675203856664e-08
3.060150248956288672e-08
3.092550354519112746e-08
3.125098248421270456e-08
3.157756169447237632e-08
3.190514384379092475e-08
3.223343368914566565e-08
3.256263673555323534e-08
3.289095111245640280e-08
3.321963386769298857e-08
3.354783924824526826e-08
3.387526634023855272e-08
3.420155841218168605e-08
3.452642865225333867e-08
3.484948738081438257e-08
3.517028921974086663e-08
3.548852877402677662e-08
3.580360536738113588e-08
3.611595628837971538e-08
3.642418374281559951e-08
3.672818353281710734e-08
3.702771844723393402e-08
3.732188982668850226e-08
3.761079134901626777e-08
3.790177022415245666e-08
3.817109824829920800e-08
3.843943098786337382e-08
3.870141415669184062e-08
3.895548222862652924e-08
3.920117960364258490e-08
3.943774787733860912e-08
3.966505985853989689e-08
3.988242658264047636e-08
4.008890348747219397e-08
4.028477795527748272e-08
4.046901141317942595e-08
4.064104269765549069e-08
4.080067107968886651e-08
4.094708149892365984e-08
4.108049646722887995e-08
4.119841076089821421e-08
4.130242615599611733e-08
4.139129665995721570e-08
4.146446547155511269e-08
4.152150433912562840e-08
4.155858852030785111e-08
4.158542293666543805e-08
4.160499754016099370e-08
4.158072311076823356e-08
4.154917331909517427e-08
4.150026566549890681e-08
4.143335959470438970e-08
4.134491728680339783e-08
4.123799220766083323e-08
4.111104099343214607e-08
4.096325449899581365e-08
4.079625138404636032e-08
4.060881950984737698e-08
4.039891853835923579e-08
4.016900963210273100e-08
3.991832193139288949e-08
3.964654818717950370e-08
3.935445699646472235e-08
3.904035433849812023e-08
3.870604715007005917e-08
3.835129580247122732e-08
3.797699980997440170e-08
3.758102959611409110e-08
3.716739926869597949e-08
3.673211959304361556e-08
3.628118036576491717e-08
3.580837500961644696e-08
3.531858617710506068e-08
3.481351246508652783e-08
3.428931741132055774e-08
3.375116600584194876e-08
3.319686373893202378e-08
3.262893327952530201e-08
3.204766323627024397e-08
3.145455024989922540e-08
3.084893844752435916e-08
3.023348231839491197e-08
2.960866630228031044e-08
2.897614016147842640e-08
2.833547326821491555e-08
2.768935841965806546e-08
2.703845110006177403e-08
2.638438964723516122e-08
2.572788477979098518e-08
2.506909317628727388e-08
2.441151721165340528e-08
2.375454085183940154e-08
2.310046700604984186e-08
2.245013961584269317e-08
2.180504540203591015e-08
2.116542773658876634e-08
2.053324867840418446e-08
1.990983599135173234e-08
1.929429612459345009e-08
1.868929869321868439e-08
1.809485137109532478e-08
1.751206883540754256e-08
1.694109003572117423e-08
1.638273637883500630e-08
1.583704415274417315e-08
1.530182485059179965e-08
1.478530063965837996e-08
1.427948701193936092e-08
1.378800234255092165e-08
1.330890373240298666e-08
1.284392738303726766e-08
1.239198974909658172e-08
1.195321695365902358e-08
1.152651825378515603e-08
1.111232523590675890e-08
1.070974389865732444e-08
1.031810962187408688e-08
9.937602464331484014e-09
9.567417484083603717e-09
9.206826325819825951e-09
8.855689863251292384e-09
8.513942040920190513e-09
8.180592412499808838e-09
7.855883312000051612e-09
7.539493026687183048e-09
7.231464967780693627e-09
6.931378266197423067e-09
6.639783745127653028e-09
6.356336769319202519e-09
6.081569100461994685e-09
5.815632845294166378e-09
5.558644338344052703e-09
5.310859413215004602e-09
5.072496277524588793e-09
4.843822087075405268e-09
4.624903005131968054e-09
4.415827263803104972e-09
4.216396874284449763e-09
4.026648519471972948e-09
3.846152700220257551e-09
3.674669395896458211e-09
3.511711336914162853e-09
3.356807948061234518e-09
3.209239181539252468e-09
3.068594060424722855e-09
2.934275603922379796e-09
2.805731129054380624e-09
2.682541298403322343e-09
2.564379792264323263e-09
2.451076542954569281e-09
2.342397501161200824e-09
2.238339235145103558e-09
2.138850266040104919e-09
2.043948145796652340e-09
1.953619381006832920e-09
1.867744996726794975e-09
1.786344337429103997e-09
1.709061068813221745e-09
1.635796301437955615e-09
1.566174353252347322e-09
1.499935969503885534e-09
1.436817888056283673e-09
1.376592272988806501e-09
1.319086029962008357e-09
1.264175713177454873e-09
1.211771875350906996e-09
1.161801861384360450e-09
1.114189414113897902e-09
1.068842431910028144e-09
1.025639426656425878e-09
9.844705104955136644e-10
9.452078472354180740e-10
9.077057715263377966e-10
8.718529407154714317e-10
8.375873508092064769e-10
8.048151313007162188e-10
7.734600430373043361e-10
7.434704704063523135e-10
7.147648296293672818e-10
6.872800706478243124e-10
6.609467186250078044e-10
6.357124650212572905e-10
6.114681560903057418e-10
5.882126203433379254e-10
5.658805602726904563e-10
5.444275429303586150e-10
5.238084006392136208e-10
5.039928937653903425e-10
4.849026606028480006e-10
4.665370500948485764e-10
4.488504574287753828e-10
4.318115453475396109e-10
4.153900098238047835e-10
3.995567996925996015e-10
3.842852338742177789e-10
3.695508318910548801e-10
3.553308254930379090e-10
3.416037235478569697e-10
3.283490516911854092e-10
3.155478850700070860e-10
3.031825944369797864e-10
2.912366284438043311e-10
2.796943638892133269e-10
2.685410710579335477e-10
2.577629404863059585e-10
2.473469808412563499e-10
2.372810641538713885e-10
2.275537939920502367e-10
2.181543809305781496e-10
2.090726995495625871e-10
2.002991573105881418e-10
1.918246270025798263e-10
1.836404515537721722e-10
1.757383681270104490e-10
1.681104595980312798e-10
1.607491583855443139e-10
1.536471671543884083e-10
1.467974696833180640e-10
1.401932674526205536e-10
1.338280157848683236e-10
1.276953466152501388e-10
1.217890441561094197e-10
1.161030879620801318e-10
1.106315806442330290e-10
1.053687557592851292e-10
1.003089896908883815e-10
9.544673187584511871e-11
9.077656380024608225e-11
8.629524442685310982e-11
8.199321523148700557e-11
7.786750707321999901e-11
7.391301214420218965e-11
7.012470646251322031e-11
6.649761578237518831e-11
6.302684434735009798e-11
5.970755262671663714e-11
5.653496244275010227e-11
5.350436860850307838e-11
5.061111673655883877e-11
4.785063214715595885e-11
4.521839766706340229e-11
4.270996708362761813e-11
4.032096984393761784e-11
3.804709699725333870e-11
3.588412623881316936e-11
3.382790113776738121e-11
3.187434860217861136e-11
3.001945813881742521e-11
2.825935252957123411e-11
2.659018921628693883e-11
2.500822253607583540e-11
2.350980050489507971e-11
2.209135882859089102e-11
2.074942102786758036e-11
1.948060946823364707e-11
1.828163297706445583e-11
1.714930140519130236e-11
1.608051786371774780e-11
1.507228179511051753e-11
1.412169359680150970e-11
1.322594572029888111e-11
1.238233217252831794e-11
1.158823994904547949e-11
1.084113010922200191e-11
1.013862811915811822e-11
9.478379592078841733e-12
8.858149986730220559e-12
8.275792711509435233e-12
7.729252531571892868e-12
7.216562787548735491e-12
6.735841600576945773e-12
6.285294292699110273e-12
5.863206286969510143e-12
5.467945202867398568e-12
5.097956470647401672e-12
4.751733560235815242e-12
4.427927620254215559e-12
4.125174144322736191e-12
3.842207647344921789e-12
3.577827905678737796e-12
3.330897959076784837e-12
3.100343007386153588e-12
2.885145657049433102e-12
2.684345839661916894e-12
2.497036254214092923e-12
2.322329949847471846e-12
2.159449460006760246e-12
2.007676828398476362e-12
1.866289088534865142e-12
1.734518622260252985e-12
1.611854859897037927e-12
1.497590129547612174e-12
1.391225370220401460e-12
1.292261423917095979e-12
1.200171408816710874e-12
1.114500468799967500e-12
1.034816921553354138e-12
9.607160712371005907e-13
8.918196441202144442e-13
8.277731796952863057e-13
7.682452977561637343e-13
7.128870189644292065e-13
6.614850501395782583e-13
6.137321722710447198e-13
5.693713953505474546e-13
5.281758838586633242e-13
4.898849595641417981e-13
4.543711529346470011e-13
4.213999364039060359e-13
3.907932151757900690e-13
3.623844960954172982e-13
3.360188144806532676e-13
3.115518130386322131e-13
2.888487461379129167e-13
2.677509135476896940e-13
2.482031900061269994e-13
2.300698259110922878e-13
2.132501165321300030e-13
1.976477052453307169e-13
1.831787006022494990e-13
1.697608497803579116e-13
1.573177277862611899e-13
1.457792398308939161e-13
1.350810286131315567e-13
1.251640581886798854e-13
1.159686472271548651e-13
1.074441615601637007e-13
9.954206875092941006e-14
9.221706819296069889e-14
8.542673184593339846e-14
7.913603215951490635e-14
7.330319427970693489e-14
6.789795317907886194e-14
6.288849593338593790e-14
5.824646662532181958e-14
5.394398741089210232e-14
4.995654447217995223e-14
4.626227042577497436e-14
4.283904417204071105e-14
3.966688700858837452e-14
3.672752435960343260e-14
3.400371479367278059e-14
3.147988000538266130e-14
2.914172902191252434e-14
2.697511597471144606e-14
2.496740245060817285e-14
2.310705773500097112e-14
2.138335554943189989e-14
1.978637164310363774e-14
1.830649764754621423e-14
1.693501943317125606e-14
1.566409760253662356e-14
1.448673573644334880e-14
1.339534988214329667e-14
1.238397913783952917e-14
1.144674003357073264e-14
1.057787245863660578e-14
9.772659059441737236e-15
9.026527795748161965e-15
8.334858991439500854e-15
7.693682291594222805e-15
7.099377465572784275e-15
6.548523768878170641e-15
6.037630646519728836e-15
5.564122483233379652e-15
5.125193928632013472e-15
4.718274136387802852e-15
4.341059817365882615e-15
3.991254427076368986e-15
3.666976222156931264e-15
3.366351566816622496e-15
3.087666188568263048e-15
2.829180002761742424e-15
2.589867574329502998e-15
2.367940397799445983e-15
2.162342736999376888e-15
1.971846652580670193e-15
1.795490773466168213e-15
1.632172255960259911e-15
1.481012231840094159e-15
1.341170809889496671e-15
1.211836316253468876e-15
1.092284743938816032e-15
9.818559578101551424e-16
8.799585757826072744e-16
7.860477709967099078e-16
