# bin_2_2
1.898497358360791975e-08
1.914413585296626011e-08
1.930410840105062541e-08
1.946538586403376827e-08
1.962622078366434832e-08
1.978797659864505572e-08
1.995002277859267556e-08
2.011222055915256656e-08
2.027441125772476478e-08
2.043642582582968927e-08
2.059773172574545300e-08
2.075930967314549068e-08
2.091981130580281340e-08
2.107944604387431110e-08
2.123800030734237251e-08
2.139528582712827405e-08
2.155109609601497939e-08
2.170524833485011799e-08
2.185739768674664868e-08
2.200747636443123643e-08
2.215518679051757089e-08
2.230115585855471830e-08
2.244250016264593704e-08
2.258158859325068054e-08
2.271741259988074706e-08
2.284867523689569376e-08
2.297787158813431691e-08
2.310204340985697000e-08
2.322180462451844896e-08
2.333679441461696279e-08
2.344673940489874004e-08
2.355174196499490948e-08
2.365108071601930422e-08
2.374458670499404420e-08
2.383200712824422946e-08
2.391302356253472163e-08
2.398561834010413768e-08
2.405482792748998685e-08
2.411502745954240934e-08
2.416871605158341481e-08
2.421265507686533725e-08
2.424952038273625894e-08
2.427819448489710961e-08
2.429804957989676440e-08
2.430919020837227605e-08
2.431127400373682789e-08
2.430399737326082383e-08
2.428711688929235235e-08
2.426059937057610632e-08
2.422406457860484753e-08
2.417733300957892915e-08
2.412024373904060568e-08
2.405266533325890541e-08
2.397451817472405367e-08
2.388514473320654028e-08
2.378507318049608807e-08
2.367396658214096878e-08
2.355165397124560738e-08
2.341819976575667395e-08
2.327335845549574692e-08
2.311733287380554553e-08
2.295000450937769050e-08
2.277265788355040507e-08
2.258169829230176233e-08
2.238077014349162950e-08
2.216932665912491116e-08
2.194609323029420950e-08
2.171263375038188827e-08
2.146857658363929317e-08
2.121340768223949458e-08
2.094985954264718133e-08
2.067587601048857357e-08
2.039201649209992407e-08
2.009924499921393244e-08
1.979766273303950248e-08
1.948778187558636690e-08
1.916976369828359167e-08
1.884430956383874664e-08
1.851179208616272965e-08
1.817278241865194025e-08
1.782785642484252983e-08
1.747702919614796644e-08
1.712152891278975391e-08
1.676163959702233085e-08
1.639927430864347812e-08
1.603134881616233999e-08
1.566188837722313752e-08
1.529123612221063844e-08
1.491820722807028957e-08
1.454524386944452773e-08
1.417202202039102103e-08
1.379730880872788562e-08
1.342842865517821320e-08
1.305934162186095360e-08
1.269243779789928321e-08
1.232880003629072613e-08
1.196880233886273290e-08
1.161314330219821645e-08
1.126191942656535467e-08
1.091600998344228414e-08
1.057567379844044372e-08
1.024140864905684296e-08
9.913489556746020738e-09
9.591876080605808553e-09
9.277300447161332802e-09
8.969789394457075242e-09
8.669486036697205283e-09
8.376501218454943073e-09
8.090964845835783208e-09
7.812738090193569797e-09
7.541979323347821950e-09
7.278590961278982035e-09
7.022415186834150780e-09
6.773398229037492197e-09
6.531419714793182766e-09
6.296174100443366169e-09
6.067591158614196537e-09
5.845447869858658548e-09
5.629510708112209224e-09
5.419521346847190685e-09
5.215398724031614703e-09
5.016820852555617840e-09
4.823873904478327932e-09
4.635891269276275565e-09
4.453227361688035502e-09
4.275589716322704182e-09
4.102931439968810555e-09
3.935221931006970075e-09
3.772431579377101956e-09
3.614610440152191396e-09
3.461658710277047250e-09
3.313760988589188464e-09
3.170884827163282858e-09
3.033146068330156522e-09
2.900518917868228151e-09
2.773116289360247193e-09
2.650892332990894401e-09
2.533863693959013253e-09
2.421977977724628838e-09
2.315165511751841601e-09
2.213299590247035248e-09
2.116238061104651490e-09
2.023800039330149712e-09
1.935755418143332536e-09
1.851892374547993187e-09
1.771967546284448285e-09
1.695694167637801433e-09
1.622874486325352022e-09
1.553277148305176778e-09
1.486710552005314207e-09
1.423010310216864181e-09
1.362032915135472703e-09
1.303688024666467815e-09
1.247885786903698546e-09
1.194568786520742405e-09
1.143680596754352666e-09
1.095164906389397907e-09
1.048957923303869075e-09
1.004982171395807651e-09
9.631494906920703076e-10
9.233493662422743046e-10
8.854559763849511051e-10
8.493662010544054340e-10
8.149754380472161701e-10
7.821536593725303602e-10
7.508366196394122245e-10
7.209242153344302464e-10
6.923601873911402743e-10
6.650850816636196808e-10
6.390318144752499932e-10
6.141541475505619449e-10
5.903873889518744006e-10
5.676748236698113250e-10
5.459618556999471406e-10
5.251896397663318912e-10
5.053092500818371699e-10
4.862706740813391313e-10
4.680284242263182245e-10
4.505352728482413937e-10
4.337654292775563280e-10
4.176672802050440609e-10
4.022089892232930678e-10
3.873580619492455675e-10
3.730942540627499610e-10
3.593726738120304448e-10
3.461702841260489234e-10
3.334583621128332024e-10
3.212181421536387986e-10
3.094152575070111524e-10
2.980474646140597546e-10
2.870776494984611427e-10
2.764924073265255594e-10
2.662739117479625504e-10
2.564056073079219124e-10
2.468721000857790368e-10
2.376590391800179250e-10
2.287529991482667395e-10
2.201414174080345080e-10
2.118125506945349912e-10
2.037554861616510679e-10
1.959600367528396768e-10
1.884166529290877002e-10
1.811164068204308416e-10
1.740509293827342165e-10
1.672123636492475075e-10
1.605933623708529603e-10
1.541870191855825241e-10
1.479868288942298328e-10
1.419866844926863158e-10
1.361808066370145056e-10
1.305637537128133296e-10
1.251303655913220122e-10
1.198757478548015282e-10
1.147952477164696316e-10
1.098843932545643640e-10
1.051389255515884906e-10
1.005547293295209686e-10
9.612783970272754921e-11
9.185442909727036769e-11
8.773076305416905796e-11
8.375322597283789231e-11
7.991827722786308237e-11
7.622245639057066353e-11
7.266237704964802004e-11
6.923469995380506656e-11
6.593615097062780042e-11
6.276349127279579460e-11
5.971352996627507288e-11
5.678310848203805523e-11
5.396910231006427828e-11
5.126841505918747137e-11
4.867797966251363551e-11
4.619475304755228187e-11
4.381571688753201291e-11
4.153787936728855780e-11
3.935826569559525436e-11
3.727393449293482810e-11
3.528196096579950128e-11
3.337944967227781173e-11
3.156353461101064348e-11
2.983137058709579977e-11
2.818014138622878447e-11
2.660709232391346919e-11
2.510947027188014271e-11
2.368457121973180040e-11
2.232972494763874178e-11
2.104231406085339698e-11
1.981975212118860120e-11
1.865950969269972210e-11
1.755910044996994486e-11
1.651608693568858271e-11
1.552809159462474818e-11
1.459278017550757673e-11
1.370788489757396726e-11
1.287118767783084438e-11
1.208053027378834214e-11
1.133381815431861628e-11
1.062900884169704001e-11
9.964130894003401393e-12
9.337266986852456253e-12
8.746566168409203980e-12
8.190222708143194641e-12
7.666545780409084141e-12
7.173856259103406323e-12
6.710550519696743768e-12
6.275091605253545429e-12
5.866002807207575509e-12
5.481865495767001941e-12
5.121325711170711767e-12
4.783082213656250182e-12
4.465895668314261113e-12
4.168580626941904991e-12
3.890005824566104908e-12
3.629096281632918010e-12
3.384824831370791667e-12
3.156218242087860178e-12
2.942349554466177158e-12
2.742317431089353592e-12
2.555335025084349653e-12
2.380587281861285971e-12
2.217327776991483502e-12
2.064848088170878351e-12
1.922479757591577663e-12
1.789591721424039886e-12
1.665586978980125975e-12
1.549904366271156584e-12
1.442013056162536534e-12
1.341414367507969462e-12
1.247638660505743636e-12
1.160216896114902810e-12
1.078789303858833798e-12
1.002936171952059949e-12
9.322913980803638701e-13
8.665108053815490842e-13
8.052712292643192795e-13
7.482705019739988662e-13
6.952245147809769136e-13
6.458679934130869803e-13
5.999517912798613891e-13
5.572327319798676410e-13
5.174914751477292799e-13
4.805609472281265190e-13
4.462257852462952773e-13
4.143080742066637449e-13
3.846415308755290059e-13
3.570709442830734274e-13
3.314412886144367865e-13
3.076325250217694978e-13
2.855136391687016225e-13
2.649669619416412668e-13
2.458618507418248348e-13
2.281451494626168134e-13
2.116924187565740638e-13
1.964152394150509892e-13
1.822310154429323194e-13
1.690621589901846366e-13
1.568374516473721531e-13
1.454897335624326429e-13
1.349572372492398824e-13
1.251818323687634947e-13
1.160789377957151643e-13
1.076536505209759848e-13
9.983789625193381890e-14
9.258581113298319564e-14
8.585648575396688144e-14
7.961147849941926893e-14
7.382023862256057239e-14
6.844649562890712099e-14
6.346061502984215194e-14
5.883675090771615109e-14
5.454687567542892908e-14
5.056835994788311343e-14
4.687831068961535553e-14
4.345494554383481362e-14
4.028047758533120302e-14
3.733609144710419590e-14
3.460512717948401597e-14
3.207306666879553024e-14
2.972448619836839450e-14
2.754656951772123243e-14
2.552662396954303172e-14
2.365397356811023777e-14
2.191706729416846002e-14
2.030637089679401021e-14
1.881308819415923295e-14
1.742777709454105482e-14
1.614317707946519045e-14
1.495220449380020277e-14
1.384791913115345009e-14
1.282370517771740371e-14
1.187386914708393934e-14
1.099282343759324729e-14
1.017584360118593349e-14
9.418450316643356396e-15
8.715542527545163427e-15
8.063802962275468553e-15
7.459261412082271907e-15
6.898803068520744837e-15
6.378766285794873594e-15
5.896330063451436948e-15
5.448875384890721806e-15
5.033702028683800724e-15
4.648505295723841742e-15
4.291271440221067767e-15
3.959689498862859715e-15
3.652059589229975220e-15
3.366862903187980106e-15
3.102097611403668029e-15
2.856403232874989212e-15
2.628603513052992988e-15
2.417019705802161920e-15
2.220894314330513566e-15
2.038864415218099289e-15
1.870066624015908890e-15
1.713445965278788574e-15
1.568209520022039377e-15
1.433672090026814074e-15
1.308732740240913750e-15
1.193034600827040927e-15
1.085842551781450902e-15
9.865233010976257002e-16
8.946507992637339370e-16
8.095875200484331604e-16
7.309488979196532708e-16
6.582998435517065946e-16
5.912400533133931081e-16
5.293040408359167586e-16
4.724349752706934374e-16
4.200586754754097934e-16
3.719956532130715610e-16
3.279440757613182863e-16
2.877146178471006739e-16
2.510309725905226084e-16
2.176768367413796551e-16
1.874656105424735814e-16
1.601962402602546113e-16
1.356978000741447583e-16
1.138082742789077532e-16
9.437528623110153335e-17
7.726084217985504383e-17
