# bin_3_2
2.065512517168679103e-08
2.084195511132902881e-08
2.103018833789073099e-08
2.122027048539537451e-08
2.141066006440259481e-08
2.160252674324089096e-08
2.179530539357805000e-08
2.198885864371678041e-08
2.218302800362854340e-08
2.237764408916108614e-08
2.257163386582837413e-08
2.276759872423915663e-08
2.296549018680850568e-08
2.315725833816088381e-08
2.335148879935668717e-08
2.354504996579004933e-08
2.373773219975320028e-08
2.392933365542949778e-08
2.411949905096970404e-08
2.430815796222287228e-08
2.449499436776917561e-08
2.468019397919173463e-08
2.486213420921688411e-08
2.504189179855601935e-08
2.521885540776751308e-08
2.539266784014848269e-08
2.556292248888444498e-08
2.572951657941756016e-08
2.589207400921405908e-08
2.605010678245988588e-08
2.620353227055820584e-08
2.635233085259995480e-08
2.649563809133672562e-08
2.663331359773302058e-08
2.674922312104133088e-08
2.689052803957669875e-08
2.700662281292482654e-08
2.712135340844544982e-08
2.723296423990098739e-08
2.732394190413850706e-08
2.741242335749021244e-08
2.749338859273960569e-08
2.756581007869232455e-08
2.762923033656161906e-08
2.768348875569854642e-08
2.772823168505560707e-08
2.776308732869024824e-08
2.778780640314342685e-08
2.780202377517803768e-08
2.780565331927559589e-08
2.779815918081807496e-08
2.777947412142821374e-08
2.774927113515730479e-08
2.770726729646566773e-08
2.765313283822476273e-08
2.758699494443105120e-08
2.750843531625959351e-08
2.741724060592300414e-08
2.731334189960519919e-08
2.719652489625837857e-08
2.706677308231568144e-08
2.692391359344420554e-08
2.676838207829990222e-08
2.659871140159037001e-08
2.641629837868365381e-08
2.622107971350468396e-08
2.601193837953468986e-08
2.579010771044467815e-08
2.555532140989920068e-08
2.530614717495915078e-08
2.504734803951040535e-08
2.477473740926820556e-08
2.448953640235651916e-08
2.419263566336445355e-08
2.388402541679945473e-08
2.356416688803658974e-08
2.323325794356484485e-08
2.289187404692839830e-08
2.254043653062010590e-08
2.217933378365025917e-08
2.180932532833882372e-08
2.143030905146469275e-08
2.104358032368007320e-08
2.064940330516338678e-08
2.024966963345189525e-08
1.984152044508722223e-08
1.942882895968908320e-08
1.901169397249367724e-08
1.859017893354411820e-08
1.816564002209093002e-08
1.773822109934085195e-08
1.730911633301699888e-08
1.687890342923318897e-08
1.644853649349810899e-08
1.601826104417682342e-08
1.558934370202027305e-08
1.516232519990212946e-08
1.473810348504201118e-08
1.431695074385143592e-08
1.389997990027738735e-08
1.348766942452754818e-08
1.308075248635331189e-08
1.267947587423155548e-08
1.228474178656054271e-08
1.189690364860981096e-08
1.151613405783514168e-08
1.114307897251028979e-08
1.077794516184330617e-08
1.042105814956136331e-08
1.007241881492043933e-08
9.732360720550979615e-09
9.400939464331669084e-09
9.078087794493185848e-09
8.763889611819842985e-09
8.458314128847893659e-09
8.161098364597999249e-09
7.872244623075552648e-09
7.591548214235178797e-09
7.318761557622339625e-09
7.053598724424429252e-09
6.795945122186473758e-09
6.545391866184108025e-09
6.301840878638619548e-09
6.064862353640918192e-09
5.834362927087586942e-09
5.610051507808022646e-09
5.391767743740047661e-09
5.179376246562265085e-09
4.972743249008311502e-09
4.771750295156749443e-09
4.577733845332482079e-09
4.386774124630756720e-09
4.202697809326285316e-09
4.024353065075337097e-09
3.851727611524493247e-09
3.684988315445783504e-09
3.524128972956568163e-09
3.369330140864812150e-09
3.220567027959833444e-09
3.077905353400130395e-09
2.941330168780367214e-09
2.810807097443870089e-09
2.686249876652520195e-09
2.567501925112450105e-09
2.454401678061324971e-09
2.346682127744326222e-09
2.244126958308309238e-09
2.146491022362406419e-09
2.053386957649872948e-09
1.964563950028374058e-09
1.879705470225581457e-09
1.798647383584522148e-09
1.721041980701877240e-09
1.646826092019912959e-09
1.575756630934248417e-09
1.507750086608441695e-09
1.442717749396230804e-09
1.380589507753809219e-09
1.321302177121229250e-09
1.264770057561480473e-09
1.210962016131882833e-09
1.159748040148923951e-09
1.111060113956697858e-09
1.064719814755315139e-09
1.020633783712438397e-09
9.786780047565151271e-10
9.386964524295826741e-10
9.005793944439735347e-10
8.642169536739096619e-10
8.294991211002301290e-10
7.963525770054974712e-10
7.646946875867458293e-10
7.344603558408778907e-10
7.055912854438854619e-10
6.780230086607810117e-10
6.516977504862560963e-10
6.265499200324146520e-10
6.025131544102816553e-10
5.795332739529195977e-10
5.575114530552104295e-10
5.364262692421163476e-10
5.162163282602855132e-10
4.968405856348720110e-10
4.782521443067525628e-10
4.604195034656515311e-10
4.433033950606242596e-10
4.268635814709572260e-10
4.110569441360958907e-10
3.958546250757291697e-10
3.812351789827936697e-10
3.671492562968676291e-10
3.535886048235931423e-10
3.405202430418650022e-10
3.279227235374866513e-10
3.157728689411474507e-10
3.040485412802802283e-10
2.927318043918781733e-10
2.818036345357623652e-10
2.712477226661201047e-10
2.610481446134508496e-10
2.511896604278872683e-10
2.416587702323414080e-10
2.324424614358617239e-10
2.235287882615954301e-10
2.149064694416286609e-10
2.065648609413042365e-10
1.984941200998646926e-10
1.906849967770452953e-10
1.831288809861859405e-10
1.758175568292440966e-10
1.687433251916336341e-10
1.618990291305570241e-10
1.552777972849453878e-10
1.488732472661209529e-10
1.426793158776100315e-10
1.366902334295951337e-10
1.309005207898466150e-10
1.253049530834539217e-10
1.198985366048147948e-10
1.146764346563253017e-10
1.096340272187315812e-10
1.047668521732390941e-10
1.000705398777028827e-10
9.554088816815710334e-11
9.117379796650738144e-11
8.696524180995656397e-11
8.291130196064212917e-11
7.900812818878695195e-11
7.525192838934720649e-11
7.163898700595793735e-11
6.816562356478931498e-11
6.482821886712119914e-11
6.162317216255245315e-11
5.854696524659075427e-11
5.559608807614015068e-11
5.276705116838421318e-11
5.005642447009725309e-11
4.746079133269508728e-11
4.497676708213375256e-11
4.260101311096965591e-11
4.033019567725493502e-11
3.816103654601257541e-11
3.609027592538810124e-11
3.411468987601604865e-11
3.223110143785609911e-11
3.043635482950975519e-11
2.872735116738053629e-11
2.710089072293645747e-11
2.555422945985175537e-11
2.408425759191676968e-11
2.268805282327715167e-11
2.136275351306115686e-11
2.010554115804783913e-11
1.891366589317157778e-11
1.778442872312570774e-11
1.671519311734370488e-11
1.570338953015954788e-11
1.474650336085799937e-11
1.384209595394102028e-11
1.298778675103216679e-11
1.218126722048563340e-11
1.142027996449138953e-11
1.070268878962743181e-11
1.002637700227789286e-11
9.389310823078032696e-12
8.789532206172703719e-12
8.225152464720406162e-12
7.694350570044129673e-12
7.195380721802533339e-12
6.726559862419742365e-12
6.286277986943849273e-12
5.872989754900715001e-12
5.485215177740170649e-12
5.121542100356699027e-12
4.780617301999741782e-12
4.461153354983872389e-12
4.161920477486951200e-12
3.881726150260784096e-12
3.619504179373075760e-12
3.374171242695638414e-12
3.144724277761052142e-12
2.930209178462819797e-12
2.729714387029776293e-12
2.542401333016382717e-12
2.367454000654250449e-12
2.204104171678469433e-12
2.051629423720134583e-12
1.909348369328034665e-12
1.776613954632782841e-12
1.652822522959697488e-12
1.537399133688056286e-12
1.429806571625852112e-12
1.329538318716627065e-12
1.236116089515645031e-12
1.149094549952475793e-12
1.068050859122113024e-12
9.925915780223420761e-13
9.223458262488438219e-13
8.569545020051260646e-13
7.960844961629437511e-13
7.394833142867995753e-13
6.868313878835670487e-13
6.378616361346545969e-13
5.923237472165228886e-13
5.499838399091160146e-13
5.106231876064555008e-13
4.740372459524972158e-13
4.400235613578817933e-13
4.084222182354019835e-13
3.790602995023534456e-13
3.517567066980828640e-13
3.264257388805535035e-13
3.028977413602695173e-13
2.810471616563600147e-13
2.607566523173764516e-13
2.419160949459473726e-13
2.244241176594171879e-13
2.081852157170559370e-13
1.931113775315562584e-13
1.791198775491149829e-13
1.661050744546567408e-13
1.540468847455177726e-13
1.428594804857116829e-13
1.324784758691423431e-13
1.228457404462775075e-13
1.139067967929276537e-13
1.056162463563498675e-13
9.792464594948153431e-14
9.078646308261703333e-14
8.416748168935131654e-14
7.802815908060325136e-14
7.233423068815965679e-14
6.705129363867614261e-14
6.215288612508801084e-14
5.760998337289624442e-14
5.339676243086596328e-14
4.948937369675671030e-14
4.586663555197867710e-14
4.250745706509975897e-14
3.939163081614507947e-14
3.650275039980391373e-14
3.382434329623362966e-14
3.134052432962680638e-14
2.903684831843981732e-14
2.690379434397699107e-14
2.492403183839684463e-14
2.308850321194881045e-14
2.138696326816381278e-14
1.980988465122502832e-14
1.834682460970106053e-14
1.699017208490976235e-14
1.573290392791798998e-14
1.456714132595475287e-14
1.348631925200610754e-14
1.248407227619618817e-14
1.155449255646662186e-14
1.069266400237299118e-14
9.893795831768073078e-15
9.152816449926861692e-15
8.465627420661392753e-15
7.828254500384389958e-15
7.237213403289132760e-15
6.689199262648528747e-15
6.180900467425846511e-15
5.709284940288029142e-15
5.271849214576376968e-15
4.866398681623211271e-15
4.490011930164495062e-15
4.140951224771285700e-15
3.817186719480511238e-15
3.516655025087597819e-15
3.237926045505889459e-15
2.979520990622262718e-15
2.739735893647878774e-15
2.517289973562050470e-15
2.310973254671700512e-15
2.119666522963967183e-15
1.942037560146246474e-15
1.777422225220024737e-15
1.624872395895217969e-15
1.483365274330878659e-15
1.352298707769544049e-15
1.230797630498687527e-15
1.118280393997529986e-15
1.014121983580867075e-15
9.177410839378307411e-16
8.285097438731350476e-16
7.462481980671965882e-16
6.702159498567353772e-16
6.001205376947581998e-16
5.355362483198655115e-16
4.761808357317990721e-16
4.216693815198617422e-16
3.716970881735466350e-16
3.259988716252567724e-16
2.842959275389847649e-16
2.463532289830120678e-16
2.119490021760045018e-16
1.808820602470799540e-16
1.529733532819942277e-16
