# bin_3_3
2.298837162023972302e-08
2.321594078132557898e-08
2.344588746270702780e-08
2.367860149698942339e-08
2.391277169594617523e-08
2.414936129039407173e-08
2.438789522027035481e-08
2.462822995334114487e-08
2.487022870123489344e-08
2.511249271885442735e-08
2.535710692653243954e-08
2.560462704267979342e-08
2.585352127833561933e-08
2.609950474012123232e-08
2.634794274882364945e-08
2.659679544419760098e-08
2.684584801174297576e-08
2.709488621051346447e-08
2.734355098813415600e-08
2.759177586242394710e-08
2.783923222777711862e-08
2.808566689547992004e-08
2.833029547578655682e-08
2.857421058057256078e-08
2.881589219362571655e-08
2.905540647180647194e-08
2.929232152026335091e-08
2.952651908441489572e-08
2.975759241009412467e-08
2.998495129723750745e-08
3.020862651049637051e-08
3.042856328585384382e-08
3.064371286021285319e-08
3.085396574627462440e-08
3.104459369588896752e-08
3.125835912588092101e-08
3.144779658582871141e-08
3.163871170343827750e-08
3.182556250761855619e-08
3.199246072853535463e-08
3.215744882117632544e-08
3.231493596003814489e-08
3.246400336764965097e-08
3.260429361829776416e-08
3.273543479063356387e-08
3.285697390789881149e-08
3.296792761250155570e-08
3.306958422025877234e-08
3.315978084815102064e-08
3.323903118555829412e-08
3.330657330491670171e-08
3.336221324807584940e-08
3.340554317615718865e-08
3.343600092703830188e-08
3.345360635076807929e-08
3.345779945950074901e-08
3.344830620016094070e-08
3.342473329238095771e-08
3.338682890024632761e-08
3.332972172097493820e-08
3.326706314633004991e-08
3.318462870218921766e-08
3.308645481972354135e-08
3.297357296788091516e-08
3.284464301172909284e-08
3.270016730496374911e-08
3.253906146743483481e-08
3.236219483359083002e-08
3.216925366437058961e-08
3.195783118729584234e-08
3.173487504517099898e-08
3.149364548270116702e-08
3.123601606532224888e-08
3.096277634389260267e-08
3.067368787329866808e-08
3.036906689687853997e-08
3.004905604403648648e-08
2.971391364338883210e-08
2.936422345159351053e-08
2.900002163241921847e-08
2.862205695022657197e-08
2.823003442250767352e-08
2.782525343893991848e-08
2.740786978658370404e-08
2.697848648084209964e-08
2.653789981028631877e-08
2.608619461378131402e-08
2.562425372487597279e-08
2.515362161229579489e-08
2.467419179617085989e-08
2.418658063075749225e-08
2.369210764347084842e-08
2.319140226854308880e-08
2.268553496195405879e-08
2.217480148579097562e-08
2.166066952250757130e-08
2.114381671684824309e-08
2.062534473467493160e-08
2.010567006754620119e-08
1.958619565460933276e-08
1.906763319495108603e-08
1.855101978350929241e-08
1.803656369335986673e-08
1.752646603555396367e-08
1.702056282762991723e-08
1.651972911103937018e-08
1.602484655976549855e-08
1.553673435673921179e-08
1.505606793643518121e-08
1.458318751079376649e-08
1.411888463216944132e-08
1.366359611346966625e-08
1.321756775435784554e-08
1.278128435230463363e-08
1.235446254056671850e-08
1.193883274928211710e-08
1.153305318830957571e-08
1.113759212315770464e-08
1.075258015066622755e-08
1.037788014736738623e-08
1.001357293220269120e-08
9.659329507032810155e-09
9.314999984144890901e-09
8.980621299103785741e-09
8.655607764774469543e-09
8.339747323272785512e-09
8.032797116573182012e-09
7.734380046590169132e-09
7.444215526565769338e-09
7.161921857363817192e-09
6.889129247334481138e-09
6.620625353322127619e-09
6.360858635485488549e-09
6.108183307193953093e-09
5.862396779355082089e-09
5.623497101043971183e-09
5.391239704617189411e-09
5.165998467925096590e-09
4.947319435572789382e-09
4.735756461212075341e-09
4.531003524951543816e-09
4.333285846645700679e-09
4.142700005568204110e-09
3.959308872277115504e-09
3.783198411325655443e-09
3.614300907617958001e-09
3.452760265892537206e-09
3.298538306698550313e-09
3.151356089892114470e-09
3.011110755593141138e-09
2.877511567337038932e-09
2.750517433210192891e-09
2.629508870345529557e-09
2.514440392363434647e-09
2.404722089814762362e-09
2.300064667734645472e-09
2.200117675475034245e-09
2.104561591449052381e-09
2.013118705357104307e-09
1.925509255639681507e-09
1.841666226921063845e-09
1.761385791728543110e-09
1.684606075012758461e-09
1.611250616586732741e-09
1.541255875619880713e-09
1.474595502632465146e-09
1.411164353848149320e-09
1.350878587176849855e-09
1.293609026610642188e-09
1.239182986956042076e-09
1.187436690708683604e-09
1.138176929695176568e-09
1.091227693228928278e-09
1.046434865857428885e-09
1.003661818850497778e-09
9.628089507979037787e-10
9.237942248406285324e-10
8.865516937344651617e-10
8.510191701549597228e-10
8.171275564724953478e-10
7.848032048311678120e-10
7.539987258637484980e-10
7.244735216370906727e-10
6.963057066106202693e-10
6.693465112566160118e-10
6.435349528592868675e-10
6.188269650624818595e-10
5.951866004368972998e-10
5.724740949910677228e-10
5.507385616573692661e-10
5.298893735009004979e-10
5.098862266575538530e-10
4.906747876608161102e-10
4.722182228615598609e-10
4.544788254257952051e-10
4.374188052584329645e-10
4.210074354737182988e-10
4.052101700714187452e-10
3.900193410132369208e-10
3.753621148962408901e-10
3.612147699873530156e-10
3.475940421875649413e-10
3.344556435972050149e-10
3.217780590056071957e-10
3.095412615893210234e-10
2.977263742139571442e-10
2.863157948753603047e-10
2.752930023725994756e-10
2.646426772242419861e-10
2.543503917117983574e-10
2.444026676274156922e-10
2.347869569419505250e-10
2.254913122986291805e-10
2.165046158297401262e-10
2.078163673427946214e-10
1.994166674099848746e-10
1.912962129690683881e-10
1.834462503315865581e-10
1.758585368958444961e-10
1.685252347037663641e-10
1.614389627986074634e-10
1.545927090280815016e-10
1.479797404213942070e-10
1.415936723780429424e-10
1.354283775276390526e-10
1.294779416836241625e-10
1.237366904811284848e-10
1.181991349306041618e-10
1.128599471607163077e-10
1.077139746070989504e-10
1.027561835375878493e-10
9.798168001739683066e-11
9.338565920710925717e-11
8.896345835164483261e-11
8.471048243846736686e-11
8.062220143627680661e-11
7.669419223543366977e-11
7.292208189598530000e-11
6.930156236033301212e-11
6.582840432665440259e-11
6.249840392324828934e-11
5.930743762658996051e-11
5.625141677057467500e-11
5.332630183067675164e-11
5.052811458080767414e-11
4.785290306935529158e-11
4.529678252667642794e-11
4.285590140799402246e-11
4.052646696565472806e-11
3.830473415688558760e-11
3.618700898414695950e-11
3.416965499847367524e-11
3.224909031826924029e-11
3.042179218233224669e-11
2.868429740466445590e-11
2.703320838534688638e-11
2.546518520389960700e-11
2.397696282208055455e-11
2.256533868751029665e-11
2.122718043818519502e-11
1.995943392639396750e-11
1.875910645238560625e-11
1.762326838815847269e-11
1.654913352635195260e-11
1.553391756465760967e-11
1.457494370159020809e-11
1.366960378434026457e-11
1.281538582439962237e-11
1.200984152032985672e-11
1.125061479700880121e-11
1.053542725524247372e-11
9.862075040964277522e-12
9.228447239400739013e-12
8.632497050352998251e-12
8.072269555445224189e-12
7.545880234149094054e-12
7.051519462668161133e-12
6.587461650220007452e-12
6.152041952608045967e-12
5.743680981235511797e-12
5.360861195145588112e-12
5.002136911813412792e-12
4.666096870555926814e-12
4.351500450233640601e-12
4.057064671520875470e-12
3.781599354108443322e-12
3.523978675382239977e-12
3.283134989070706949e-12
3.058050980247704930e-12
2.847770881911679054e-12
2.651382283050516791e-12
2.468027533924832222e-12
2.296894695131473618e-12
2.137214760950836783e-12
1.988267220280797263e-12
1.849366972697399478e-12
1.719872971798699273e-12
1.599179265498122629e-12
1.486671573018738113e-12
1.381906544618004419e-12
1.284331516387866116e-12
1.193475315501194833e-12
1.108892786418267203e-12
1.030167160194033326e-12
9.569087503654820537e-13
8.887498545342052081e-13
8.253488007267975459e-13
7.663830817954831780e-13
7.115522531357826511e-13
6.605754230243805687e-13
6.131653998020463208e-13
5.691245985416160900e-13
5.281982043048826545e-13
4.901712710845845442e-13
4.548432382786142049e-13
4.220105316548091256e-13
3.915275450480292903e-13
3.632190937692441905e-13
3.369288770444817113e-13
3.125240642508955732e-13
2.898644308977244790e-13
2.688284619721917704e-13
2.493058085185118080e-13
2.311870567457418664e-13
2.143714700278686001e-13
1.987678622182558646e-13
1.842910834193446525e-13
1.708597813477773437e-13
1.583962856883400509e-13
1.468370368025296174e-13
1.361150535247328616e-13
1.261705768123867356e-13
1.169454370180105945e-13
1.083911622282993862e-13
1.004581731488761424e-13
9.310156560970195210e-14
8.627974670921528144e-14
7.995426085260125061e-14
7.409181471442279558e-14
6.865332318498028805e-14
6.361224101930643058e-14
5.893946848488274007e-14
5.460826351197145073e-14
5.058920281955426560e-14
4.686832102689175641e-14
4.341640838829837425e-14
4.021807248405412453e-14
3.725311751550869245e-14
3.450544371007221330e-14
3.195711145068118895e-14
2.959706393190943925e-14
2.740781939832453342e-14
2.537990121349597778e-14
2.350051250657308891e-14
2.175818748027024000e-14
2.014268608539106502e-14
1.864582300104646736e-14
1.725854913518897057e-14
1.597272651525595317e-14
1.478129525032181725e-14
1.367612542899039694e-14
1.265217087992927121e-14
1.170305831574795453e-14
1.082324610778127271e-14
1.000748235002420722e-14
9.251616870269281629e-15
8.550537932859193097e-15
7.900509259051108799e-15
7.298003393999285807e-15
6.739420616846905659e-15
6.221371158306370213e-15
5.740981421619757247e-15
5.295773216547813608e-15
4.882819506737969458e-15
4.499963048926273633e-15
4.144995800426461431e-15
3.815862127787362756e-15
3.510377897014081840e-15
3.227346674942868406e-15
2.964882674606157723e-15
2.721546094052507579e-15
2.495975756244771191e-15
2.286789720535397807e-15
2.092907587448124471e-15
1.913241809114839662e-15
1.746710721901669125e-15
1.592379891100359863e-15
1.449645857391818924e-15
1.317419673470980368e-15
1.195098495434821619e-15
1.081950797091781258e-15
9.774371223997849727e-16
8.809055140800076036e-16
7.918181374176788702e-16
7.096967757785467104e-16
6.340574564106051354e-16
5.644838817782666663e-16
5.005840952855411156e-16
4.420059493394529389e-16
3.884343805921156755e-16
