# bin_5_4
2.856171787956930624e-08
2.889019371798406109e-08
2.922363538564169676e-08
2.956263401458727109e-08
2.990540533253580665e-08
3.025347106166123337e-08
3.060621414521080707e-08
3.096354545309712309e-08
3.132535189960648265e-08
3.168966955236667384e-08
3.205981623326507646e-08
3.241651921714616101e-08
3.281482042510462919e-08
3.319725955755026831e-08
3.358291308812590911e-08
3.397217838863851417e-08
3.436466220727481380e-08
3.476024872250344834e-08
3.515848676620752716e-08
3.555942771291177320e-08
3.596266955347889554e-08
3.636725348428289048e-08
3.677476544850072746e-08
3.718356855337833590e-08
3.759344528010242434e-08
3.800416601248139511e-08
3.841420738506527952e-08
3.882688011431916214e-08
3.923826262185610830e-08
3.964907288322914961e-08
4.005892943249583891e-08
4.046773384070287786e-08
4.087474196689124652e-08
4.127963237758442945e-08
4.166340057706422638e-08
4.207926074964312322e-08
4.247709062298241547e-08
4.286864967597623393e-08
4.326599835961267292e-08
4.363801372702020821e-08
4.401509392787540022e-08
4.438585449268365976e-08
4.475013353173689672e-08
4.510696655376470736e-08
4.545627062629223729e-08
4.579726581465349638e-08
4.612934160746704413e-08
4.647093976678464557e-08
4.676440576089994806e-08
4.706630064652245671e-08
4.735660821748588610e-08
4.763513975144794998e-08
4.790110346638425820e-08
4.815305008833507142e-08
4.839480060947687944e-08
4.861695831752466446e-08
4.882625259474962761e-08
4.901974136738050163e-08
4.919693768787332913e-08
4.935524703552985268e-08
4.949955841254475455e-08
4.962388097796577458e-08
4.973077382550164852e-08
4.981559036125144152e-08
4.988173465673858240e-08
4.992734506413416017e-08
4.995207940429816121e-08
4.995523121697061668e-08
4.993632432745988875e-08
4.989430820632887693e-08
4.983008961591822297e-08
4.974258305693010369e-08
4.963132553849045997e-08
4.949584844639202756e-08
4.933596445909529945e-08
4.915152084059938942e-08
4.894175070663446568e-08
4.870752927013575469e-08
4.844789051563275202e-08
4.816287229181018058e-08
4.785248334454640980e-08
4.751681550774264248e-08
4.715719847914353628e-08
4.676995199041512654e-08
4.636258361077890710e-08
4.592341607561724569e-08
4.546353909275914512e-08
4.498107260831800670e-08
4.447226470136414602e-08
4.394183452404660944e-08
4.338901942049900648e-08
4.281440754573746764e-08
4.221869634957331448e-08
4.160373835225990209e-08
4.096722019989990408e-08
4.031322234213414001e-08
3.964159341080948173e-08
3.895342653169170804e-08
3.824976404837399133e-08
3.753179540673367285e-08
3.680067343802198376e-08
3.605767114311573434e-08
3.530487832677409280e-08
3.454121963435245540e-08
3.377047045618405443e-08
3.299315135618716950e-08
3.221079095762978335e-08
3.142474003045431026e-08
3.063647083457651525e-08
2.984740334971163612e-08
2.905902132407761382e-08
2.827336378184043214e-08
2.749000079622664383e-08
2.671220208297101253e-08
2.594138690221276081e-08
2.517688871551520538e-08
2.442189561964060133e-08
2.367689655751613707e-08
2.294302470864576982e-08
2.222119104387009513e-08
2.151228640890028105e-08
2.081704764005984654e-08
2.013682598341577753e-08
1.947016895384727830e-08
1.881950373119875600e-08
1.818446349206741378e-08
1.756575071784762100e-08
1.696223422562867108e-08
1.637599223005999958e-08
1.580449651234892465e-08
1.524906450767449782e-08
1.470952904975840565e-08
1.418600024639510191e-08
1.367613475621452550e-08
1.318097694047956885e-08
1.270020744149709816e-08
1.223285064262270596e-08
1.177769146001966992e-08
1.133559278219784300e-08
1.090516468394828751e-08
1.048593175355311228e-08
1.007815952438368191e-08
9.680660967293073703e-09
9.293757197067731485e-09
8.917212823745244903e-09
8.550615885162303755e-09
8.194027653218986752e-09
7.847804189168426213e-09
7.511144755530892750e-09
7.185034481580195440e-09
6.869962245651372572e-09
6.565267222990162827e-09
6.271780073828926131e-09
5.989306123963796095e-09
5.718287667081471746e-09
5.458722778460572959e-09
5.210724278877862924e-09
4.973918914587233514e-09
4.748422666631522157e-09
4.533918177376267627e-09
4.329868415005906619e-09
4.135831752786046786e-09
3.951280099987664316e-09
3.775581911160232410e-09
3.608087392361201381e-09
3.448214394945604460e-09
3.295352414897353404e-09
3.149023019628745790e-09
3.008825786359070548e-09
2.874485646922293715e-09
2.745679575157661703e-09
2.622457619950921933e-09
2.504570033898178485e-09
2.392127366475121358e-09
2.285034297704196237e-09
2.183219087343867750e-09
2.086545838489984763e-09
1.994815625082664496e-09
1.907770472299393921e-09
1.825108550234273959e-09
1.746511929793535218e-09
1.671674260170263167e-09
1.600356123066515826e-09
1.532287994947087067e-09
1.467313306929811244e-09
1.405317506508756978e-09
1.346231339061215131e-09
1.289916241036693497e-09
1.236299928572706946e-09
1.185242924524668142e-09
1.136591834294301104e-09
1.090217234356026630e-09
1.045958218070742158e-09
1.003695062581447135e-09
9.633190304172949998e-10
9.247294139660943898e-10
8.878461395180706782e-10
8.525817848700920674e-10
8.188552382044026439e-10
7.865861416007678209e-10
7.556934434278389645e-10
7.261025673170475179e-10
6.977425445579970492e-10
6.705489337314765897e-10
6.444619039554875797e-10
6.194259232782015767e-10
5.953887087040329638e-10
5.723004003946282267e-10
5.501130667150986994e-10
5.287810340061836122e-10
5.082624777803484506e-10
4.885192236121391479e-10
4.695153937014432860e-10
4.512167516613098701e-10
4.335907703776133432e-10
4.166072401885247814e-10
4.002382778065200315e-10
3.844578253598281299e-10
3.692412620612042060e-10
3.545653199259757972e-10
3.404082743534025666e-10
3.267497905181290602e-10
3.135706680079481528e-10
3.008528384399272171e-10
2.885792510590452515e-10
2.767338434731749295e-10
2.653015436673563125e-10
2.542681593151560928e-10
2.436202856223507994e-10
2.333452770592974323e-10
2.234311295435121239e-10
2.138664614381153581e-10
2.046404206961095670e-10
1.957426901502409983e-10
1.871633915919765383e-10
1.788930328819544265e-10
1.709225373347508694e-10
1.632431492800791406e-10
1.558464255413958190e-10
1.487242345436246295e-10
1.418686665733153825e-10
1.352720856494790787e-10
1.289270575344517998e-10
1.228263483786580967e-10
1.169629301159360844e-10
1.113299186301422320e-10
1.059206164063003647e-10
1.007284539232074827e-10
9.574701265007436698e-11
9.096999893542300775e-11
8.639123944415087809e-11
8.200467749417950815e-11
7.780436501596694937e-11
7.378445796474290392e-11
6.993921357203132195e-11
6.626299207783806491e-11
6.275024222987468186e-11
5.939552196790286837e-11
5.619347641156994863e-11
5.313884847373030223e-11
5.022648606098424417e-11
4.745131678619219632e-11
4.480835994435058572e-11
4.229279419273610131e-11
3.989982439445303792e-11
3.762478361924405040e-11
3.546309083782457204e-11
3.341028925818448180e-11
3.146200088175317960e-11
2.961396836890595601e-11
2.786203447231876870e-11
2.620214041979750036e-11
2.463035240444655758e-11
2.314282346482914483e-11
2.173583458453961965e-11
2.040576573168193728e-11
1.914910522341097903e-11
1.796246308360964432e-11
1.684254070632564709e-11
1.578616678995161201e-11
1.479026502556913752e-11
1.385187042669184998e-11
1.296809174427580851e-11
1.213624496585247864e-11
1.135364697304106270e-11
1.061774436728795004e-11
9.926091551022940348e-12
9.276342773771233317e-12
8.666243079972146508e-12
8.093644703245853614e-12
7.556482651495524416e-12
7.052791537110655981e-12
6.580692974783882105e-12
6.138392621224095351e-12
5.724187683262957896e-12
5.336448889150653563e-12
4.973632872754184570e-12
4.634269238527374241e-12
4.316917271183198205e-12
4.020347096985302565e-12
3.743253187581533080e-12
3.484449369061415729e-12
3.242809035665112909e-12
3.017268264515243337e-12
2.806823247617268489e-12
2.610522808594292331e-12
2.427473419737420714e-12
2.256828974705873882e-12
2.097794272464121256e-12
1.949620706967171781e-12
1.811539868986224788e-12
1.683018121928051295e-12
1.563365424136706992e-12
1.451996236056521486e-12
1.348361059440107786e-12
1.251913346945227228e-12
1.162233908055281519e-12
1.078808383812600690e-12
1.001269904093865260e-12
9.291910656163920620e-13
8.621867289001062145e-13
7.999363807745761794e-13
7.420999477188313665e-13
6.883737540219882846e-13
6.384734922178269446e-13
5.921338607787590519e-13
5.491071904286882541e-13
5.091619865102547284e-13
4.720357971330427616e-13
4.376158963975487267e-13
4.056731059216148534e-13
3.760327616289002505e-13
3.485321328576832764e-13
3.230196537136022385e-13
2.993600969058860922e-13
2.774103536659815007e-13
2.570539577304382336e-13
2.381771650930408554e-13
2.206741629215896714e-13
2.044403322311607326e-13
1.893992659030822901e-13
1.754500426340622927e-13
1.625218713613708908e-13
1.505333348531899840e-13
1.394274254586773754e-13
1.291331702074048589e-13
1.195940507243253822e-13
1.107532347416887457e-13
1.025609543569793875e-13
9.497157029272611819e-14
8.793911722770474128e-14
8.142251344692315413e-14
7.538743981094076375e-14
6.979471094539819324e-14
6.461416437869012481e-14
5.981385960477080248e-14
5.536890207184666549e-14
5.125166589076534415e-14
4.743730221667750160e-14
4.390435114714187033e-14
4.063129054207705568e-14
3.760063912673473640e-14
3.479346742929113413e-14
3.219345717857094892e-14
2.978517314824452397e-14
2.755505398479921717e-14
2.548915415702102583e-14
2.357582009197942137e-14
2.180330421113280026e-14
2.016199685559384228e-14
1.864161408065952525e-14
1.723343099205420197e-14
1.592903456239819235e-14
1.472117573361903893e-14
1.360166761249237885e-14
1.256494793001940239e-14
1.160456198131046186e-14
1.071452446303552611e-14
9.890401643517946942e-15
9.126390773019738480e-15
8.418923576961617113e-15
7.763444232671630313e-15
7.156033226783773715e-15
6.593040018460069693e-15
6.071714439651107527e-15
5.588335939764474874e-15
5.140327975738554474e-15
4.725541596839104931e-15
4.341169285248308589e-15
3.985053793179860884e-15
3.655000312828550285e-15
3.349359352471672967e-15
3.066230491809466702e-15
2.804092867287554286e-15
2.561262115014899358e-15
2.336414090901195180e-15
2.128272952519570880e-15
1.935655748233130602e-15
1.757399171973065440e-15
1.592670946669981392e-15
