# bin_4_3
2.448927194387152633e-08
2.474329183872694753e-08
2.500034187430072623e-08
2.526047043322669735e-08
2.552393986198695778e-08
2.578910100596760448e-08
2.605741142663022463e-08
2.632821069313599430e-08
2.660136836927037532e-08
2.687454203800142216e-08
2.715170489060515468e-08
2.743346514549139591e-08
2.771625512326209735e-08
2.799704178176429973e-08
2.828092310578231399e-08
2.856593383848997244e-08
2.885186651358010999e-08
2.913851343991468804e-08
2.942559046440934489e-08
2.971279506436333071e-08
3.000002693876813644e-08
3.028579994860010825e-08
3.057321944476584246e-08
3.085852364615899983e-08
3.114287853969075191e-08
3.142567672798000044e-08
3.170655157804772831e-08
3.198536780986520711e-08
3.226179554618253978e-08
3.253513509870387570e-08
3.280542593597067359e-08
3.307217848041757658e-08
3.333499676245208760e-08
3.359346382665144904e-08
3.383160273957814936e-08
3.409581271521126374e-08
3.433885007346048659e-08
3.457600237719911597e-08
3.481499101026911462e-08
3.502972245739591951e-08
3.524721397601677822e-08
3.545613809532583000e-08
3.565686902510849263e-08
3.584897750098815331e-08
3.603207144630646495e-08
3.620563200425183597e-08
3.636727123420766820e-08
3.652226064636650554e-08
3.666449290389734077e-08
3.679536813906678028e-08
3.691443269805303471e-08
3.702105437512599266e-08
3.711509066115215665e-08
3.719457424186949682e-08
3.726390441387710422e-08
3.731651007911224717e-08
3.735540927918851870e-08
3.737942802927154375e-08
3.738823768671699643e-08
3.737828885571948660e-08
3.735876679061373244e-08
3.731985715664644515e-08
3.726405319353784580e-08
3.719189332539135497e-08
3.710227334644477500e-08
3.699452428618341724e-08
3.687060181662157423e-08
3.672810322200164395e-08
3.656761937068943871e-08
3.638678083166861285e-08
3.619197357900925528e-08
3.597589338616231369e-08
3.573816461974748293e-08
3.549105627107210403e-08
3.522074168448547347e-08
3.493222139330775728e-08
3.462477000014267889e-08
3.430102434862797956e-08
3.395892186358658279e-08
3.359927958119383545e-08
3.322199587852120486e-08
3.282902944046305684e-08
3.241920397528320091e-08
3.199350853559314399e-08
3.155241461951250248e-08
3.109603545763381317e-08
3.062636008858741859e-08
3.014255305491949254e-08
2.964601054364688443e-08
2.913681678425463287e-08
2.861705418685873860e-08
2.808633001270660608e-08
2.754587354226466602e-08
2.699628344339869590e-08
2.643944199633978997e-08
2.587533696611081064e-08
2.530524995745848580e-08
2.472993206032259145e-08
2.415122578546479040e-08
2.356933735909941521e-08
2.298555589284680068e-08
2.240068621789430797e-08
2.181637744616760967e-08
2.123340717072337792e-08
2.065234290144004239e-08
2.007476335316713818e-08
1.950174436425217167e-08
1.893374441047305012e-08
1.837173073598167755e-08
1.781713748280912470e-08
1.727001099512456305e-08
1.673162783245065378e-08
1.620269591334061034e-08
1.568338853479442137e-08
1.517447411460393791e-08
1.467623994507359823e-08
1.418903283748795546e-08
1.371337393733682207e-08
1.324936755083572763e-08
1.279721367935165517e-08
1.235664112279220158e-08
1.192812065595401354e-08
1.151125953010486746e-08
1.110585670665303944e-08
1.071203066790750164e-08
1.032934128709840011e-08
9.957574009903005061e-09
9.596259593081511386e-09
9.245593024363670067e-09
8.903898437992157939e-09
8.572104879653690523e-09
8.249249608293420459e-09
7.935623916470413328e-09
7.629627490823809060e-09
7.332243810802244962e-09
7.042660705890361386e-09
6.761095700113704272e-09
6.486716241533163045e-09
6.220100444718803542e-09
5.961008459506121517e-09
5.709443281491241431e-09
5.465520340268803328e-09
5.229338973965965651e-09
5.001008757686717182e-09
4.780693925915711655e-09
4.568525096266034161e-09
4.364576488840728411e-09
4.169172374586488192e-09
3.981728154587168024e-09
3.802820209346666086e-09
3.632157253659786122e-09
3.469575834774414284e-09
3.314840378361243267e-09
3.167656872891182061e-09
3.027650825507000750e-09
2.894417922032471540e-09
2.767520217958301652e-09
2.646512712777118358e-09
2.530965126937854317e-09
2.420485099421453204e-09
2.314733503996054746e-09
2.213411026459642523e-09
2.116338209303331368e-09
2.023354718620968719e-09
1.934355232489244520e-09
1.849366485418830858e-09
1.768162555766782707e-09
1.690866239507919326e-09
1.617358628487120144e-09
1.547516618603181547e-09
1.481205737352226233e-09
1.418229135068106687e-09
1.358374490717648953e-09
1.301423966371062641e-09
1.247159177796819669e-09
1.195396519583132854e-09
1.145980675302694353e-09
1.098793757271639965e-09
1.053810418361306313e-09
1.010763511736289799e-09
9.698053213197286390e-10
9.306971385310477730e-10
8.934426335084532730e-10
8.579404163634946653e-10
8.240183546579391309e-10
7.915820734850129282e-10
7.605977832675637786e-10
7.309802389872060826e-10
7.026152048463162954e-10
6.754630610301799843e-10
6.494596951542433710e-10
6.245591102553641255e-10
6.007031938105995499e-10
5.778082666431122081e-10
5.558530345694142075e-10
5.347731294260143995e-10
5.145271124129629086e-10
4.950704528579982137e-10
4.763650044269935437e-10
4.583744015078001716e-10
4.410694260079185741e-10
4.243957453086920388e-10
4.083486222991968983e-10
3.928734834117064383e-10
3.779679085222278608e-10
3.635889337360269176e-10
3.497185241970934195e-10
3.363343148734266901e-10
3.234153451417637651e-10
3.109422084849142092e-10
2.988969957984015776e-10
2.872624613147599985e-10
2.760228138364813625e-10
2.651630277440398244e-10
2.546690249757036477e-10
2.445277781945140846e-10
2.347267645646799048e-10
2.252543907205859169e-10
2.160995931108969767e-10
2.072489712871843025e-10
1.986991126581988844e-10
1.904376487747052856e-10
1.824558623661067900e-10
1.747455391040496090e-10
1.672988566282551705e-10
1.601083289961185730e-10
1.531668226951664256e-10
1.464674916594624459e-10
1.400037411059903636e-10
1.337692366997205254e-10
1.277578369178951303e-10
1.219636091390295388e-10
1.163807727387930774e-10
1.110037437705293391e-10
1.058270592977090748e-10
1.008473214982751872e-10
9.605535381751994591e-11
9.144804897544837117e-11
8.702039388333692313e-11
8.276747288518930587e-11
7.868441325572487806e-11
7.476645149837801596e-11
7.100891664822372212e-11
6.740713879103530652e-11
6.395655638483281043e-11
6.065267778757682636e-11
5.749103164634280771e-11
5.446722804631381301e-11
5.157693054940237326e-11
4.881585425767096470e-11
4.617977515669108031e-11
4.366452731369698690e-11
4.126601550743323292e-11
3.898015046658176466e-11
3.680302309103781007e-11
3.473069492107163418e-11
3.275930469033081547e-11
3.088508889677672413e-11
2.910433238503039130e-11
2.741340185839509133e-11
2.580792378472821947e-11
2.428608691334141576e-11
2.284361302859718187e-11
2.147722698645162979e-11
2.018366089922641342e-11
1.895975902211873346e-11
1.780243813453665288e-11
1.670871862700382800e-11
1.567568832553653251e-11
1.470053534757166472e-11
1.378053196249552277e-11
1.291303211007214813e-11
1.209549240617384624e-11
1.132544049213685436e-11
1.060050681374081354e-11
9.918400719120154475e-12
9.276916246216717683e-12
8.673942384510985138e-12
8.107437485011466910e-12
7.575457331339945379e-12
7.076128861352010443e-12
6.607662106251371979e-12
6.168312743352780606e-12
5.756517475232822210e-12
5.370682953276723302e-12
5.009318864590104921e-12
4.671011240275528828e-12
4.354415495552051297e-12
4.058247952408396966e-12
3.781298421907755273e-12
3.522409910497580805e-12
3.280491532559350740e-12
3.054508270605495449e-12
2.843478057676679161e-12
2.646477892765613110e-12
2.462629187231595557e-12
2.291107495260143301e-12
2.131132281897760303e-12
1.981923445999313172e-12
1.842881195775566201e-12
1.713303721590204712e-12
1.592579336702908170e-12
1.480129650291320930e-12
1.375412154774058084e-12
1.277918566321568220e-12
1.187169027373359823e-12
1.102716497272215793e-12
1.024138910382844444e-12
9.510423059317590949e-13
8.830578337293751694e-13
8.197951660031328506e-13
7.610212246426361881e-13
7.063863443598935254e-13
6.556071473948807322e-13
6.084189096229337803e-13
5.645522069449111953e-13
5.238169144140306257e-13
4.859789839496143270e-13
4.508327371120098064e-13
4.181992542878984560e-13
3.878951015899503831e-13
3.597584487060557038e-13
3.336413145002929944e-13
3.093990961417730071e-13
2.868982169447998365e-13
2.660168697897622145e-13
2.466419179462278255e-13
2.286641103473651044e-13
2.119841534862231655e-13
1.965074121788955529e-13
1.821536990018860546e-13
1.688402335303858639e-13
1.564901340111626077e-13
1.450375720877324538e-13
1.344167622438963661e-13
1.245677335014737947e-13
1.154348907753531675e-13
1.069667586576044982e-13
9.911795496956797438e-14
9.183806115019528431e-14
8.509159618685371815e-14
7.883534609723943817e-14
7.303904493687695213e-14
6.765996457396267929e-14
6.267987948294667365e-14
5.806108345709844154e-14
5.378153684643012517e-14
4.981478430822184093e-14
4.613895558431951973e-14
4.273068851219419021e-14
3.957402855718729053e-14
3.664677849315472866e-14
3.393522260564932360e-14
3.142263048045432697e-14
2.909375843931445220e-14
2.693496719925608883e-14
2.493491379666768710e-14
2.308160776967737204e-14
2.136416715772929301e-14
1.977301758539191795e-14
1.829763391266268321e-14
1.693084235723503620e-14
1.566422921939509384e-14
1.449038045143237825e-14
1.340230794283235718e-14
1.239426235349377732e-14
1.145962273314142964e-14
1.059344030404804089e-14
9.790434743637709743e-15
9.046296073983492976e-15
8.356217974108825707e-15
7.716769742429603441e-15
7.124091532276979834e-15
6.574515590858278489e-15
6.065089653886639756e-15
5.592858880716671585e-15
5.155071050428940135e-15
4.748886184135127257e-15
4.372544191635039542e-15
4.023592627014198441e-15
3.700087445185982050e-15
3.400198088017510366e-15
3.122136442621308796e-15
2.864305198652299647e-15
2.625361482789744919e-15
2.403843269620383006e-15
2.198473136379897420e-15
2.008442292035949747e-15
1.832247863624094184e-15
1.669082082996855478e-15
1.518017481040436165e-15
1.378277103958896987e-15
1.248976289727912320e-15
1.129506024445574566e-15
1.019080101165121098e-15
9.171049194157918539e-16
8.230444119074327867e-16
7.363309800035069767e-16
6.565055538451259798e-16
5.831608475878180066e-16
