# bin_1_1
9.621410212167003592e-09
9.653347213488965256e-09
9.684142540979513535e-09
9.714289626198429454e-09
9.742216926548914455e-09
9.769208301934257526e-09
9.794729219816224029e-09
9.818692488958868980e-09
9.841027761919785112e-09
9.861614531551294463e-09
9.879125768239818760e-09
9.897267008789722065e-09
9.912130213302900422e-09
9.924906750331177065e-09
9.935490716615904735e-09
9.943799718653199337e-09
9.949739123495745320e-09
9.953267752332111666e-09
9.954165206075979799e-09
9.952469864364655166e-09
9.948071550640569943e-09
9.940881202085396433e-09
9.930751554305762054e-09
9.917689265244681512e-09
9.901572197553720086e-09
9.882357052490908080e-09
9.859936622476300418e-09
9.834296944253884105e-09
9.805341219769246419e-09
9.772974736098768525e-09
9.737169042135485922e-09
9.697903098632373424e-09
9.655136397630726327e-09
9.608781702603296317e-09
9.558813380432029983e-09
9.505235271634380645e-09
9.445578697229987575e-09
9.387103308298326980e-09
9.322526832008537843e-09
9.254484913036330458e-09
9.182370348705626652e-09
9.106789083434013201e-09
9.027629827662838037e-09
8.944764527735228029e-09
8.858377875229669917e-09
8.768486832450863699e-09
8.675087701660056948e-09
8.578292205962092486e-09
8.478081257581934325e-09
8.374767245291443080e-09
8.268196277765513870e-09
8.158549776956883145e-09
8.045926190163996345e-09
7.930451989622586461e-09
7.812214213022626515e-09
7.691375959836175805e-09
7.568080840901366107e-09
7.442410261200849184e-09
7.314571422227141634e-09
7.184691216836600763e-09
7.052961462108394359e-09
6.919521225066156338e-09
6.784556391177328892e-09
6.648248123563203296e-09
6.510772382201357670e-09
6.372319963349238585e-09
6.233067408377653255e-09
6.093218009707145185e-09
5.952949020826517608e-09
5.811291956582967495e-09
5.671949580597571231e-09
5.531600542350896655e-09
5.391589705758402426e-09
5.252122586709537576e-09
5.113361505772727514e-09
4.975504083746469337e-09
4.838701818308079906e-09
4.703139642592054826e-09
4.568958919051036952e-09
4.436348215080198364e-09
4.305378371146809666e-09
4.176254641923081515e-09
4.049069869414762270e-09
3.923948987304783895e-09
3.800991327789655584e-09
3.680295887999789486e-09
3.561939048898247033e-09
3.445995944412226055e-09
3.332523088055070801e-09
3.221575122612339493e-09
3.113180490586915775e-09
3.007371185367577488e-09
2.904164401441043117e-09
2.803559012029061345e-09
2.705562360170675153e-09
2.610154998625139040e-09
2.517315653870291240e-09
2.427027166819080729e-09
2.339272492663474895e-09
2.253983974138068425e-09
2.171136585413735474e-09
2.090683218519956681e-09
2.012579223390606229e-09
1.936783014548480045e-09
1.863240876041301007e-09
1.791900815954096585e-09
1.722726363045152539e-09
1.655663469991728812e-09
1.590673529005632803e-09
1.527715143565622451e-09
1.466751294221740923e-09
1.407712634389010634e-09
1.350673273609671166e-09
1.295497882668923051e-09
1.242174233473469621e-09
1.190742990817185217e-09
1.141113328453263605e-09
1.093261684318597321e-09
1.047241802893355101e-09
1.002952602278099803e-09
9.603770887162146651e-10
9.195369480245723121e-10
8.803520634459863933e-10
8.428077157391130334e-10
8.068533246692727033e-10
7.730290148999540803e-10
7.396178138668855648e-10
7.082180253376997440e-10
6.782331678555970255e-10
6.496090629379713560e-10
6.222874619169569335e-10
5.961998731997874255e-10
5.713233407133774530e-10
5.475641003742347932e-10
5.248783175555062513e-10
5.032115520140566202e-10
4.825129426027755871e-10
4.627345864737545245e-10
4.438322513623847189e-10
4.257655902762179605e-10
4.084899091403149789e-10
3.919859998761191822e-10
3.762177105592730492e-10
3.611479981329153447e-10
3.467577500110630819e-10
3.330127988242744639e-10
3.198866728314345032e-10
3.073548297427294459e-10
2.953845180878343309e-10
2.839513851090126375e-10
2.730275807726960982e-10
2.625808206216989911e-10
2.525906909005851124e-10
2.430292210164822677e-10
2.338739726714865399e-10
2.251031986110231202e-10
2.166969429800475876e-10
2.086372106969956915e-10
2.009069745589212147e-10
1.934920562875767780e-10
1.863716479964279173e-10
1.795382880086805125e-10
1.729724562241760474e-10
1.666617712017781646e-10
1.605916726398166239e-10
1.547528550409681447e-10
1.491302643985836507e-10
1.437150892560313451e-10
1.384972756841981499e-10
1.334758269778062165e-10
1.286148639493798025e-10
1.239349620621142980e-10
1.194099470621624481e-10
1.150524579385180464e-10
1.108376786718946222e-10
1.067618969207145618e-10
1.028246984194064308e-10
9.901934669370455964e-11
9.533805523215013776e-11
9.177564652136829445e-11
8.832891476955444206e-11
8.499408779576355221e-11
8.176603804111046899e-11
7.864080142992810855e-11
7.561527323203115215e-11
7.268614102891155061e-11
6.985016565843731348e-11
6.710431988418467717e-11
6.444599960390974552e-11
6.187261057084643611e-11
5.938158658323198681e-11
5.697063163238640307e-11
5.463754944506492137e-11
5.238023711715101698e-11
5.019668050797212604e-11
4.808495845093360401e-11
4.604330690984297376e-11
4.406997416931572940e-11
4.216324118745277181e-11
4.032148949305956671e-11
3.854311668104067419e-11
3.682662278950223070e-11
3.517052992952071768e-11
3.357338929462346999e-11
3.203376667557243042e-11
3.055025521305473808e-11
2.912151712816816763e-11
2.774620378427804348e-11
2.642298190314569037e-11
2.515053228526434808e-11
2.392754263164068749e-11
2.275274129570723452e-11
2.162485932259012724e-11
2.054263475828112321e-11
1.950481269223721036e-11
1.851014935858092921e-11
1.755741609584947253e-11
1.664539112997159445e-11
1.577286034152435777e-11
1.493862156089787485e-11
1.414148331703498735e-11
1.338026367582279538e-11
1.265379652476718064e-11
1.196092424154827918e-11
1.130051046646608804e-11
1.067142792090904894e-11
1.007256028905156526e-11
9.502812920632249327e-12
8.961104736668328624e-12
8.446376877411753741e-12
7.957586764971961377e-12
7.493708188893681544e-12
7.053741400248722661e-12
6.636703496485329151e-12
6.241637766682737288e-12
5.867607629185044496e-12
5.513697640877928217e-12
5.179020347197552554e-12
4.862709498264044456e-12
4.563924813582635792e-12
4.281851873425926032e-12
4.015698966657456763e-12
3.764703704005618500e-12
3.528125499492798597e-12
3.305250890882077361e-12
3.095393500743337902e-12
2.897889058741004276e-12
2.712101908624313921e-12
2.537417872518349404e-12
2.373249161707552624e-12
2.219033791883879383e-12
2.074230268477156910e-12
1.938324253466221389e-12
1.810790557476478950e-12
1.691221086475073500e-12
1.579135418808085664e-12
1.474104241411223332e-12
1.375722009843854460e-12
1.283599730055356264e-12
1.197370163940037910e-12
1.116684599461420273e-12
1.041210619061935460e-12
9.706357772253454394e-13
9.046611853224592385e-13
8.430064456155193990e-13
7.854058246739285689e-13
7.316072616867077667e-13
6.813745608524919562e-13
6.344825921538339616e-13
5.907212887208139418e-13
5.498915082086436864e-13
5.118056481391452623e-13
4.762882585558810541e-13
4.431725370912607663e-13
4.123035150954504526e-13
3.835343320769994736e-13
3.567274423966334866e-13
3.317543228272864758e-13
3.084931529248392391e-13
2.868310146736964343e-13
2.666610536693472439e-13
2.478837188214110475e-13
2.304058272376866180e-13
2.141273822095853445e-13
1.989920721816215024e-13
1.849104411465912142e-13
1.718106061770370544e-13
1.596258332265535910e-13
1.482937225557317990e-13
1.377440502888175195e-13
1.279438523514225601e-13
1.188326064949235139e-13
1.103628073923569496e-13
1.024901261442786741e-13
9.517320830110981341e-14
8.837348312443111125e-14
8.205498543123651248e-14
7.618218278260658420e-14
7.072618067175088003e-14
6.565791953995014424e-14
6.095030648988427886e-14
5.657716998397068274e-14
5.251483962113689812e-14
4.874183137023968040e-14
4.523808859197678770e-14
4.198483431423084752e-14
3.896242335270029568e-14
3.615693517598926733e-14
3.355202382689303321e-14
3.113316765728834095e-14
2.888714626769832626e-14
2.680319407891903578e-14
2.486796359692335376e-14
2.307067573299986407e-14
2.140329418140899628e-14
1.985548225231292216e-14
1.841810684600719039e-14
1.708460564103274410e-14
1.584660118965487154e-14
1.469772347127026909e-14
1.363110855740608355e-14
1.264181606626609090e-14
1.172284703698314949e-14
1.087056123860417241e-14
1.007948156041652168e-14
9.345292419707898615e-15
8.664068955772846814e-15
8.031518444413070409e-15
7.444868895057417263e-15
6.900226172407656740e-15
6.394979175563927261e-15
5.925909490641628082e-15
5.490698162463965421e-15
5.086795759692738400e-15
4.711842580347733822e-15
4.363943608433251057e-15
4.041037247030001396e-15
3.741362412391651214e-15
3.463256813895764314e-15
3.205148397635450888e-15
2.965602798200337103e-15
2.743203325359375720e-15
2.536928260675854121e-15
2.345425773561641812e-15
2.167589027841465112e-15
2.002589092897633851e-15
1.849421502231523527e-15
1.707310341014208160e-15
1.575359499719197778e-15
1.452895684428977699e-15
1.339280443050816271e-15
1.233844320939742741e-15
1.135976350332489329e-15
1.045189790475404626e-15
9.609320455677846517e-16
8.827798550395588556e-16
8.102986924224815098e-16
7.430716943208174373e-16
6.807502557286777418e-16
6.229868180754717360e-16
5.694432175128451722e-16
5.198482046861506872e-16
4.739250228874532743e-16
4.314227646039935635e-16
3.921106653725192534e-16
3.557621476095970810e-16
3.221852933975832681e-16
2.911922050960370624e-16
2.626158659183295662e-16
2.362820828819802903e-16
2.120606526699208060e-16
1.897960747211485310e-16
1.693716628842445825e-16
1.506650025491795643e-16
1.335646530576426386e-16
1.179596896732096412e-16
1.037574385134961987e-16
9.086401575886952609e-17
7.919090098651447602e-17
6.865670518432933581e-17
5.918649450436359536e-17
5.070370660852010030e-17
4.314150259588398219e-17
3.642990030711790455e-17
3.050918428900465870e-17
2.531778593692607792e-17
2.078444778068384300e-17
1.689038788859964561e-17
1.354720722707521344e-17
1.071345421753384900e-17
8.339010909192487193e-18
6.375167984823551863e-18
4.774729848964487415e-18
3.492107812163145056e-18
2.484421377702009041e-18
1.710488927722912422e-18
1.132551218267024462e-18
7.151448570464736460e-19
4.258658348347239154e-19
2.355066681724632966e-19
