# ell
1.000000000000000000e+00
1.033434921133774997e+00
1.067987736218771744e+00
1.103695821951085509e+00
1.140597804713697094e+00
1.178733602359656407e+00
1.218144467392282104e+00
1.258873031589087477e+00
1.300963352117704863e+00
1.344460959193692018e+00
1.389412905331772530e+00
1.435867816243789674e+00
1.483875943438426548e+00
1.533489218579596303e+00
1.584761309662299666e+00
1.637747679066716699e+00
1.692505643553335437e+00
1.749094436264010399e+00
1.807575270796022426e+00
1.868011407418449510e+00
1.930468221502477322e+00
1.995013274239671563e+00
2.061716385724709610e+00
2.130649710481626879e+00
2.201887815515280789e+00
2.275507760972454108e+00
2.351589183499861235e+00
2.430214382389217942e+00
2.511468408602567148e+00
2.595439156774161482e+00
2.682217460288417232e+00
2.771897189536794759e+00
2.864575353459890117e+00
2.960352204484577143e+00
3.059331346969716314e+00
3.161619849277734318e+00
3.267328359593313358e+00
3.376571225614461991e+00
3.489466618245456342e+00
3.606136659425433155e+00
3.726707554230938246e+00
3.851309727395292537e+00
3.980077964392495282e+00
4.113151557238234446e+00
4.250674455165758481e+00
4.392795420339578705e+00
4.539668188775439539e+00
4.691451636640654677e+00
4.848309952114654209e+00
5.010412812995705067e+00
5.177935570245871588e+00
5.351059437672811114e+00
5.529971687953543658e+00
5.714865855212280188e+00
5.905941944371407182e+00
6.103406647502118254e+00
6.307473567408711013e+00
6.518363448688391237e+00
6.736304416516570193e+00
6.961532223415900944e+00
7.194290504276046327e+00
7.434831039899981953e+00
7.683414029361981257e+00
7.940308371471838988e+00
8.205791955649853975e+00
8.480151962527173737e+00
8.763685174596696825e+00
9.056698297250571628e+00
9.359508290551538323e+00
9.672442712097042872e+00
9.995840071346963285e+00
1.033005019579827710e+01
1.067543460940273370e+01
1.103236692363688398e+01
1.140123324164755125e+01
1.178243257590981585e+01
1.217637727984937968e+01
1.258349349389623306e+01
1.300422160645202396e+01
1.343901673026988597e+01
1.388834919476193974e+01
1.435270505476713154e+01
1.483258661632960340e+01
1.532851298005647678e+01
1.584102060264270939e+01
1.637066387717057125e+01
1.691801573281131610e+01
1.748366825457782525e+01
1.806823332379871871e+01
1.867234328000657229e+01
1.929665160495637366e+01
1.994183362951402216e+01
2.060858726417968256e+01
2.129763375403604897e+01
2.200971845893827705e+01
2.274561165978946775e+01
2.350610939177400027e+01
2.429203430544986375e+01
2.510423655663153397e+01
2.594359472602613792e+01
2.681101676961743863e+01
2.770744100082593064e+01
2.863383710550726491e+01
2.959120719088725693e+01
3.058058686956776739e+01
3.160304637977633391e+01
3.265969174307118550e+01
3.375166596075416692e+01
3.488015025028551719e+01
3.604636532303803165e+01
3.725157270477304650e+01
3.849707610026622007e+01
3.978422280355957241e+01
4.111440515536511242e+01
4.248906204919681073e+01
4.390968048785978084e+01
4.537779719198064754e+01
4.689500026231895191e+01
4.846293089765794093e+01
5.008328517013273995e+01
5.175781585991649081e+01
5.348833435124924307e+01
5.527671259186023889e+01
5.712488511790346024e+01
5.903485114659651600e+01
6.100867673882710562e+01
6.304849703406576111e+01
6.515651856000282294e+01
6.733502161940785413e+01
6.958636275679378969e+01
7.191297730755347573e+01
7.431738203232647777e+01
7.680217783944593180e+01
7.937005259840995564e+01
8.202378404742140106e+01
8.476624279814072338e+01
8.760039544090297170e+01
9.052930775375705252e+01
9.355614801879920606e+01
9.668419044938752904e+01
9.991681873194566776e+01
1.032575296861860181e+02
1.067099370477120033e+02
1.102777753770923965e+02
1.139649040996336851e+02
1.177753116802230977e+02
1.217131199377571846e+02
1.257825885038218416e+02
1.299881194304491316e+02
1.343342619519339678e+02
1.388257174058608143e+02
1.434673443186654254e+02
1.482641636612322031e+02
1.532213642802105085e+02
1.583443085109288404e+02
1.636385379779739253e+02
1.691097795897136393e+02
1.747639517332458752e+02
1.806071706764738849e+02
1.866457571842359187e+02
1.928862433556446376e+02
1.993353796900308339e+02
2.060001423891379773e+02
2.128877409034653283e+02
2.200056257309200589e+02
2.273614964762203101e+02
2.349633101797598727e+02
2.428192899249507093e+02
2.509379337333508033e+02
2.593280237571979683e+02
2.679986357792974445e+02
2.769591490305376738e+02
2.862192563356512096e+02
2.957889745982012641e+02
3.056786556361324187e+02
3.158989973796047366e+02
3.264610554432305207e+02
3.373762550852240452e+02
3.486564035664066523e+02
3.603137029224351977e+02
3.723607631630654282e+02
3.848106159127345904e+02
3.976767285072164100e+02
4.109730185615929940e+02
4.247138690253090658e+02
4.389141437405908732e+02
4.535892035210556514e+02
4.687549227679141381e+02
4.844277066417283777e+02
5.006245088083097698e+02
5.173628497779506006e+02
5.346608358578217803e+02
5.525371787380458954e+02
5.710112157326312854e+02
5.901029306971529422e+02
6.098329756458214206e+02
6.302226930913150227e+02
6.512941391315380315e+02
6.730701073082911989e+02
6.955741532636457123e+02
7.188306202207076012e+02
7.428646653163298197e+02
7.677022868142497600e+02
7.933703522281024334e+02
8.198966273847246384e+02
8.473098064591814591e+02
8.756395430140178178e+02
9.049164820763065791e+02
9.351722932871805369e+02
9.664397051597293284e+02
9.987525404822939663e+02
1.032145752905476229e+03
1.066655464752432181e+03
1.102319006093340249e+03
1.139174955126331724e+03
1.177263179908552729e+03
1.216624881482492810e+03
1.257302638444247577e+03
1.299340453001918831e+03
1.342783798573960667e+03
1.387679668978992368e+03
1.434076629270248759e+03
1.482024868269688341e+03
1.531576252858579437e+03
1.582784384083269288e+03
1.635704655136863039e+03
1.690394311279513431e+03
1.746912511762126542e+03
1.805320393820496975e+03
1.865681138809081631e+03
1.928060040545933589e+03
1.992524575942770753e+03
2.059144477996526803e+03
2.127991811221387707e+03
2.199141049602894782e+03
2.272669157158415601e+03
2.348655671191168494e+03
2.427182788327839717e+03
2.508335453432838221e+03
2.592201451495415313e+03
2.678871502589022839e+03
2.768439360005602339e+03
2.861001911671029575e+03
2.956659284951330847e+03
3.055514954963120545e+03
3.157675856505383763e+03
3.263252499733668174e+03
3.372359089701855282e+03
3.485113649900807559e+03
3.601638149927485301e+03
3.722058637422704123e+03
3.846505374420219596e+03
3.975112978254599057e+03
4.108020567180388753e+03
4.245371910859992568e+03
4.387315585883136919e+03
4.534005136486123774e+03
4.685599240644670317e+03
4.842261881720097335e+03
5.004162525844496486e+03
5.171476305236701592e+03
5.344384207647472977e+03
5.523073272138761240e+03
5.707736791408778117e+03
5.898574520881878925e+03
6.095792894789262391e+03
6.299605249474363518e+03
6.510232054164455803e+03
6.727901149458021791e+03
6.952847993785980179e+03
7.185315918113343287e+03
7.425556389156724435e+03
7.673829281402573542e+03
7.930403158220325167e+03
8.195555562374456713e+03
8.469573316249921845e+03
8.752752832115465935e+03
9.045400432760667172e+03
9.347832682853439110e+03
9.660376731376372845e+03
9.983370665512489722e+03
1.031716387636313630e+04
1.066211743689358627e+04
1.101860449251516366e+04
1.138701066472666025e+04
1.176773446825126848e+04
1.216118774212044809e+04
1.256779609517126846e+04
1.298799936643870387e+04
1.342225210094109389e+04
1.387102404137369558e+04
1.433480063624174363e+04
1.481408356498286412e+04
1.530939128064720899e+04
1.582125957072177516e+04
1.635024213670583049e+04
1.689691119306470500e+04
1.746185808620924945e+04
1.804569393417081301e+04
1.864905028766404575e+04
1.927257981325192668e+04
1.991695699935237644e+04
2.058287888585049586e+04
2.127106581810494026e+04
2.198226222616464656e+04
2.271723743003840718e+04
2.347678647188896866e+04
2.426173097605108705e+04
2.507292003780420782e+04
2.591123114186162275e+04
2.677757111156882092e+04
2.767287708983815901e+04
2.859811755288152926e+04
2.955429335783659189e+04
3.054243882542028950e+04
3.156362285878134571e+04
3.261895009976096480e+04
3.370956212381299702e+04
3.483663867487674725e+04
3.600139894153711793e+04
3.720510287585296464e+04
3.844905255628107261e+04
3.973459359616875736e+04
4.106311659933923511e+04
4.243605866434512427e+04
4.385490493901572336e+04
4.532119022698097979e+04
4.683650064790887700e+04
4.840247535325367789e+04
5.002080829936927330e+04
5.169325007990633458e+04
5.342160981947647815e+04
5.520775713063005242e+04
5.705362413626524358e+04
5.896120755965727585e+04
6.093257088436664344e+04
6.296984658636355744e+04
6.507523844078449474e+04
6.725102390581382497e+04
6.949955658627027879e+04
7.182326877956451790e+04
7.422467410677929001e+04
7.670637023171955661e+04
7.927104167087520182e+04
8.192146269733321969e+04
8.466050034178199712e+04
8.749111749385535950e+04
9.041637610716820927e+04
9.343944051151323947e+04
9.656358083579968661e+04
9.979217654543950630e+04
1.031287200980041671e+05
1.065768207211080298e+05
1.101402083166066877e+05
1.138227374953301478e+05
1.176283917467168212e+05
1.215612877478610171e+05
1.256256798166310473e+05
1.298259645136769104e+05
1.341666853983078909e+05
1.386525379433805065e+05
1.432883746145150799e+05
1.480792101191381225e+05
1.530302268310234358e+05
1.581467803962022881e+05
1.634344055263096525e+05
1.688988219856274663e+05
1.745459407783043280e+05
1.803818705424473737e+05
1.864129241579968075e+05
1.926456255755360762e+05
1.990867168734207517e+05
2.057431655508656404e+05
2.126221720648723713e+05
2.197311776191531681e+05
2.270778722134809359e+05
2.346702029621644469e+05
2.425163826906512259e+05
2.506248988195614074e+05
2.590045225457541528e+05
2.676643183303623227e+05
2.766136537040634430e+05
2.858622094001845689e+05
2.954199898266062373e+05
3.052973338877992937e+05
3.155049261686900863e+05
3.260538084924575523e+05
3.369553918647696264e+05
3.482214688173689647e+05
3.598642261643647216e+05
3.718962581850370043e+05
3.843305802473995136e+05
3.971806428872699034e+05
4.104603463580675307e+05
4.241840556670912774e+05
4.383666161145259393e+05
4.530233693519946537e+05
4.681701699780353229e+05
4.838234026884376653e+05
4.999999999999999418e+05
