# bin_5_2
3.531511993410809758e-04
3.530018693750507129e-04
3.531216177083750332e-04
3.529792987616966527e-04
3.530898423391012550e-04
3.529539227622907659e-04
3.530556357577513621e-04
3.529255271497985032e-04
3.530187442650447498e-04
3.528938790046747226e-04
3.529788971346648906e-04
3.528587261060180873e-04
3.529358059252070173e-04
3.528197964476556948e-04
3.528891639460903212e-04
3.527767979214380817e-04
3.528386459280775304e-04
3.527294182227060093e-04
3.527839079524676727e-04
3.526773250387175377e-04
3.527245877060086483e-04
3.526201665912234500e-04
3.526603051354104028e-04
3.525575726114832192e-04
3.525906635841217444e-04
3.524891558365276481e-04
3.525152515033842760e-04
3.524145141209485631e-04
3.524336448330485892e-04
3.523332332629628490e-04
3.523454101530035763e-04
3.522448906453952552e-04
3.522501087019000985e-04
3.521490597847527293e-04
3.521473013513056458e-04
3.520453158695361425e-04
3.520365546051130437e-04
3.519332423423385454e-04
3.519174476593459381e-04
3.518124385402370685e-04
3.517895805107898043e-04
3.516825283480886667e-04
3.516525830285869843e-04
3.515431697350186887e-04
3.515061248078442543e-04
3.513940649324426594e-04
3.513499254932576465e-04
3.512349708654969563e-04
3.511837651007076446e-04
3.510657092701417108e-04
3.510074936632201882e-04
3.508861757117452988e-04
3.508210392979411703e-04
3.506963464746829331e-04
3.506244135332824423e-04
3.504962820297704141e-04
3.504177124700898183e-04
3.502861255278653919e-04
3.502011121100805134e-04
3.500660945525320964e-04
3.499748560093334784e-04
3.498364642495617157e-04
3.497392333760392037e-04
3.495975400083648952e-04
3.494945459122512747e-04
3.493496182026898235e-04
3.492410622115402533e-04
3.490929342193928829e-04
3.489789594861526442e-04
3.488275982369088628e-04
3.487082539279590457e-04
3.485535210649832972e-04
3.484287231905372050e-04
3.482703348734974462e-04
3.481398273134207006e-04
3.479773167542755518e-04
3.478406377443475964e-04
3.476733265154266245e-04
3.475297875574945468e-04
3.473567733594828434e-04
3.472054588003702070e-04
3.470256282351715047e-04
3.468654240162032457e-04
3.466774983702526603e-04
3.465071569001675761e-04
3.463097761679226252e-04
3.461280200644519076e-04
3.459198646296989259e-04
3.457255245430067552e-04
3.455054646601648030e-04
3.452976354777760842e-04
3.450648864196095497e-04
3.448430730030826964e-04
3.445973204588062273e-04
3.443615316673444868e-04
3.441029817784294889e-04
3.438537251198587187e-04
3.435830327083300292e-04
3.433211686149358717e-04
3.430392131477584560e-04
3.427656547300213675e-04
3.424731722029593969e-04
3.421884666862227043e-04
3.418856062044117522e-04
3.415895018204608891e-04
3.412754448090651112e-04
3.409666100130713615e-04
3.406394372547066202e-04
3.403155191991478644e-04
3.399724918633419027e-04
3.396306321855733666e-04
3.392689269481864939e-04
3.389066684544304094e-04
3.385243717487616431e-04
3.381406233625058313e-04
3.377375249333683209e-04
3.373330338227246137e-04
3.369106419118758113e-04
3.364874606182008680e-04
3.360479036784775513e-04
3.356078094380558351e-04
3.351519688430797139e-04
3.346946118305540118e-04
3.342206588790292798e-04
3.337428692612968853e-04
3.332466424438678397e-04
3.327439990482597919e-04
3.322216206312781435e-04
3.316916675312453467e-04
3.311426416485766465e-04
3.305870085765027599e-04
3.300145829331037534e-04
3.294371569067932465e-04
3.288444678517041123e-04
3.282463896650381118e-04
3.276317962098971616e-04
3.270088480194406903e-04
3.263667150565545752e-04
3.257138128304551687e-04
3.250415675210280362e-04
3.243598665589330385e-04
3.236620395346900348e-04
3.229575306289257999e-04
3.222386618053095834e-04
3.215120029834868105e-04
3.207682397097112031e-04
3.200130366065503788e-04
3.192391824520090919e-04
3.184550028568701625e-04
3.176563114217933917e-04
3.168513777572463746e-04
3.160339327103311308e-04
3.152082111134663165e-04
3.143662364326220210e-04
3.135134235239459672e-04
3.126463935743607932e-04
3.117737617024677536e-04
3.108918624340177442e-04
3.100044660981639256e-04
3.091040099576370238e-04
3.081947575709928868e-04
3.072748792270636720e-04
3.063526583325978784e-04
3.054243019140764708e-04
3.044913046536018748e-04
3.035475068557392229e-04
3.025994661491091344e-04
3.016475275353736681e-04
3.006959234554410962e-04
2.997371784266226048e-04
2.987737575590883299e-04
2.978062638619209885e-04
2.968410399628441769e-04
2.958712364937024562e-04
2.948970096909345434e-04
2.939187983928985060e-04
2.929428213819142276e-04
2.919615281899910720e-04
2.909750828907953679e-04
2.899852904481690246e-04
2.889952082329358385e-04
2.879958020677404946e-04
2.869914702737591744e-04
2.859832096126548864e-04
2.849674845307709854e-04
2.839408825564933227e-04
2.829109040500957847e-04
2.818690767228533524e-04
2.808173190975269307e-04
2.797580801954335870e-04
2.786870631248236294e-04
2.776048110535699878e-04
2.765157899393604155e-04
2.754118705566171738e-04
2.743028386912528711e-04
2.731812570169577913e-04
2.720526943105822841e-04
2.709160249838236099e-04
2.697711652727379080e-04
2.686211400407904079e-04
2.674633621718299718e-04
2.663014320587198396e-04
2.651326094029007093e-04
2.639592942064058448e-04
2.627792617546931557e-04
2.615934651237816809e-04
2.604001596180332417e-04
2.591992813071650583e-04
2.579895475126961772e-04
2.567705058443496124e-04
2.555414937367916570e-04
2.543022442208655145e-04
2.530528814424873340e-04
2.517936257676077548e-04
2.505253113000487043e-04
2.492485183697395307e-04
2.479643477107790466e-04
2.466732326931085845e-04
2.453758973581880698e-04
2.440720880174556458e-04
2.427617489958791824e-04
2.414438606655083840e-04
2.401178374601261808e-04
2.387825039596597481e-04
2.374375693721264427e-04
2.360825771597702333e-04
2.347181897037529214e-04
2.333449045116406568e-04
2.319640022947620133e-04
2.305760739380223673e-04
2.291818457209476596e-04
2.277809030444043550e-04
2.263728088112468121e-04
2.249563324819427808e-04
2.235308852084637635e-04
2.220959288818959956e-04
2.206521117805835153e-04
2.192001895524224391e-04
2.177414650281320240e-04
2.162763733010745419e-04
2.148049687286907961e-04
2.133262116037546840e-04
2.118392748719440425e-04
2.103434870398694959e-04
2.088394457417977717e-04
2.073281154073089037e-04
2.058107379084617747e-04
2.042874282872812275e-04
2.027576073173134336e-04
2.012200756290291365e-04
1.996745703847722095e-04
1.981217121801129202e-04
1.965629226978296605e-04
1.949987669308765451e-04
1.934287958431559352e-04
1.918518227061126978e-04
1.902676942964544077e-04
1.886773816657876749e-04
1.870822203680972871e-04
1.854821361582671669e-04
1.838761151937152701e-04
1.822636194578670813e-04
1.806457792661309014e-04
1.790237838998742900e-04
1.773974008354355721e-04
1.757654976947152015e-04
1.741283856906988717e-04
1.724875076516037004e-04
1.708432049827405294e-04
1.691943560941552003e-04
1.675410495542083123e-04
1.658847677677945305e-04
1.642256962850699052e-04
1.625627854132825000e-04
1.608966678645485759e-04
1.592286310330840772e-04
1.575580477664032170e-04
1.558846877075469831e-04
1.542098854513684631e-04
1.525334954790323128e-04
1.508550748694951842e-04
1.491760249868190878e-04
1.474960509436789072e-04
1.458149225776188165e-04
1.441341030027996483e-04
1.424529695800043079e-04
1.407717205677594971e-04
1.390916829803392628e-04
1.374118310791600699e-04
1.357335338826945329e-04
1.340564404879547242e-04
1.323811199586266284e-04
1.307081150790153235e-04
1.290371446116515971e-04
1.273692720436146112e-04
1.257041419434435454e-04
1.240427225644955033e-04
1.223847422506669212e-04
1.207311000456704310e-04
1.190817251598810572e-04
1.174372524058783914e-04
1.157977412910632988e-04
1.141638736553755808e-04
1.125357104586528111e-04
1.109138037687673909e-04
1.092983526656277489e-04
1.076899092279650451e-04
1.060886385047448360e-04
1.044949999350605944e-04
1.029092319245815770e-04
1.013318501908967381e-04
9.976304842025536773e-05
9.820327121263162549e-05
9.665279999606202590e-05
9.511206900458819672e-05
9.358131786174970883e-05
9.206095389704195857e-05
9.055130283671758385e-05
8.905273297983669811e-05
8.756552248132647967e-05
8.609003747761504355e-05
8.462658692962154853e-05
8.317550390087999552e-05
8.173707037244801535e-05
8.031162372158891433e-05
7.889944892155714565e-05
7.750081560837467477e-05
7.611597482864037548e-05
7.474522016574333314e-05
7.338879002452047601e-05
7.204695695667783471e-05
7.071994800409220415e-05
6.940802518075953325e-05
6.811138945777981324e-05
6.683030001636799976e-05
6.556495229262376953e-05
6.431556593894820803e-05
6.308227881656300773e-05
6.186527876092919390e-05
6.066469704032675128e-05
5.948069120823285514e-05
5.831335270112284012e-05
5.716281993086050437e-05
5.602920815831153938e-05
5.491263730468154712e-05
5.381317819980148740e-05
5.273090132040036618e-05
5.166586097354187838e-05
5.061811277783515500e-05
4.958766807337556268e-05
4.857453356601287121e-05
4.757872725595263438e-05
4.660026225732114642e-05
4.563911666970969506e-05
4.469525872619804991e-05
4.376862780943743076e-05
4.285913216294237133e-05
4.196668992048520748e-05
4.109125160538246039e-05
4.023273223381514357e-05
3.939103940062894151e-05
3.856603767424330578e-05
3.775757459466171138e-05
3.696552022704178601e-05
3.618973637670788317e-05
3.543009119044061324e-05
3.468643053965791376e-05
3.395854312773428403e-05
3.324622295296063160e-05
3.254928075129210393e-05
3.186752856591611144e-05
3.120076385089777559e-05
3.054876944303563284e-05
2.991132847252122529e-05
2.928822811746461667e-05
2.867924616752658013e-05
2.808411768354475744e-05
2.750257661341009405e-05
2.693440056629622408e-05
2.637937736722054363e-05
2.583723658984740754e-05
2.530771005501544280e-05
2.479054407668665263e-05
2.428550129175357256e-05
2.379230466368737032e-05
2.331069433314177886e-05
2.284041765386189866e-05
2.238119941941864584e-05
2.193279674406805945e-05
2.149497969165977529e-05
2.106744683210776942e-05
2.064992297931924999e-05
2.024219147827120696e-05
1.984398894667426322e-05
1.945505596189791263e-05
1.907516343870478950e-05
1.870403848305296913e-05
1.834145228427378030e-05
1.798714621532252617e-05
1.764091402335495222e-05
1.730251642905154548e-05
1.697168737729355019e-05
1.664822957829611896e-05
1.633193731576773649e-05
1.602257923773644653e-05
1.571992231758399745e-05
1.542377845902258648e-05
1.513394480009380122e-05
1.485022422274853288e-05
1.457240459906218225e-05
1.430030171153762036e-05
1.403375923465371243e-05
1.377256134347668402e-05
1.351654100970878541e-05
1.326555879010870514e-05
1.301943436845443187e-05
1.277798911612534754e-05
1.254107440711526096e-05
1.230857707477372716e-05
1.208032408799538570e-05
1.185616458373873221e-05
1.163598203439346534e-05
1.141966089125570127e-05
1.120704968509239450e-05
1.099802903956615214e-05
1.079250755242583468e-05
1.059038468199857824e-05
1.039151055832987775e-05
1.019579991206849316e-05
1.000319692150783135e-05
9.813588486254476965e-06
9.626859960422153300e-06
9.442937039685758764e-06
9.261782847712054991e-06
9.083289983177081245e-06
8.907369855789992971e-06
8.733971733244757366e-06
8.563065595952205683e-06
8.394539429368428455e-06
8.228337514052217022e-06
8.064448101664936243e-06
7.902823549728979998e-06
7.743360290146360518e-06
7.586027836638036514e-06
7.430841797028424699e-06
7.277735767278576056e-06
7.126630056669916090e-06
6.977515893877214060e-06
6.830408254910652263e-06
6.685232675412544867e-06
6.541938295468314031e-06
6.400538916536502295e-06
6.261042323341080861e-06
6.123359100391789979e-06
5.987475150713242948e-06
5.853436918048803524e-06
5.721219020740540074e-06
5.590739241544372874e-06
5.462001883009558470e-06
5.335072716441337716e-06
5.209893670354388414e-06
5.086414663610936546e-06
4.964655291432679470e-06
4.844669520715599628e-06
4.726380232215967616e-06
4.609766412741318179e-06
4.494869834704778417e-06
4.381718905529634649e-06
4.270218677418975626e-06
4.160380935256357055e-06
4.052278532551068401e-06
3.945886376423650637e-06
3.841127264920473417e-06
3.738022400050173131e-06
3.636651128475173637e-06
3.536953022151506058e-06
3.438885457550860984e-06
3.342479966413887124e-06
3.247795798293439592e-06
3.154745774755696827e-06
3.063319836606487791e-06
2.973573608823374658e-06
2.885523644301074423e-06
2.799074271323608479e-06
2.714239117571530515e-06
2.631099024696626950e-06
2.549610416827948658e-06
2.469709031126196140e-06
2.391411457499298436e-06
2.314792137326726032e-06
2.239777226715485665e-06
2.166334774521691883e-06
2.094485862459962377e-06
2.024283091497153714e-06
1.955626190813829989e-06
1.888511445072543411e-06
1.822983210621239619e-06
1.759039883765516779e-06
1.696590542073213698e-06
1.635641829903161444e-06
1.576256626771914304e-06
1.518375872952088831e-06
1.461950850049662969e-06
1.406986698376514682e-06
1.353531684255304616e-06
1.301510789361115996e-06
1.250900691819057173e-06
1.201707042836622273e-06
1.153960686868573834e-06
1.107567142274670781e-06
1.062522011061689095e-06
1.018850657415642398e-06
9.765311903087633605e-07
9.354994769325619776e-07
8.957500181132351989e-07
8.573286613065426279e-07
8.201804193586669041e-07
7.842859063435795018e-07
7.496435778191415154e-07
7.162914374863082852e-07
6.841670595031493135e-07
6.532605758423610137e-07
6.235598988425123924e-07
5.950641697782494961e-07
5.676844389908464001e-07
5.413902028004888549e-07
5.161569237482149531e-07
4.919199685569764837e-07
4.685972599568989541e-07
4.461307415846916232e-07
4.244925632896152201e-07
4.035983537990815604e-07
3.834035041019488961e-07
3.638716063781283630e-07
3.449993065279659090e-07
3.267287120414056715e-07
3.090425297773631990e-07
2.919209639660619167e-07
2.753590525334300109e-07
2.593299178066523424e-07
2.438429963764064140e-07
2.289147401246584925e-07
2.145346986336463141e-07
2.006966475930346899e-07
1.873962858920632511e-07
1.746539939737152457e-07
1.624631264491221447e-07
1.508319711765137097e-07
1.397424120947226296e-07
1.291942920566474848e-07
1.191725983138181386e-07
1.096863699414127816e-07
1.007190731070891350e-07
9.225144887434438036e-08
8.426643837094487973e-08
7.676300116603528007e-08
6.972865572820058521e-08
6.313185287951622892e-08
5.695832255534221262e-08
5.120008997601396993e-08
4.584321407121332659e-08
4.085425389183254068e-08
3.622464638928081284e-08
3.194504589521709504e-08
2.799082456973051925e-08
2.433563099829035515e-08
2.097726822782625585e-08
1.789221776457029822e-08
1.505304445862941050e-08
1.246642366739629564e-08
1.011614945085112241e-08
7.968330603073455856e-09
6.022392769423362528e-09
4.267674749075065119e-09
2.680051784513761372e-09
1.257728721313477452e-09
-2.055636600479894699e-11
-1.153689496084827623e-09
-2.160614878436478790e-09
-3.058427420362296257e-09
-3.839875523951852563e-09
-4.519406561390101203e-09
-5.107466773970829481e-09
-5.614898916232695096e-09
-6.037920011551565023e-09
-6.392574884296259682e-09
-6.690205581622541610e-09
-6.930571072202999100e-09
-7.111697063575581971e-09
-7.244720466043405298e-09
-7.341947006137532224e-09
-7.400937281915813750e-09
-7.420805681701802853e-09
-7.412362420254469561e-09
-7.384921157205909591e-09
-7.329774402565876383e-09
-7.249394425077767065e-09
-7.155223275098028181e-09
-7.045303143366412082e-09
-6.920979042881213676e-09
-6.786627039045441236e-09
-6.643940567539747691e-09
-6.488021336105428815e-09
-6.327076238098836860e-09
-6.162122302502737643e-09
-5.994616945311015427e-09
-5.820597211672891850e-09
-5.646886913562991375e-09
-5.471085926558703080e-09
-5.297898540977560172e-09
-5.124205144086760563e-09
-4.950128567768938984e-09
-4.780160210917259825e-09
-4.611631883983822419e-09
-4.445946550965447236e-09
-4.281304294492714011e-09
-4.122541146787831105e-09
-3.966466818291252636e-09
-3.813790776368537400e-09
-3.664865170751638935e-09
-3.520616760439832021e-09
-3.381430174459652154e-09
-3.246202943860304355e-09
-3.112963350060402180e-09
-2.984819090103005821e-09
-2.862185363820911887e-09
-2.746127507685811876e-09
-2.633593512958008545e-09
-2.521632633195619603e-09
-2.415391874945065745e-09
-2.314357916567567413e-09
-2.215235336714649349e-09
-2.121332802015036599e-09
-2.034484175001254292e-09
-1.948703461129080245e-09
-1.861778012148548684e-09
-1.783311895847552191e-09
-1.713239419524591665e-09
-1.641851953980329076e-09
-1.568526922268395893e-09
-1.502859793955920157e-09
-1.442586315925508299e-09
-1.380837972557793429e-09
-1.320018477757976796e-09
-1.267043114157475105e-09
-1.216513884622841838e-09
-1.164750319288897967e-09
-1.117802005201294759e-09
-1.074968094207456907e-09
-1.031540624027936356e-09
-9.892787042516627701e-10
-9.503264887926120672e-10
-9.131719923878465052e-10
-8.772825978749537699e-10
-8.422949038167349112e-10
-8.088589416088986236e-10
-7.792176693337091033e-10
-7.498732513796369853e-10
-7.219112311786186781e-10
-6.943553337372332845e-10
-6.706009869428713631e-10
-6.439573267264598306e-10
-6.202815926187753433e-10
-5.977871667268792669e-10
-5.755245356172579226e-10
-5.551826856714888923e-10
-5.358842668975136433e-10
-5.176637020170824981e-10
-4.982464493264445253e-10
-4.790718628636646367e-10
-4.621835689972195221e-10
-4.468921164089285240e-10
-4.297239237300289861e-10
-4.134901658458518335e-10
-3.985784774034943615e-10
-3.842491684273195163e-10
-3.682244050080735664e-10
-3.543163824520135336e-10
-3.420895815817719853e-10
-3.282611758768709277e-10
-3.128384821131264791e-10
-3.004746064200031083e-10
-2.895027258036313215e-10
-2.760448542254200372e-10
-2.622692478908122059e-10
-2.503739016617540352e-10
-2.390930904571514066e-10
-2.265708610804981915e-10
-2.138349507987876131e-10
-2.026587744807818816e-10
-1.923990669653632468e-10
-1.798883753812324330e-10
-1.683790960720228092e-10
-1.582171033678186925e-10
-1.476398255110465960e-10
-1.363873833312154492e-10
-1.259057784410720513e-10
-1.169096173274871815e-10
-1.065375577320645548e-10
-9.627230086696862409e-11
-8.711756408589017744e-11
-7.908612667636881840e-11
-6.955700024280699443e-11
-6.087146079813139462e-11
-5.337359304335311619e-11
-4.610808645800536516e-11
-3.780972551901706617e-11
-3.137849129733290219e-11
-2.584217343135958578e-11
-1.986335246411525673e-11
-1.426917147300666468e-11
-9.988643486201730467e-12
-6.468688103829325300e-12
-2.840998246405708297e-12
-2.366166959696839753e-14
2.059158450991709781e-12
3.147659791723080364e-12
4.961858600663352022e-12
5.557593755184432133e-12
5.712231655567101954e-12
5.101143065432871414e-12
5.002112279062916570e-12
3.975674365819718799e-12
2.331225777467367825e-12
7.979668491938385606e-13
-8.619611362939282021e-13
-2.693920686615974438e-12
-4.689877588253963441e-12
-6.150772867872971146e-12
-7.480329375363196849e-12
-8.559579352387892909e-12
-9.546140019021866323e-12
-9.998338844778273879e-12
-1.033692347988507861e-11
-1.036477376978079793e-11
-1.009344319163711968e-11
-9.217595901549055517e-12
-8.118752574864510185e-12
-6.887104501366180648e-12
-5.288899794221565139e-12
-3.749761211381096718e-12
-2.333065865007495748e-12
-1.201982728444698192e-12
3.558665176282391360e-14
8.882831973454415606e-13
1.473934872077760069e-12
1.676696532148884137e-12
1.665759771074342615e-12
1.186553206742340345e-12
5.108664002771919038e-13
-3.152834514792829937e-13
-1.061612228740798940e-12
-1.806415041137211557e-12
-2.349227996599814047e-12
-2.647753117239914225e-12
-2.716334899022714783e-12
-2.542943049734390014e-12
-2.075236674252347926e-12
-1.305883677550553446e-12
-5.721929886586182286e-13
-2.369873491657484792e-14
3.835595065581396225e-13
7.281270580587343779e-13
7.946621513263498797e-13
4.307449780426728465e-13
-8.934873978438945132e-14
-4.928016398916167599e-13
-8.069003873383968039e-13
-1.151181059816842133e-12
-1.184732008459058011e-12
-8.525789901168864475e-13
-4.265746337141424858e-13
-1.046012099826977563e-13
2.847280869285442086e-13
4.639635875249769014e-13
3.007599811238833426e-13
-6.848344412725368846e-15
-2.798163595293546406e-13
-5.549290834964519114e-13
-6.182698274473980696e-13
-4.253205368614128376e-13
-1.292176155988885683e-13
1.084924766428337611e-13
2.773040462970772731e-13
1.656167473845143487e-13
-5.489279235150879182e-14
-2.563581301861806663e-13
-3.873103243918793999e-13
-2.383875006879255620e-13
-4.506590279714318439e-14
1.591635147575176175e-13
1.599130578951626217e-13
-3.663649732304625119e-15
-1.825058828530816990e-13
-2.406426499544962185e-13
-1.015279061478321382e-13
6.436408059391132573e-14
1.313076628323305008e-13
1.408184324547006197e-14
-1.241883238101358444e-13
-1.579165464452960785e-13
-2.685890964874408068e-14
9.159979825467064889e-14
6.379676303190527023e-14
-7.748840587765584263e-14
-1.154727942042206151e-13
-1.367989043506779297e-14
8.137383710253855902e-14
1.931694990741715429e-14
-7.988632380527829997e-14
-5.957884591590303799e-14
5.207552877562435677e-14
4.199365069984008388e-14
-5.552247766727000812e-14
-4.904356879082244875e-14
4.843624595975029758e-14
2.351053009759746872e-14
-5.280711735938568499e-14
-1.302838193953292507e-14
5.255380756956074486e-14
-2.107326434645463150e-14
-3.359683342265281523e-14
3.804546162128466240e-14
5.059665616274088100e-15
-3.833686098143211478e-14
3.590944034627125323e-14
1.138087499177525512e-15
-2.531599594489565610e-14
3.333535059268357770e-14
-8.633353862214907495e-15
-1.036704652671294218e-14
3.382585618239669597e-14
-2.978073981852923793e-14
2.956212855783358371e-14
-8.637122873757840383e-15
4.538533749023871530e-15
1.360034620968773976e-14
-9.735009271580592208e-15
2.118168910355186814e-14
-1.105146674730814971e-14
1.957053945298390226e-14
-7.195563515421463016e-15
1.572542694693753880e-14
-3.083049794543311375e-15
1.255138897631473058e-14
-9.194180408267306333e-17
1.048430303800466453e-14
1.856272794820349133e-15
9.236968867162129789e-15
3.110435647172846078e-15
8.490462493256336428e-15
3.943943539220035179e-15
8.033189936832278444e-15
4.524241006801790006e-15
7.742983332442746880e-15
4.947182692869361206e-15
7.551716821312827201e-15
5.267678393823372081e-15
7.421049131329369779e-15
5.518188846384940032e-15
7.328789544810662140e-15
5.718763123113699560e-15
7.261650736178151770e-15
5.882369931744790900e-15
7.211404313296519963e-15
6.017771625318589826e-15
7.172796703042361122e-15
6.131122698363394879e-15
7.142383250545729356e-15
6.226893045488150226e-15
7.117853399051713918e-15
6.308422469768005881e-15
7.097626976275374179e-15
6.378266559745590812e-15
7.080605216465030434e-15
6.438420199559468683e-15
7.066012986106709597e-15
6.490466767932232789e-15
7.053296396766392399e-15
6.535680706786723805e-15
7.042054974080693850e-15
6.575099927268963450e-15
7.031995913957845941e-15
6.609578151182083560e-15
7.022902758356361845e-15
6.639823558206807178e-15
7.014613665430553909e-15
6.666427864705810227e-15
7.007006165468629271e-15
6.689888572208467960e-15
6.999986367604863123e-15
6.710626243624085208e-15
6.993481255910950508e-15
6.728998095344034699e-15
6.987433154632773663e-15
6.745308814841750721e-15
6.981795729813514812e-15
6.759819258746596654e-15
6.976531087472594172e-15
6.772753509520026670e-15
6.971607659974926179e-15
6.784304646486727661e-15
6.966998661751470054e-15
6.794639498449090383e-15
6.962680958034771957e-15
6.803902582536335632e-15
6.958634234555156660e-15
6.812219386072235714e-15
6.954840386859422416e-15
6.819699115321879036e-15
6.951283070010904286e-15
6.826437007147148723e-15
6.947947365942752783e-15
6.832516281373902161e-15
6.944819537022072954e-15
6.838009795161797831e-15
6.941886842062821822e-15
6.842981449655645206e-15
6.939137398948628924e-15
6.847487389304733537e-15
6.936560080102087314e-15
6.851577027384041530e-15
6.934144432966029729e-15
6.855293924648132041e-15
6.931880617656848847e-15
6.858676544403712156e-15
6.929759357699464797e-15
6.861758902229376038e-15
6.927771899808330281e-15
6.864571126433254589e-15
6.925909980284213734e-15
6.867139942278875394e-15
6.924165796101011418e-15
6.869489091092016693e-15
6.922531979385707441e-15
6.871639693551760860e-15
6.921001574343595903e-15
6.873610565163488247e-15
6.919568015790531818e-15
6.875418490494801448e-15
6.918225109141061917e-15
6.877078461982849611e-15
6.916967011194688630e-15
6.878603888101499223e-15
6.915788211733027062e-15
6.880006775076516488e-15
6.914683515792437537e-15
6.881297885648154548e-15
6.913648026301707465e-15
6.882486878014161110e-15
6.912677127371765403e-15
6.883582427422580877e-15
6.911766467871484994e-15
6.884592332846548262e-15
6.910911945520520957e-15
6.885523610434200928e-15
6.910109691392103471e-15
6.886382575644667408e-15
6.909356054762971597e-15
6.887174915307343515e-15
6.908647588472764889e-15
6.887905750970072820e-15
6.907981034560686220e-15
6.888579694512123119e-15
6.907353310366312206e-15
6.889200897048416813e-15
6.906761494978605270e-15
6.889773091811523783e-15
6.906202816005253707e-15
6.890299631807910665e-15
6.905674636711585993e-15
6.890783522748847041e-15
6.905174443440433957e-15
6.891227451890557448e-15
6.904699833253351901e-15
6.891633813090711699e-15
6.904248501873396736e-15
6.892004728595609773e-15
6.903818231780750703e-15
6.892342067761301020e-15
6.903406880443677918e-15
6.892647463187783917e-15
6.903012368707301222e-15
6.892922324235445842e-15
6.902632669147677031e-15
6.893167848435154314e-15
6.902265794541227692e-15
6.893385030693459113e-15
6.901909786190225651e-15
6.893574670664906070e-15
6.901562702219724012e-15
6.893737378285640731e-15
6.901222605685199924e-15
6.893873577609525337e-15
6.900887552460323502e-15
6.893983509068951862e-15
6.900555578901105975e-15
6.894067230168695666e-15
6.900224689123659034e-15
6.894124614741003606e-15
6.899892841971845859e-15
6.894155350762043619e-15
6.899557937496574388e-15
6.894158936788487484e-15
6.899217802997264112e-15
6.894134677066219011e-15
6.898870178498369336e-15
6.894081675314174793e-15
6.898512701698856589e-15
6.893998827246029603e-15
6.898142892304194055e-15
6.893884811837342873e-15
6.897758135757735443e-15
6.893738081429603144e-15
6.897355666361193411e-15
6.893556850663644734e-15
6.896932549782140451e-15
6.893339084388297806e-15
6.896485665034467072e-15
6.893082484575121023e-15
6.896011685949011013e-15
6.892784476401584099e-15
6.895507062282186866e-15
6.892442193667683385e-15
