# bin_4_2
3.054986429455393867e-04
3.053023147408484269e-04
3.054725023151465008e-04
3.052863654645032146e-04
3.054447307608853276e-04
3.052680209858019415e-04
3.054151284951015649e-04
3.052471166045997550e-04
3.053834831232994499e-04
3.052234720123206423e-04
3.053495689576666856e-04
3.051968908259388227e-04
3.053131464229940457e-04
3.051671602167568679e-04
3.052739615874015583e-04
3.051340506713692098e-04
3.052317458567969433e-04
3.050973159265057098e-04
3.051862158773332502e-04
3.050566931275724286e-04
3.051370736988401377e-04
3.050119032678254966e-04
3.050840072581023849e-04
3.049626519703317650e-04
3.050266912483151150e-04
3.049086306850409779e-04
3.049647884472220780e-04
3.048495183744554427e-04
3.048979515821239618e-04
3.047849837695230392e-04
3.048258258100829642e-04
3.047146882735082656e-04
3.047480518919230266e-04
3.046382895909078735e-04
3.046642701299749297e-04
3.045554461439066224e-04
3.045741251246822097e-04
3.044658223218323924e-04
3.044772713789854106e-04
3.043690945736499901e-04
3.043733797391853357e-04
3.042649583074784011e-04
3.042621446047920840e-04
3.041531354924336653e-04
3.041432917602973369e-04
3.040333827687900195e-04
3.040165865795332076e-04
3.039054997552676982e-04
3.038818422225608305e-04
3.037693370973869084e-04
3.037389272855899047e-04
3.036248036278629370e-04
3.035877721786073161e-04
3.034718718132860412e-04
3.034283732997603619e-04
3.033105804484143714e-04
3.032607938625716745e-04
3.031410333550909231e-04
3.030851600393030744e-04
3.029633926678615571e-04
3.029016509431147375e-04
3.027778651971903181e-04
3.027104809401959056e-04
3.025846804059058271e-04
3.025118729286855441e-04
3.023840588028667612e-04
3.023060216306371843e-04
3.021761701334750453e-04
3.020930467149263296e-04
3.019610817371427749e-04
3.018729367954699856e-04
3.017386989228302186e-04
3.016454870989358013e-04
3.015087012322885179e-04
3.014102358682358069e-04
3.012704809570248784e-04
3.011664072399787822e-04
3.010230930460911576e-04
3.009128710945825017e-04
3.007652281476102174e-04
3.006481326488421452e-04
3.004952222416268099e-04
3.003703654551486183e-04
3.002111160959502253e-04
3.000774997966714906e-04
2.999107743094871540e-04
2.997673728712960052e-04
2.995920656773505488e-04
2.994379364608304298e-04
2.992530931395991989e-04
2.990875015996269240e-04
2.988924429880259652e-04
2.987149793776580197e-04
2.985094018198567096e-04
2.983200564308675505e-04
2.981040716176963559e-04
2.979032303574395278e-04
2.976773075282052559e-04
2.974656349682477528e-04
2.972304210631617665e-04
2.970086196224030009e-04
2.967646439478979141e-04
2.965331182339588935e-04
2.962804367729401380e-04
2.960389462656789193e-04
2.957768361998956035e-04
2.955242700402125472e-04
2.952511229376801193e-04
2.949855466666880953e-04
2.946990935348110731e-04
2.944181624233949504e-04
2.941160627793118335e-04
2.938177485223110105e-04
2.934983872219576245e-04
2.931817513852260628e-04
2.928448746429298632e-04
2.925104471477557827e-04
2.921571747205082181e-04
2.918065268371930975e-04
2.914384717819733348e-04
2.910729493344164378e-04
2.906907214667432508e-04
2.903099608631652803e-04
2.899119944106616259e-04
2.895133676711893157e-04
2.890962241698181502e-04
2.886760969509084276e-04
2.882365632879662211e-04
2.877928740267343818e-04
2.873304466757398276e-04
2.868644073301265611e-04
2.863815834628757190e-04
2.858962153231974250e-04
2.853954043088330773e-04
2.848915290221127445e-04
2.843713141067000737e-04
2.838454616125635124e-04
2.833012297888785349e-04
2.827492415800965300e-04
2.821788421521553652e-04
2.816015694462114605e-04
2.810085561118631195e-04
2.804107376038420798e-04
2.797986851625283234e-04
2.791807998361998423e-04
2.785465729624351594e-04
2.779034652000392691e-04
2.772428720329980301e-04
2.765741872282255162e-04
2.758914365038121048e-04
2.752037829320578503e-04
2.745037765634440264e-04
2.737971736661939416e-04
2.730753382731596025e-04
2.723448120384805047e-04
2.716008162032036450e-04
2.708523084168852125e-04
2.700944416802336396e-04
2.693321512541672880e-04
2.685576176530008992e-04
2.677760415889098391e-04
2.669843403033738630e-04
2.661908146938386202e-04
2.653909395597754727e-04
2.645874589067072238e-04
2.637740713275291550e-04
2.629574691327124644e-04
2.621366750826383896e-04
2.613164118794465002e-04
2.604895330498714200e-04
2.596592417894617996e-04
2.588249553511431933e-04
2.579928842103203787e-04
2.571565495149304961e-04
2.563171037531143280e-04
2.554739770842244951e-04
2.546330839593257517e-04
2.537875085261882824e-04
2.529382169261293182e-04
2.520858428516871896e-04
2.512335805811239872e-04
2.503734215343876059e-04
2.495095502246115590e-04
2.486420430780861648e-04
2.477686498332515980e-04
2.468859594506121313e-04
2.460005045865384216e-04
2.451048707445677610e-04
2.442010678918586815e-04
2.432904954978123600e-04
2.423701482163668586e-04
2.414399653211805516e-04
2.405039455302347673e-04
2.395551488555187512e-04
2.386018267878966788e-04
2.376376648746848915e-04
2.366675238174796830e-04
2.356902098091710827e-04
2.347060337907902873e-04
2.337171722185033592e-04
2.327218945257597765e-04
2.317228586268925015e-04
2.307181575528362380e-04
2.297094853170096487e-04
2.286952813739862359e-04
2.276760666817876754e-04
2.266505995511851270e-04
2.256185785767047419e-04
2.245790862566588580e-04
2.235315270012108572e-04
2.224754684366480868e-04
2.214105134829737068e-04
2.203368818785139118e-04
2.192546388153198951e-04
2.181646064144500072e-04
2.170672017493488221e-04
2.159634708253868217e-04
2.148537344560157917e-04
2.137386982340453085e-04
2.126181018302684500e-04
2.114919486238570501e-04
2.103593137091286033e-04
2.092197093854899017e-04
2.080720737051096792e-04
2.069161533206142025e-04
2.057515218294597454e-04
2.045787512813954578e-04
2.033982699620177806e-04
2.022111949858899211e-04
2.010180593197806063e-04
1.998194950287289788e-04
1.986151640108039021e-04
1.974046641781655731e-04
1.961869364624867337e-04
1.949614243860446226e-04
1.937276725944936200e-04
1.924862022229409343e-04
1.912377066684033990e-04
1.899832895550747011e-04
1.887233805850839442e-04
1.874579875653205677e-04
1.861862443476636805e-04
1.849073674176818065e-04
1.836208048248305939e-04
1.823270155550799879e-04
1.810268942592129968e-04
1.797214756804120885e-04
1.784109215557084203e-04
1.770946632331975648e-04
1.757716986390551583e-04
1.744417213177451229e-04
1.731053264347447173e-04
1.717636941825771051e-04
1.704173855776850333e-04
1.690659398015831620e-04
1.677083720103122316e-04
1.663444683479782028e-04
1.649751393192284477e-04
1.636014872243668982e-04
1.622235124112820202e-04
1.608402463614519754e-04
1.594512702516632672e-04
1.580574961129452348e-04
1.566600340153132789e-04
1.552586070169539780e-04
1.538522807533879622e-04
1.524412465830676984e-04
1.510268337427563261e-04
1.496092655220221043e-04
1.481876147800709090e-04
1.467618765483782333e-04
1.453334152251171605e-04
1.439023170269090163e-04
1.424677170470058541e-04
1.410300919417439283e-04
1.395906356403752791e-04
1.381487160495430838e-04
1.367041843381525145e-04
1.352581381802693355e-04
1.338105100467516545e-04
1.323608301038015468e-04
1.309103878694537100e-04
1.294588452131797930e-04
1.280060492496280376e-04
1.265532124420566825e-04
1.250998449178870279e-04
1.236460433343703955e-04
1.221930300348657490e-04
1.207398247355035749e-04
1.192876828001779548e-04
1.178362264168535969e-04
1.163860092412374072e-04
1.149374323748651603e-04
1.134902968561929333e-04
1.120454726618759495e-04
1.106026991429984684e-04
1.091627554523196610e-04
1.077254480974924503e-04
1.062915041284430000e-04
1.048609129753865437e-04
1.034341594567075216e-04
1.020113444298512270e-04
1.005930087841089965e-04
9.917924937243681048e-05
9.777048287476936559e-05
9.636693698913149843e-05
9.496903686314103049e-05
9.357696610176278464e-05
9.219107011491671966e-05
9.081160879035689358e-05
8.943897475259803432e-05
8.807338172204959444e-05
8.671516007703822596e-05
8.536459780433316698e-05
8.402202857234727701e-05
8.268770211549791947e-05
8.136192526328212557e-05
8.004503400730655688e-05
7.873730108607031634e-05
7.743901568325698163e-05
7.615044808560758019e-05
7.487191862145724469e-05
7.360367769283708930e-05
7.234601873104355967e-05
7.109919560890107064e-05
6.986350367440782340e-05
6.863913838422007626e-05
6.742636796216480808e-05
6.622541482652540836e-05
6.503653144619174682e-05
6.385992090665686659e-05
6.269582640491773223e-05
6.154444594841605839e-05
6.040600494976307663e-05
5.928070156686865406e-05
5.816875487020321367e-05
5.707033240106718905e-05
5.598559591468879701e-05
5.491468421804980186e-05
5.385776302892871968e-05
5.281495195647867844e-05
5.178637378033500025e-05
5.077212597925279439e-05
4.977236025087911276e-05
4.878716456341295789e-05
4.781664180887515420e-05
4.686083483955001764e-05
4.591983376093616539e-05
4.499366385404901736e-05
4.408238050980761827e-05
4.318598013905170164e-05
4.230452426069330232e-05
4.143801613966773272e-05
4.058648922190969462e-05
3.974990696043238342e-05
3.892825809630470833e-05
3.812143858482091636e-05
3.732941654066426003e-05
3.655213551668553163e-05
3.578955926122616188e-05
3.504159896667272025e-05
3.430818066809223954e-05
3.358916629183635272e-05
3.288448128253504410e-05
3.219400254481025934e-05
3.151765052407953332e-05
3.085527419705589094e-05
3.020672219756209353e-05
2.957180537380913526e-05
2.895039802179587656e-05
2.834233588165539230e-05
2.774747381686545653e-05
2.716560067767128062e-05
2.659655061631666838e-05
2.604012368612395277e-05
2.549616934583645437e-05
2.496445332952882979e-05
2.444477364647786597e-05
2.393692219166806338e-05
2.344073162052759800e-05
2.295594943157696003e-05
2.248237334553500493e-05
2.201978911398592376e-05
2.156802014730817296e-05
2.112680345780400880e-05
2.069592475433700067e-05
2.027515207023109373e-05
1.986426230989211128e-05
1.946302805622430530e-05
1.907127024099526910e-05
1.868871564898076114e-05
1.831514621151758733e-05
1.795036123338233415e-05
1.759413800485761751e-05
1.724623153018065515e-05
1.690645930653009632e-05
1.657456874508429344e-05
1.625037737201512881e-05
1.593363196080690148e-05
1.562416089401643421e-05
1.532176051755201161e-05
1.502622305619174371e-05
1.473734575772764131e-05
1.445494986747661954e-05
1.417883515682566287e-05
1.390880183997754308e-05
1.364466636667944002e-05
1.338626302028883756e-05
1.313339292437808212e-05
1.288589188654176921e-05
1.264359041579152266e-05
1.240632498783673242e-05
1.217390894888093828e-05
1.194621245058605630e-05
1.172308685519809719e-05
1.150439748975450732e-05
1.128997302297166715e-05
1.107968418026874469e-05
1.087340259702229808e-05
1.067100079765853785e-05
1.047233031881235601e-05
1.027727629745863673e-05
1.008573290362587125e-05
9.897564254952600398e-06
9.712663031848294633e-06
9.530962187771771575e-06
9.352349403520876105e-06
9.176703883304090288e-06
9.003930880569284585e-06
8.833984862768722181e-06
8.666753950879253871e-06
8.502129256541377422e-06
8.340048766035121225e-06
8.180484751578759954e-06
8.023334237403075356e-06
7.868513037637798755e-06
7.715972983239264196e-06
7.565677284834289776e-06
7.417518528506009863e-06
7.271457674217835861e-06
7.127480476288922787e-06
6.985540536838332173e-06
6.845540083916362345e-06
6.707449089228640473e-06
6.571264415836213229e-06
6.436942403488671011e-06
6.304410030390989039e-06
6.173654110413608355e-06
6.044678244666815017e-06
5.917410614131174113e-06
5.791811123619630836e-06
5.667895737456535166e-06
5.545659069987771469e-06
5.425022112221158927e-06
5.305962236427187003e-06
5.188531588390889807e-06
5.072699528654540187e-06
4.958393558777835823e-06
4.845605437537005292e-06
4.734402771968023910e-06
4.624730305533254762e-06
4.516540692183592371e-06
4.409843071984824637e-06
4.304694930878015379e-06
4.201021823621400479e-06
4.098801685841542175e-06
3.998071118077272637e-06
3.898860061816501561e-06
3.801074090176833106e-06
3.704730026009802020e-06
3.609890541750596384e-06
3.516528748487736621e-06
3.424578073452814683e-06
3.334063537359169238e-06
3.245040918987895209e-06
3.157467961296569930e-06
3.071303470497119210e-06
2.986572934864721315e-06
2.903330863646268403e-06
2.821498433201612621e-06
2.741068415502062885e-06
2.662090028343624464e-06
2.584572982834242994e-06
2.508440879823323376e-06
2.433698264969675421e-06
2.360422364308940982e-06
2.288568483881403970e-06
2.218087217804084242e-06
2.148987123727424769e-06
2.081338275656040905e-06
2.015072221869759596e-06
1.950165613691394951e-06
1.886633540785055735e-06
1.824525872890119926e-06
1.763752728480002769e-06
1.704314833776029194e-06
1.646248901218422743e-06
1.589557430375329559e-06
1.534158673211910039e-06
1.480062319504323233e-06
1.427321426448477777e-06
1.375887960190048550e-06
1.325716247956061367e-06
1.276814291985303516e-06
1.229222269706839906e-06
1.182877259137060437e-06
1.137756040015547210e-06
1.093867447931843594e-06
1.051237034556799725e-06
1.009785013026873821e-06
9.695061594517724279e-07
9.304272836473523331e-07
8.925279593840665694e-07
8.557535630433485297e-07
8.200974080104149177e-07
7.856020342713210777e-07
7.522154394121462942e-07
7.199197902766749309e-07
6.887108213873124239e-07
6.586235057268436966e-07
6.296007627940690204e-07
6.016372176001680492e-07
5.747252658730148770e-07
5.488714701581221017e-07
5.240005790102973428e-07
5.000935632275688819e-07
4.771340529406784940e-07
4.550716740141852563e-07
4.338362814579890020e-07
4.133838388817489754e-07
3.936942619137126765e-07
3.746974828642521856e-07
3.563532553991624632e-07
3.386302830866788168e-07
3.215212307831879429e-07
3.049700981226679420e-07
2.889550741364605410e-07
2.734572876540824090e-07
2.584684817582969881e-07
2.439619653470626477e-07
2.299415533252540095e-07
2.164205432864636437e-07
2.033843041168549789e-07
1.908244544061712450e-07
1.787335787023395718e-07
1.671300031657396243e-07
1.560048300434060364e-07
1.453670006874804287e-07
1.352014774643919847e-07
1.255105207666826315e-07
1.162768604575004790e-07
1.075097359153310462e-07
9.919887578796027090e-08
9.133330773256372684e-08
8.389453152209594535e-08
7.687950722476914849e-08
7.028056453109305843e-08
6.407699149891069668e-08
5.825410139764626347e-08
5.280052123444677560e-08
4.770619883163333977e-08
4.294860787959677167e-08
3.851598025891060801e-08
3.439330501732872273e-08
3.056284151728227250e-08
2.700924711851470246e-08
2.372636095133724855e-08
2.069148625631162641e-08
1.788592053024555961e-08
1.531740687851768914e-08
1.296801727522642665e-08
1.080945166552861557e-08
8.842805919616064959e-09
7.062302558503082816e-09
5.439446549429124614e-09
3.970253205833408169e-09
2.642527760257162515e-09
1.450888539298713641e-09
3.768933127944146726e-10
-5.865031114989581727e-10
-1.442995187542751379e-09
-2.201148257408174821e-09
-2.866112947157625694e-09
-3.451203966100407071e-09
-3.952232132835476174e-09
-4.379747409688955005e-09
-4.749407069878354424e-09
-5.057687514290973793e-09
-5.312097975082398009e-09
-5.520970658951354864e-09
-5.694824814609306085e-09
-5.830639025890863323e-09
-5.924227092089374254e-09
-5.982437838448423582e-09
-6.011895253277467459e-09
-6.012263944029316140e-09
-5.989743022144585523e-09
-5.957258652568891020e-09
-5.912523558835238612e-09
-5.849198111371386131e-09
-5.766032165909839344e-09
-5.668614075416070181e-09
-5.558114964399825087e-09
-5.444898617860408568e-09
-5.330200439298640956e-09
-5.209186811286159494e-09
-5.076457353227027246e-09
-4.938149382461670562e-09
-4.797570708826813529e-09
-4.660430739553135725e-09
-4.524054168966743128e-09
-4.386555332909505935e-09
-4.246883835383119808e-09
-4.103538471378051142e-09
-3.963648334182815642e-09
-3.829851771191848759e-09
-3.699880664441121429e-09
-3.563691404796456161e-09
-3.428650230557181142e-09
-3.304947069781389631e-09
-3.187416954547346836e-09
-3.064062995150559350e-09
-2.942600798726565786e-09
-2.831455709625851505e-09
-2.723818577559324288e-09
-2.612609208383695012e-09
-2.506449541602179965e-09
-2.409385665130531286e-09
-2.313429157248219005e-09
-2.215427541322838683e-09
-2.126098393009831482e-09
-2.043396011454054896e-09
-1.955166142074238674e-09
-1.875440465460726978e-09
-1.803654344604537037e-09
-1.723704938516446853e-09
-1.652130539027404642e-09
-1.590480058808303154e-09
-1.523813673309157491e-09
-1.458193974093551013e-09
-1.400496219497533466e-09
-1.343200420626274038e-09
-1.290290915692968842e-09
-1.234285484651332756e-09
-1.187009793626492065e-09
-1.138939625126505366e-09
-1.091817709196701739e-09
-1.048663629562064543e-09
-1.007023872622713833e-09
-9.694368295138918623e-10
-9.286552874821940312e-10
-8.946910768508811100e-10
-8.603679453082301858e-10
-8.274137637665649949e-10
-7.953263612347908172e-10
-7.659271731763054840e-10
-7.372703393287498021e-10
-7.092088734748802940e-10
-6.824918008336412474e-10
-6.576653726964312810e-10
-6.346701924713176371e-10
-6.105625184443368962e-10
-5.887159255907021385e-10
-5.688564321612822760e-10
-5.492868538236443475e-10
-5.290031085038345153e-10
-5.098908703745900146e-10
-4.931241765984415784e-10
-4.752576185251443266e-10
-4.579862268078944498e-10
-4.420779819573062343e-10
-4.272973008767820642e-10
-4.110398559531981507e-10
-3.958778237150979732e-10
-3.819850215331651370e-10
-3.680308768097792491e-10
-3.527477659770521095e-10
-3.392325339563966767e-10
-3.270648450360393591e-10
-3.143873658815125077e-10
-3.005594953917524471e-10
-2.880234432994449730e-10
-2.762334121632537785e-10
-2.635265581237932239e-10
-2.511749434375416705e-10
-2.402785119857249727e-10
-2.297939863247709892e-10
-2.173746687749820791e-10
-2.055562183203507015e-10
-1.952663830448037217e-10
-1.850761146069687851e-10
-1.730407473885053329e-10
-1.621028040167098539e-10
-1.525143928060058753e-10
-1.421403841677182639e-10
-1.310818588749280377e-10
-1.207782160918293002e-10
-1.116352629411709027e-10
-1.019829588354755356e-10
-9.233786396184782824e-11
-8.345321556889246588e-11
-7.552441219576865668e-11
-6.697679363640421377e-11
-5.896270847801791315e-11
-5.132423233962504743e-11
-4.418594865376952383e-11
-3.672616336951644344e-11
-3.001494955497809975e-11
-2.437063998304520794e-11
-1.882154090256592103e-11
-1.320800382861269764e-11
-8.992398610370059137e-12
-6.130624303963473913e-12
-2.634266654809568493e-12
-5.413852744553152129e-14
1.808060507960696710e-12
3.347303329374219518e-12
4.896795084578721888e-12
5.685607074456475262e-12
5.819651059800396666e-12
5.426291272900063704e-12
4.979070476723369393e-12
3.623893616056844207e-12
2.200968274070779586e-12
7.072358795741395196e-13
-6.068780412160576202e-13
-2.256346400144583452e-12
-4.221152030656939171e-12
-5.861465717423816439e-12
-7.349427497210960119e-12
-8.466638733348535236e-12
-9.280696109000092203e-12
-9.366724684030036074e-12
-9.683407126762927661e-12
-1.005402495884909947e-11
-9.859382541391950810e-12
-9.063057218606348219e-12
-7.767521674801702192e-12
-6.402689555037934834e-12
-5.021324858508759269e-12
-3.702401511595049588e-12
-2.354677340408858472e-12
-1.063993636110704998e-12
2.152112562816196575e-13
8.712808728380392703e-13
1.307832379835116300e-12
1.584957733011699468e-12
1.773720682099474936e-12
1.229957033769898950e-12
3.516171393829570441e-13
-3.483874229095384130e-13
-8.607879410433304725e-13
-1.693785234192340478e-12
-2.415425031870984537e-12
-2.520441234361263993e-12
-2.501069465587217434e-12
-2.525825564283729582e-12
-2.036516614578235100e-12
-1.157137627369288518e-12
-5.791932419744963297e-13
-7.666532563302864576e-14
4.619497897150760280e-13
6.698851767619707663e-13
7.206136824100616389e-13
5.089316058222857783e-13
-1.263893209588050216e-13
-4.784849576139220070e-13
-7.210207384723729365e-13
-1.179780222810034659e-12
-1.087099492541452363e-12
-8.572982947742429809e-13
-3.943486061342203456e-13
-9.514641311007145272e-14
2.577205433333873819e-13
4.793506122821321401e-13
2.595836723281573880e-13
2.982942971800163792e-14
-2.930232820851228120e-13
-5.199697183617708715e-13
-6.118768826041873883e-13
-3.986384980286340212e-13
-1.302686303463378225e-13
1.141657581937502979e-13
2.584255265431011737e-13
1.685987125857044210e-13
-5.864951226101897236e-14
-2.412839945320634143e-13
-3.796532784269717409e-13
-2.239197625366935263e-13
-4.774201240629194597e-14
1.548453459876574534e-13
1.514484390540565211e-13
2.946591932574758839e-15
-1.786939802320905870e-13
-2.329986064529589616e-13
-1.010624912643395902e-13
6.495442525400422041e-14
1.262841384148094362e-13
1.560471379534593958e-14
-1.243471403185906074e-13
-1.513164450392701098e-13
-2.554336418136779116e-14
8.837416399501390797e-14
5.968908383826360680e-14
-7.355137204962477072e-14
-1.132257785879927389e-13
-1.289699989170657233e-14
7.740138058317540278e-14
1.969701553449505876e-14
-7.967228143395797777e-14
-5.657901038058148067e-14
4.921894627235875039e-14
4.033311595667273386e-14
-5.475970768536039875e-14
-4.710400886940614097e-14
4.543664713662928666e-14
2.286294991503724025e-14
-5.236512306652667486e-14
-1.228442026417808670e-14
4.923689364344885352e-14
-2.009645443006730580e-14
-3.375059767607787926e-14
3.660423346979132397e-14
4.000872264782019839e-15
-3.752373681626080562e-14
3.397024517307891565e-14
5.629406600074707219e-16
-2.522781208749927744e-14
3.171980767732749646e-14
-9.163756094517375238e-15
-1.048401209377281263e-14
3.183744085055422048e-14
-2.923662225238873172e-14
2.770142867825324700e-14
-8.803312285522204073e-15
3.511212396286119059e-15
1.268096513464144530e-14
-1.028279753416352051e-14
1.999626203615823247e-14
-1.154972800556618558e-14
1.842512811206514480e-14
-7.815473004193915322e-15
1.469449095023547429e-14
-3.832403128584639117e-15
1.161288633600774054e-14
-9.330315216270968311e-16
9.601921806748316242e-15
9.582271330339084720e-16
8.384117382263492722e-15
2.178395433012071397e-15
7.651238036160273598e-15
2.991649551193265410e-15
7.198746393224098517e-15
3.559796780200771973e-15
6.908520576407779465e-15
3.975471407952394406e-15
6.714664593401730823e-15
4.291745682174145976e-15
6.580067945058095686e-15
4.540001711822696354e-15
6.483230696590353161e-15
4.739629925829025047e-15
6.411260386906526829e-15
4.903180028144484889e-15
6.356157026649559497e-15
5.039137577273148174e-15
6.312799087468331291e-15
5.153468171977839985e-15
6.277816715664975545e-15
5.250509280755358306e-15
6.248939437133736451e-15
5.333505846246333298e-15
6.224605810476623402e-15
5.404944365318312303e-15
6.203722591971121306e-15
5.466768781693406395e-15
6.185512032424143759e-15
5.520524610357631647e-15
6.169412702733287573e-15
5.567458031018148365e-15
6.155013724714437797e-15
5.608585855212851875e-15
6.142010358947174128e-15
5.644746117487266580e-15
6.130173543918683240e-15
5.676635443364600538e-15
6.119328720907718790e-15
5.704837177015334845e-15
6.109340942996062774e-15
5.729842912030342100e-15
6.100104298817567591e-15
5.752069219897602450e-15
6.091534336269807914e-15
5.771870818933962858e-15
6.083562594193278613e-15
5.789551062447942064e-15
6.076132631028237502e-15
5.805370378257922801e-15
6.069197123207943713e-15
5.819553121043103576e-15
6.062715734970880790e-15
5.832293181575151874e-15
6.056653547037544561e-15
5.843758610006343601e-15
6.050979891929466590e-15
5.854095451648736094e-15
6.045667487345426987e-15
5.863430946577362614e-15
6.040691787937395784e-15
5.871876212192078169e-15
6.036030497642204699e-15
5.879528502231438007e-15
6.031663201034003469e-15
5.886473117088152495e-15
6.027571081952003225e-15
5.892785024672612627e-15
6.023736707227114614e-15
5.898530240630490747e-15
6.020143858577492229e-15
5.903767006957787729e-15
6.016777399868184100e-15
5.908546801256738962e-15
6.013623171134933698e-15
5.912915203207263028e-15
6.010667902287012574e-15
5.916912640198352424e-15
6.007899141393074539e-15
5.920575030312210403e-15
6.005305194203590319e-15
5.923934338040307015e-15
6.002875071798561382e-15
5.927019055306597881e-15
6.000598444624860358e-15
5.929854618899208370e-15
5.998465601370678786e-15
5.932463772986028125e-15
5.996467411485645044e-15
5.934866884666922323e-15
5.994595290864141195e-15
5.937082219144744836e-15
5.992841169794393224e-15
5.939126179798333852e-15
5.991197462912012655e-15
5.941013518155258271e-15
5.989657040912505511e-15
5.942757517670153754e-15
5.988213203656051348e-15
5.944370154843417387e-15
5.986859654614857283e-15
5.945862240637108853e-15
5.985590476563511482e-15
5.947243544745000054e-15
5.984400108270211007e-15
5.948522904851806308e-15
5.983283322254522523e-15
5.949708322970807280e-15
5.982235203579597596e-15
5.950807050277828030e-15
5.981251129442682893e-15
5.951825661923677070e-15
5.980326749735891424e-15
5.952770123170583312e-15
5.979457968339650442e-15
5.953645847729340381e-15
5.978640925295374262e-15
5.954457749321837320e-15
5.977871979634382578e-15
5.955210287256248623e-15
5.977147692932182700e-15
5.955907506644059329e-15
5.976464813484938210e-15
5.956553073967607838e-15
5.975820261141826556e-15
5.957150308373706564e-15
5.975211112585979247e-15
5.957702209290526262e-15
5.974634587223464197e-15
5.958211480615885765e-15
5.974088033415257693e-15
5.958680551946786365e-15
5.973568915181652532e-15
5.959111597057927892e-15
5.973074799207327093e-15
5.959506549884208935e-15
5.972603342133793266e-15
5.959867118283447422e-15
5.972152278064156843e-15
5.960194795695895469e-15
5.971719406282145927e-15
5.960490870914444987e-15
5.971302579040821805e-15
5.960756436063789286e-15
5.970899689425508210e-15
5.960992392950758098e-15
5.970508659212926955e-15
5.961199457809604646e-15
5.970127426673378603e-15
5.961378164618772104e-15
5.969753934268615999e-15
5.961528866985443650e-15
5.969386116143048076e-15
5.961651738685552464e-15
5.969021885456602717e-15
5.961746772922082869e-15
5.968659121394472184e-15
5.961813780324924557e-15
5.968295655886695005e-15
5.961852385752093675e-15
5.967929259981226749e-15
5.961862023902037989e-15
5.967557629808032981e-15
5.961841933824892588e-15
5.967178372164557372e-15
5.961791152340886340e-15
5.966788989688301587e-15
5.961708506434355678e-15
5.966386865595160919e-15
5.961592604687561610e-15
5.965969248061567130e-15
5.961441827846301417e-15
5.965533234279848817e-15
5.961254318618028891e-15
5.965075754247857675e-15
5.961027970824485196e-15
