# bin_2_1
5.467696412822755416e-05
5.456851541320584525e-05
5.467317978415005421e-05
5.457118056505320123e-05
5.466954447274336814e-05
5.457359810445603862e-05
5.466604113407308463e-05
5.457577545221646228e-05
5.466265308418830451e-05
5.457771878685129717e-05
5.465936393403918154e-05
5.457943307232939514e-05
5.465615751119426614e-05
5.458092208108895568e-05
5.465301778439221115e-05
5.458218841274481778e-05
5.464992879140320796e-05
5.458323350950067840e-05
5.464687457005811585e-05
5.458405766882695308e-05
5.464383909296590482e-05
5.458466005451729353e-05
5.464080620663878675e-05
5.458503870673989388e-05
5.463775957485867102e-05
5.458519055247734801e-05
5.463468262770990457e-05
5.458511141686105486e-05
5.463155851645548221e-05
5.458479603691249844e-05
5.462837007504325486e-05
5.458423807829194876e-05
5.462509978897440587e-05
5.458343015610529764e-05
5.462172977182890189e-05
5.458236386027901096e-05
5.461824174987769606e-05
5.458102978581619974e-05
5.461461705428204242e-05
5.457941756757609113e-05
5.461083662023935467e-05
5.457751591847902933e-05
5.460688099101619435e-05
5.457531266886097481e-05
5.460273032396791709e-05
5.457279480334349328e-05
5.459836439362639236e-05
5.456994848960234880e-05
5.459376258519743315e-05
5.456675909116459952e-05
5.458890386891250280e-05
5.456321115362193031e-05
5.458376674320064440e-05
5.455928835044421358e-05
5.457832913091232154e-05
5.455497337130089865e-05
5.457256820972154851e-05
5.455024773250173305e-05
5.456646015481563108e-05
5.454509148632471474e-05
5.455997976951748124e-05
5.453948280456340572e-05
5.455309997901582720e-05
5.453339741213299505e-05
5.454579116451533754e-05
5.452680785066837228e-05
5.453802032126022354e-05
5.451968256072768285e-05
5.452975003578787807e-05
5.451198478641058789e-05
5.452093729641331463e-05
5.450367132899384980e-05
5.451153217800223472e-05
5.449469120716164032e-05
5.450147647704475551e-05
5.448498431989853391e-05
5.449070241410928036e-05
5.447448025085803685e-05
5.447913156354980668e-05
5.446309739332950907e-05
5.446667420544851256e-05
5.445074260150964461e-05
5.445322930876666547e-05
5.443731157074773185e-05
5.443868532945330562e-05
5.442269009637466592e-05
5.442292192142459274e-05
5.440675623766296604e-05
5.440581249415458255e-05
5.438938320657045635e-05
5.438722730213009336e-05
5.437044251510424068e-05
5.436703643793641151e-05
5.434980658955549288e-05
5.434511178432058540e-05
5.432734978116193064e-05
5.432132677578826297e-05
5.430294661370739214e-05
5.429555289244524083e-05
5.427646638825707530e-05
5.426765233813278533e-05
5.424776407455212740e-05
5.423746745447291230e-05
5.421666878967382555e-05
5.420480900701055062e-05
5.418297285588156455e-05
5.416944711691220232e-05
5.414642579800244736e-05
5.413110945045570475e-05
5.410673766263454149e-05
5.408949020389009057e-05
5.406359364650463537e-05
5.404426959974735896e-05
5.401667685382361892e-05
5.399513743248031362e-05
5.396568945366075052e-05
5.394180823833531958e-05
5.391035835543837211e-05
5.388401468329498628e-05
5.385041498440388353e-05
5.382147453779416950e-05
5.378555290843220824e-05
5.375384510348666029e-05
5.371538741617604053e-05
5.368069726665616431e-05
5.363945248521415939e-05
5.360154061019244647e-05
5.355725380952766439e-05
5.351589710257585134e-05
5.346834881030132518e-05
5.342336800299584705e-05
5.337238023341666200e-05
5.332361920500416973e-05
5.326900993898653808e-05
5.321627630802685339e-05
5.315780441475819238e-05
5.310084007769718127e-05
5.303821794261784014e-05
5.297675780002854089e-05
5.290974196725330055e-05
5.284360559859997654e-05
5.277205099920461752e-05
5.270113015801217149e-05
5.262490771418490703e-05
5.254904633604040674e-05
5.246794494017239190e-05
5.238692378589377140e-05
5.230074328381790105e-05
5.221444682050236952e-05
5.212315011238685138e-05
5.203160667508351214e-05
5.193520813940622638e-05
5.183838842815359488e-05
5.173680422918307335e-05
5.163465234356555297e-05
5.152791764818215586e-05
5.142060179559664420e-05
5.130894371422800359e-05
5.119666644987755274e-05
5.108020485158763676e-05
5.096308338971498707e-05
5.084203814488310458e-05
5.072045125823564202e-05
5.059525174494630624e-05
5.046955715201253522e-05
5.034047058440832350e-05
5.021100018270768084e-05
5.007851824194155211e-05
4.994583970052651571e-05
4.981041452078384700e-05
4.967487652482452322e-05
4.953693375011766032e-05
4.939911209962674697e-05
4.925917031660977775e-05
4.911940442377293517e-05
4.897778950027979040e-05
4.883654407977484988e-05
4.869365593624607028e-05
4.855111808538729683e-05
4.840713086013500346e-05
4.826357458195521162e-05
4.811860194254001825e-05
4.797396606017244005e-05
4.782802156871354102e-05
4.768228810891824858e-05
4.753514108690157268e-05
4.738811242424633888e-05
4.723959204103857581e-05
4.709093523544308300e-05
4.694074941554238694e-05
4.679022435015237882e-05
4.663803546890052479e-05
4.648541115299952459e-05
4.633101989083606288e-05
4.617610311220256644e-05
4.601944227821780738e-05
4.586218481910039495e-05
4.570329139009897271e-05
4.554379881390325634e-05
4.538280763126946541e-05
4.522127381027759880e-05
4.505837237611076923e-05
4.489499116527193533e-05
4.473033279966990249e-05
4.456520880650210906e-05
4.439882623010464211e-05
4.423191263446437635e-05
4.406367866382681156e-05
4.389477737460263402e-05
4.372444341823780695e-05
4.355328441788420407e-05
4.338059283072608660e-05
4.320696713263901483e-05
4.303178658073248216e-05
4.285566182723500595e-05
4.267806121851951861e-05
4.249959523712121045e-05
4.231978711092012187e-05
4.213920329658438473e-05
4.195736837838940926e-05
4.177476053967829671e-05
4.159087418476330091e-05
4.140609785926352193e-05
4.121992097767597805e-05
4.103269868749844434e-05
4.084398343392178966e-05
4.065416578009572009e-05
4.046290266527207796e-05
4.027062435567022481e-05
4.007704640291755578e-05
3.988255892017685965e-05
3.968684078009306201e-05
3.949017188266240982e-05
3.929217485673295701e-05
3.909307056149397138e-05
3.889252809841622688e-05
3.869082820595631409e-05
3.848776142244183379e-05
3.828366147117162540e-05
3.807834051614626919e-05
3.787204074019441362e-05
3.766447970695630426e-05
3.745579735743487964e-05
3.724572639781554173e-05
3.703448095210941506e-05
3.682193545214839937e-05
3.660836290850013881e-05
3.639361455848722486e-05
3.617782296258592524e-05
3.596073692503599581e-05
3.574247167890835851e-05
3.552290757839906790e-05
3.530228554439767183e-05
3.508052111047197644e-05
3.485772293595473391e-05
3.463367574199297259e-05
3.440847348901306633e-05
3.418205867193258642e-05
3.395464333630173918e-05
3.372612593713856789e-05
3.349653626391869380e-05
3.326572310039389423e-05
3.303385322306704185e-05
3.280092803757795559e-05
3.256702807215086784e-05
3.233198239993972375e-05
3.209587971762692767e-05
3.185874682220748858e-05
3.162069342044648862e-05
3.138156734137543418e-05
3.114143084304120802e-05
3.090032880991983564e-05
3.065834992644143046e-05
3.041535358306705374e-05
3.017142709262468013e-05
2.992661910117911661e-05
2.968095334726477609e-05
2.943435425382955501e-05
2.918695479393515322e-05
2.893871471873015239e-05
2.868965468626470975e-05
2.843982648017407663e-05
2.818924684638849434e-05
2.793787393496117942e-05
2.768585720839931177e-05
2.743311225236189224e-05
2.717968479069652460e-05
2.692566436994488918e-05
2.667100814457755111e-05
2.641577427276036141e-05
2.615998014906482103e-05
2.590366128670938101e-05
2.564687915236557667e-05
2.538958725930271054e-05
2.513190129064222050e-05
2.487379878105636867e-05
2.461536021060380079e-05
2.435655320674452138e-05
2.409748229380048100e-05
2.383814704972184357e-05
2.357859727463379403e-05
2.331884107924752492e-05
2.305897340109275029e-05
2.279899167580483899e-05
2.253894882656064876e-05
2.227887114500703809e-05
2.201883571121240245e-05
2.175885214156476015e-05
2.149897741323831402e-05
2.123924804007527970e-05
2.097973777187038053e-05
2.072045865680642452e-05
2.046147400497292304e-05
2.020282525514528792e-05
1.994457273375369383e-05
1.968674211500250076e-05
1.942939517637375766e-05
1.917258598939234390e-05
1.891635976709215477e-05
1.866075905691680966e-05
1.840583742878699425e-05
1.815165244679100412e-05
1.789824676635734163e-05
1.764567053036029894e-05
1.739397429626476446e-05
1.714321572724705200e-05
1.689343473321986731e-05
1.664468667089869877e-05
1.639702989946079865e-05
1.615051648713762420e-05
1.590519140230069726e-05
1.566111053300014977e-05
1.541833867740015430e-05
1.517692572414387622e-05
1.493692224330689485e-05
1.469838299003923126e-05
1.446136422150704055e-05
1.422591442261267803e-05
1.399208252127343055e-05
1.375992180822377221e-05
1.352947885462377155e-05
1.330079392230338048e-05
1.307391326866526703e-05
1.284889086422248403e-05
1.262576655003143624e-05
1.240458776520839655e-05
1.218539810015946892e-05
1.196825237479484097e-05
1.175318858246429164e-05
1.154025306740417826e-05
1.132948214055389234e-05
1.112092457834055692e-05
1.091460718587044471e-05
1.071057288896594908e-05
1.050884746635567347e-05
1.030946813200442252e-05
1.011246471247010335e-05
9.917877732155485238e-06
9.725733105847096506e-06
9.536065437882036521e-06
9.348891337677204315e-06
9.164233923889345408e-06
8.982111523641937814e-06
8.802546018898433302e-06
8.625554110471104295e-06
8.451162743938814609e-06
8.279390047688913796e-06
8.110252837055278218e-06
7.943754334908757737e-06
7.779906148116127904e-06
7.618701797093545534e-06
7.460148645906930151e-06
7.304249660886658445e-06
7.151020306685150112e-06
7.000455690922932316e-06
6.852553831361042038e-06
6.707301849207204976e-06
6.564700075916607778e-06
6.424737146356616482e-06
6.287413749926782732e-06
6.152709973812033596e-06
6.020612475368600835e-06
5.891096677654860581e-06
5.764158555358565477e-06
5.639782317605713156e-06
5.517950499460124865e-06
5.398620261671991879e-06
5.281774817250683216e-06
5.167398346647418196e-06
5.055470799651352857e-06
4.945954051952989178e-06
4.838819523584784702e-06
4.734035381273187003e-06
4.631578850935131133e-06
4.531405636740160307e-06
4.433491033579865169e-06
4.337810982019295012e-06
4.244325444469763347e-06
4.152980474165406887e-06
4.063752775273803675e-06
3.976608510733931946e-06
3.891509614047486645e-06
3.808412615974215319e-06
3.727289393374208821e-06
3.648086118975993394e-06
3.570775893271711527e-06
3.495318885141785288e-06
3.421668010417662200e-06
3.349784459895767568e-06
3.279637344282068594e-06
3.211174175657535879e-06
3.144366656971385514e-06
3.079163767643054766e-06
3.015539785518938523e-06
2.953446734723197026e-06
2.892845165598266892e-06
2.833698676621445135e-06
2.775967399457381893e-06
2.719616384385734048e-06
2.664607812561282398e-06
2.610900513787286123e-06
2.558458533185183822e-06
2.507250964440389487e-06
2.457235617852532608e-06
2.408378190563895213e-06
2.360652974944093600e-06
2.314017115084606026e-06
2.268440425571372595e-06
2.223889004120332390e-06
2.180336440948405167e-06
2.137748532284285178e-06
2.096093076772295431e-06
2.055341255522501465e-06
2.015467754533115059e-06
1.976442926253578697e-06
1.938237900464595218e-06
1.900825387218600308e-06
1.864184467620159367e-06
1.828285466187568179e-06
1.793104298579800361e-06
1.758620540050852001e-06
1.724812915718058983e-06
1.691654524028695819e-06
1.659124936286726114e-06
1.627208091226177577e-06
1.595884249391863886e-06
1.565128446559680528e-06
1.534926318106376623e-06
1.505263086094899604e-06
1.476118952088028821e-06
1.447474204959239753e-06
1.419319548290095531e-06
1.391640032356326323e-06
1.364417727406821082e-06
1.337638184793970921e-06
1.311295700470498547e-06
1.285376487602867602e-06
1.259863031332295727e-06
1.234744817725720737e-06
1.210020325611697118e-06
1.185673611396913735e-06
1.161692678931315421e-06
1.138069384345173193e-06
1.114803292602119492e-06
1.091877513612344402e-06
1.069284282624118464e-06
1.047019892585785163e-06
1.025082587351177086e-06
1.003454972902763625e-06
9.821345181320737693e-07
9.611228191565923325e-07
9.404136798044604291e-07
9.199924080662107337e-07
8.998590038357499346e-07
8.800170202233327876e-07
8.604580452786336246e-07
8.411716466139355644e-07
8.221601509392592838e-07
8.034263590090510922e-07
7.849586389774113208e-07
7.667516213177688149e-07
7.488120880786538353e-07
7.311386717513980215e-07
7.137187936506926459e-07
6.965515520694824753e-07
6.796482779204267883e-07
6.630011766334532441e-07
6.466005491837012889e-07
6.304472993281340852e-07
6.145523298462090871e-07
5.989043472113305799e-07
5.834981619129469368e-07
5.683371649411878078e-07
5.534298911015592254e-07
5.387612672144776676e-07
5.243312368782864721e-07
5.101477858773734664e-07
4.962119636651668156e-07
4.825083405524009119e-07
4.690401889278792413e-07
4.558192083884174403e-07
4.428382327815542886e-07
4.300873792272254589e-07
4.175708145688927261e-07
4.052974988923338436e-07
3.932568321392493164e-07
3.814434785689018671e-07
3.698632310392309915e-07
3.585223745379637994e-07
3.474057515039402973e-07
3.365128151501011016e-07
3.258535149123365518e-07
3.154250615430375772e-07
3.052155206021076836e-07
2.952253300166001824e-07
2.854665432123354710e-07
2.759281900099237407e-07
2.666044836608404161e-07
2.574964173524698338e-07
2.486128314075169741e-07
2.399398497294906597e-07
2.314756144830663345e-07
2.232227922221593775e-07
2.151860665758137717e-07
2.073496538590392943e-07
1.997149574119637795e-07
1.922882924548680298e-07
1.850652837983672424e-07
1.780352644313676722e-07
1.711991712272949732e-07
1.645646416095219306e-07
1.581222364435986724e-07
1.518675758704067558e-07
1.458016095096943819e-07
1.399297821623926137e-07
1.342412609070694855e-07
1.287344814175145745e-07
1.234116724372839568e-07
1.182735007113893593e-07
1.133081432112187170e-07
1.085129865935642430e-07
1.038902552639705101e-07
9.942984601696148554e-08
9.512245778493399708e-08
9.096246603292610344e-08
8.695128376145766163e-08
8.307644734442973770e-08
7.933198125078321107e-08
7.571238004906438212e-08
7.221810048802844577e-08
6.883759316666055167e-08
6.556898345191245999e-08
6.241061564171795293e-08
5.936049127560058359e-08
5.641062234931119272e-08
5.356012695244316506e-08
5.081069619282474083e-08
4.815762560953776959e-08
4.559810928525835688e-08
4.313090527813780383e-08
4.075764093287995927e-08
3.847321998303526062e-08
3.627693555522929322e-08
3.416757181577922238e-08
3.214621856272093748e-08
3.020765775979807099e-08
2.835136634949072181e-08
2.657677852900615778e-08
2.488208338414447382e-08
2.326469344499100376e-08
2.172276722483305116e-08
2.025637032759301489e-08
1.886141401328336480e-08
1.753702330036514659e-08
1.628041846595827220e-08
1.509123517420185943e-08
1.396525184503796158e-08
1.290189422489526415e-08
1.189796453209927505e-08
1.095235797407275430e-08
1.006172046375698678e-08
9.224841790404212637e-09
8.438727000506235518e-09
7.701586815281839929e-09
7.011648845617049442e-09
6.366568088021207619e-09
5.763921169624511004e-09
5.201373666297900447e-09
4.678217023778833970e-09
4.191700790217080642e-09
3.739675981287921387e-09
3.320322143304439709e-09
2.932796762333708621e-09
2.574454088143157118e-09
2.243058512258634537e-09
1.938353306651305796e-09
1.658647255542413067e-09
1.401267284972230579e-09
1.165125032353192229e-09
9.501423966581187004e-10
7.539253157501351664e-10
5.747978260836113068e-10
4.121315757258642619e-10
2.653991803472901267e-10
1.326354284514119678e-10
1.268842248629183606e-11
-9.494659468654303273e-11
-1.907613577731068050e-10
-2.762467974138411828e-10
-3.529231784996067183e-10
-4.201558134087569410e-10
-4.786671422574831570e-10
-5.305432188471524689e-10
-5.754156697173219954e-10
-6.136280272141049062e-10
-6.458778474205010396e-10
-6.734803497874639473e-10
-6.959134063992832279e-10
-7.138738341419995262e-10
-7.279683367135002408e-10
-7.388456107483293870e-10
-7.459846559043100324e-10
-7.504016327809714342e-10
-7.523379972601111414e-10
-7.521110573076644884e-10
-7.494704602071124594e-10
-7.450306337563391153e-10
-7.392808769847768920e-10
-7.321128070106923861e-10
-7.236021284515690131e-10
-7.138619806608951661e-10
-7.035808906988236867e-10
-6.924813810617968655e-10
-6.805209827827788538e-10
-6.679889952885102126e-10
-6.554592247772376657e-10
-6.425675360284186268e-10
-6.291842185970420969e-10
-6.157762558111911936e-10
-6.022329891251278544e-10
-5.886963798941371645e-10
-5.750917908593402969e-10
-5.616225871339767852e-10
-5.480354461155050416e-10
-5.348223022599494872e-10
-5.218006186707265133e-10
-5.088185259679991699e-10
-4.959415810023553938e-10
-4.836492227270915598e-10
-4.713247463834794524e-10
-4.589747600764572611e-10
-4.470692463379444112e-10
-4.358076184666736658e-10
-4.243594463947346973e-10
-4.128669816550680314e-10
-4.020577942750998105e-10
-3.915963386319417569e-10
-3.809135370531350833e-10
-3.703980862515341749e-10
-3.606686478350863471e-10
-3.511057246297768836e-10
-3.413193813552002361e-10
-3.319023652989086427e-10
-3.230492618825934338e-10
-3.142200738734423541e-10
-3.052943290134547627e-10
-2.968654792526657423e-10
-2.887166799928468090e-10
-2.803677639860767008e-10
-2.720713030897409343e-10
-2.641727548732429444e-10
-2.564171606487520097e-10
-2.484107570171579125e-10
-2.406401349082756892e-10
-2.331182115846523425e-10
-2.256861328921770672e-10
-2.180768768646464313e-10
-2.108017800159821942e-10
-2.036911028351035806e-10
-1.964340356962797944e-10
-1.890669463634872859e-10
-1.819457911124802355e-10
-1.749487523664018795e-10
-1.676399082426494527e-10
-1.604544535858086935e-10
-1.533993611084246320e-10
-1.464952877488422511e-10
-1.393683854234340116e-10
-1.323774433181963386e-10
-1.254770292031696980e-10
-1.186579510382990765e-10
-1.115609597050853855e-10
-1.047470444818496251e-10
-9.815973389958072772e-11
-9.151127162119453844e-11
-8.482281445673151694e-11
-7.844302015159637093e-11
-7.228015993507928221e-11
-6.591717888376495218e-11
-5.969019111115446590e-11
-5.389127550264654860e-11
-4.835216993524320805e-11
-4.276502886678879631e-11
-3.738426780622150260e-11
-3.235087250372934348e-11
-2.748835408677814157e-11
-2.274049360782042827e-11
-1.853831931983979503e-11
-1.479124677278377126e-11
-1.111054831606732826e-11
-7.667546677705185220e-12
-4.793949505124773957e-12
-2.466621967609351833e-12
-2.727562643424027481e-13
1.547178167524165417e-12
2.885528180139924107e-12
3.773894751457990348e-12
4.561916061565486808e-12
4.944589194463079141e-12
4.943059672461433548e-12
4.630378488104664425e-12
4.207069444513869840e-12
3.469107920754535857e-12
2.433200775667234472e-12
1.280203339586113806e-12
1.182817529787496352e-13
-1.076628701848369293e-12
-2.352349380578940049e-12
-3.434590043046907015e-12
-4.354863682578608967e-12
-5.172481208222968617e-12
-5.905256133138587645e-12
-6.283237927544359709e-12
-6.541562487431400625e-12
-6.614087464755605098e-12
-6.344548617870860360e-12
-5.783206099810940079e-12
-5.049829846983180233e-12
-4.217489155738233446e-12
-3.286978007132207970e-12
-2.304698243615041586e-12
-1.417077302374210824e-12
-6.155860044079285748e-13
2.271074285411909555e-13
8.395413389864547082e-13
1.213192892390057778e-12
1.269771356541030176e-12
1.177764649740742573e-12
8.640367936140635785e-13
4.666390548686556120e-13
-2.435348444951095106e-14
-5.328295575595576802e-13
-1.104911895817584659e-12
-1.536588073715619455e-12
-1.712647227697590863e-12
-1.690572128903517161e-12
-1.564766507109737933e-12
-1.311254247699622148e-12
-8.721546536002083298e-13
-3.551105758866468582e-13
7.688358000189189872e-14
3.488257058089393449e-13
5.121893405680068162e-13
5.319262212149514487e-13
3.428489873388931657e-13
1.977377081424220217e-14
-3.032129132380920313e-13
-5.435601193605290916e-13
-7.326067916552895115e-13
-7.324083252628321450e-13
-5.528669230833329445e-13
-2.824605919074965138e-13
-3.010671602451044020e-14
2.230221503550398099e-13
2.989197264160773653e-13
2.151204874025541454e-13
3.328441912522984247e-14
-1.872156207142937233e-13
-3.593737087387605146e-13
-3.811604868933233954e-13
-2.920317877339733077e-13
-7.694103223895209158e-14
9.147157368050253081e-14
1.799708068874387646e-13
1.261098123236118099e-13
-2.874104240251824051e-14
-1.750787848713752904e-13
-2.443339130386462589e-13
-1.607231162538012315e-13
-2.078130890157808651e-14
1.065057350853745755e-13
1.051938144390065454e-13
5.512123830119220767e-15
-1.220441545175414485e-13
-1.552712787835546490e-13
-7.293909662862052495e-14
4.749628369893466196e-14
8.693170006805323653e-14
1.216716596249483493e-14
-8.656882987892543874e-14
-1.032737812342571105e-13
-1.857095533132501809e-14
6.005977728146042843e-14
4.033341298830102971e-14
-5.009125694797669201e-14
-7.964999353071581842e-14
-1.142306358295837121e-14
5.357229554270546399e-14
1.235593641982241008e-14
-5.740747922394748630e-14
-4.023180671568025356e-14
3.257729387521635987e-14
2.538811833706710425e-14
-3.894249412950520741e-14
-3.510818232408298041e-14
2.952710295964889297e-14
1.405609779935548897e-14
-3.904840377426060949e-14
-1.017684219200903419e-14
3.168824491137820061e-14
-1.669476494115978314e-14
-2.508027447420678219e-14
2.237723502849608326e-14
4.753481112119532070e-16
-2.848981415802702950e-14
2.097214281226513710e-14
-2.395101796385364666e-15
-1.976668619093212044e-14
1.894501137523667120e-14
-8.763217669140059632e-15
-1.011677373569604967e-14
1.933812887966819755e-14
-2.298135924366212120e-14
1.636232489927077412e-14
-8.883922391068851078e-15
-3.741325028251360925e-16
5.897411304721376969e-15
-9.909030247753128470e-15
1.090002255338457488e-14
-1.079827745558267523e-14
9.781004472245766462e-15
-8.239539331920982698e-15
7.181083480291671550e-15
-5.510326131432444054e-15
5.035231042517406005e-15
-3.528363557657260760e-15
3.632294683668755853e-15
-2.240665112270870493e-15
2.779611327810485374e-15
-1.414414219232612551e-15
2.263780789271657084e-15
-8.673174985031748073e-16
1.943202827287731715e-15
-4.878215641544394420e-16
1.736038830383539555e-15
-2.121401921825721060e-16
1.596567058864737614e-15
-3.793480299664859787e-18
1.498981257800281603e-15
1.587365243166832618e-16
1.428284501514354179e-15
2.887031549057510025e-16
1.375447573279511463e-15
3.946512308629913367e-16
1.334839336525189328e-15
4.823331880381634815e-16
1.302832652624229842e-15
5.557740679333332403e-16
1.277023636813886381e-15
6.178860259592682653e-16
1.255779071535953238e-15
6.708369160041759868e-16
1.237965089336946213e-15
7.162798086884701415e-16
1.222779399156020034e-15
7.555010041428370191e-16
1.209644610144503174e-15
7.895185959536886729e-16
1.198138712693919577e-15
8.191500454789265278e-16
1.187948785583647939e-15
8.450597413243298437e-16
1.178839583117969098e-15
8.677932695351095258e-16
1.170631865691920068e-15
8.878026332054899129e-16
1.163187235687692826e-15
9.054651637518971928e-16
1.156397391205595308e-15
9.210979407915464784e-16
1.150176425839049358e-15
9.349689522701810306e-16
1.144455256784671314e-15
9.473058462132319455e-16
1.139177557402681731e-15
9.583028749824504942e-16
1.134296764513563026e-15
9.681264626346120744e-16
1.129773860417406924e-15
9.769197099350315452e-16
1.125575717768528866e-15
9.848060695549055869e-16
1.121673856613507537e-15
9.918923662787068447e-16
1.118043504849794060e-15
9.982712950656309710e-16
1.114662883631252695e-15
1.004023499276228259e-15
1.111512660214558634e-15
1.009219308555463730e-15
1.108575526073533765e-15
1.013920198899437156e-15
1.105835869264049961e-15
1.018180024518692400e-15
1.103279517831733899e-15
1.022046061067972152e-15
1.100893537027629480e-15
1.025559892219237564e-15
1.098666067680035296e-15
1.028758165451794556e-15
1.096586195708693144e-15
1.031673238226996922e-15
1.094643845822267855e-15
1.034333731967679131e-15
1.092829693773147848e-15
1.036765008069869365e-15
1.091135092957272801e-15
1.038989577981975105e-15
1.089552012354814250e-15
1.041027457133040387e-15
1.088072983280625990e-15
1.042896471137001483e-15
1.086691053216456807e-15
1.044612521119062074e-15
1.085399745260235246e-15
1.046189814082469747e-15
1.084193022155348663e-15
1.047641063300840355e-15
1.083065254079843188e-15
1.048977662884540666e-15
1.082011189552258512e-15
1.050209840109017806e-15
1.081025928956695638e-15
1.051346788572470404e-15
1.080104900313514272e-15
1.052396784742446666e-15
1.079243836991792001e-15
1.053367290144105650e-15
1.078438757100844916e-15
1.054265041060345588e-15
1.077685944419734927e-15
1.055096127416261462e-15
1.076981930636179290e-15
1.055866062219969423e-15
1.076323478834846792e-15
1.056579842815096419e-15
1.075707568094120458e-15
1.057242004924768339e-15
1.075131379083727731e-15
1.057856670476276353e-15
1.074592280631065608e-15
1.058427589908389153e-15
1.074087817145987294e-15
1.058958179704819576e-15
1.073615696862221208e-15
1.059451555691507191e-15
1.073173780844880829e-15
1.059910562642543613e-15
1.072760072685379245e-15
1.060337800637841167e-15
1.072372708887435953e-15
1.060735648537828513e-15
1.072009949854593262e-15
1.061106284936881935e-15
1.071670171458335884e-15
1.061451706877262759e-15
1.071351857163906803e-15
1.061773746597385363e-15
1.071053590652850896e-15
1.062074086514361463e-15
1.070774048922600107e-15
1.062354272669943926e-15
1.070511995850594547e-15
1.062615726783384435e-15
1.070266276143045661e-15
1.062859757092920678e-15
1.070035809701641460e-15
1.063087568091460818e-15
1.069819586342123939e-15
1.063300269295881583e-15
1.069616660846630199e-15
1.063498883143841676e-15
1.069426148339701421e-15
1.063684352107290611e-15
1.069247219952042658e-15
1.063857545112099840e-15
1.069079098759645574e-15
1.064019263327954107e-15
1.068921055969348168e-15
1.064170245387808606e-15
1.068772407342997718e-15
1.064311172105706334e-15
1.068632509833885727e-15
1.064442670729005403e-15
1.068500758424986318e-15
1.064565318770602991e-15
1.068376583145250988e-15
1.064679647470303372e-15
1.068259446260798548e-15
1.064786144903211496e-15
1.068148839611909251e-15
1.064885258777406310e-15
1.068044282096030557e-15
1.064977398945581571e-15
1.067945317281791197e-15
1.065062939647544499e-15
1.067851511132187283e-15
1.065142221518777121e-15
1.067762449838275598e-15
1.065215553371667628e-15
1.067677737753371117e-15
1.065283213769761794e-15
1.067596995406805690e-15
1.065345452420175832e-15
