# bin_5_3
7.045066152045812140e-04
7.043168566667995338e-04
7.044245669105713738e-04
7.042402840688880613e-04
7.043353597223744444e-04
7.041556647380488223e-04
7.042383043025182308e-04
7.040623189409456846e-04
7.041326606869571835e-04
7.039595129301773769e-04
7.040176361284689434e-04
7.038464571140848076e-04
7.038923833115309694e-04
7.037223046500296455e-04
7.037559990677349272e-04
7.035861505996502318e-04
7.036075237445057464e-04
7.034370318165238155e-04
7.034459414093102323e-04
7.032739277587588423e-04
7.032701810955837131e-04
7.030957624509983229e-04
7.030791193278498018e-04
7.029014078448771446e-04
7.028715841878247286e-04
7.026896888571504060e-04
7.026463612129018417e-04
7.024593903839445761e-04
7.024022014329820308e-04
7.022092666050344613e-04
7.021378318614393543e-04
7.019380528949407472e-04
7.018519687518789268e-04
7.016444806397137586e-04
7.015433339006506199e-04
7.013272952156897463e-04
7.012106742183213262e-04
7.009852773084429165e-04
7.008527846893982749e-04
7.006172676229855713e-04
7.004685346883029540e-04
7.002221948501029768e-04
7.000568973936442110e-04
6.997991064905124525e-04
6.996169817396539993e-04
6.993472017888938738e-04
6.991480659423235638e-04
6.988658655733149660e-04
6.986496311280527855e-04
6.983547012332625261e-04
6.981213929727697826e-04
6.978135603931079302e-04
6.975633285343852460e-04
6.972425660704207251e-04
6.969756946591731343e-04
6.966421252839422127e-04
6.963590335155730397e-04
6.960129262714363730e-04
6.957141600529058792e-04
6.953559148042601614e-04
6.950421256386894384e-04
6.946722437232420201e-04
6.943441520047034798e-04
6.939631900039524822e-04
6.936215302005016179e-04
6.932300346986416126e-04
6.928754808533926085e-04
6.924739033575967161e-04
6.921069750439249983e-04
6.916955683919430876e-04
6.913165198941604705e-04
6.908952206247989929e-04
6.905039197943963272e-04
6.900722251509322025e-04
6.896680330581117470e-04
6.892248863687031523e-04
6.888065542249204379e-04
6.883502578594846407e-04
6.879158629982523847e-04
6.874440429570989781e-04
6.869909896668222960e-04
6.865006385375623877e-04
6.860257503434341337e-04
6.855133736711667165e-04
6.850130988136320228e-04
6.844749812444713300e-04
6.839457199372977504e-04
6.833783093092984451e-04
6.828168477950595679e-04
6.822172263317289025e-04
6.816212286078005347e-04
6.809876019629537442e-04
6.803560689126863376e-04
6.796881622600716051e-04
6.790217291431004196e-04
6.783209475997243254e-04
6.776218707817890105e-04
6.768910788416797070e-04
6.761627834588712464e-04
6.754056081176813353e-04
6.746517523661013475e-04
6.738714354761191809e-04
6.730946047123897037e-04
6.722926196344309029e-04
6.714929748098817826e-04
6.706678387368989521e-04
6.698422410430578296e-04
6.689891021842718282e-04
6.681312985055381896e-04
6.672428177476590495e-04
6.663450560235207199e-04
6.654137082820342670e-04
6.644695747713394614e-04
6.634907599084202386e-04
6.624981975464226593e-04
6.614727221375061228e-04
6.604355057874040534e-04
6.593696283637953855e-04
6.582956944560181206e-04
6.571976856291613994e-04
6.560941819281037365e-04
6.549684765796929403e-04
6.538359614220195419e-04
6.526785728057020279e-04
6.515088362596719402e-04
6.503085234196335314e-04
6.490894795098375901e-04
6.478359156517480340e-04
6.465616451808723015e-04
6.452550875342926004e-04
6.439324468089056841e-04
6.425848412134417586e-04
6.412277126811279440e-04
6.398506020457544715e-04
6.384642066778355900e-04
6.370540963436913421e-04
6.356267797092730876e-04
6.341675426259067066e-04
6.326847797856171565e-04
6.311696785968370351e-04
6.296362463189626637e-04
6.280805165957975425e-04
6.265160402847443208e-04
6.249346344218501817e-04
6.233417134916792793e-04
6.217229502527510604e-04
6.200817097520956115e-04
6.184092546618583271e-04
6.167179875329559333e-04
6.150076771921812258e-04
6.132911995463955412e-04
6.115608845861620572e-04
6.098175761206256181e-04
6.080473731898876442e-04
6.062553486478067938e-04
6.044411306139916770e-04
6.026202976766432094e-04
6.007907692473040111e-04
5.989534315114919535e-04
5.970932502614614400e-04
5.952130999248325498e-04
5.933151781905422577e-04
5.914153772359242219e-04
5.895091234184999173e-04
5.875915303648025778e-04
5.856500778289182828e-04
5.836962085834002025e-04
5.817373079212109126e-04
5.797780859152742213e-04
5.778011341987755387e-04
5.758062391609509133e-04
5.738010547003447081e-04
5.717981723528093143e-04
5.697818445133498748e-04
5.677460541814988550e-04
5.656978723980963511e-04
5.636510425367714967e-04
5.615877442998914700e-04
5.595035956059031795e-04
5.574101806375639798e-04
5.553129522193442531e-04
5.531897033227710543e-04
5.510507702617749130e-04
5.489053456960919005e-04
5.467394671596354904e-04
5.445483857097315741e-04
5.423529454705163996e-04
5.401321904574933348e-04
5.378895072573809015e-04
5.356374691986855955e-04
5.333597442814121776e-04
5.310620832531642421e-04
5.287550783612634435e-04
5.264163664293930499e-04
5.240726214097244512e-04
5.217027079450788345e-04
5.193196770320394461e-04
5.169214645369547400e-04
5.145033535961375352e-04
5.120760510607682246e-04
5.096274278086455152e-04
5.071703330376517481e-04
5.046930911862284501e-04
5.022055981157697285e-04
4.996990311863858721e-04
4.971797017805885477e-04
4.946414218197803681e-04
4.920879244657435335e-04
4.895150016410824978e-04
4.869249941108114263e-04
4.843152520759999666e-04
4.816876135002863372e-04
4.790407184139194668e-04
4.763763460817181140e-04
4.736940684772569950e-04
4.709955773710330766e-04
4.682808204664853967e-04
4.655510437323928446e-04
4.628059677952555545e-04
4.600460539295770919e-04
4.572704988524281880e-04
4.544790600394070772e-04
4.516706921079210947e-04
4.488450625641815538e-04
4.460015793262320206e-04
4.431405376489023031e-04
4.402622445690071570e-04
4.373677087755058180e-04
4.344577187213513321e-04
4.315331988652615011e-04
4.285944110566360728e-04
4.256413473658419142e-04
4.226733550547141826e-04
4.196898085103741558e-04
4.166900960044273862e-04
4.136742707694724330e-04
4.106428462361192268e-04
4.075969110100866283e-04
4.045374516042777430e-04
4.014651517273123472e-04
3.983799040367105382e-04
3.952811657283521424e-04
3.921682224251355235e-04
3.890409668174632757e-04
3.858999828008841722e-04
3.827465061310825179e-04
3.795815746141597310e-04
3.764055963629458546e-04
3.732180751109718891e-04
3.700183966346836002e-04
3.668064774189747535e-04
3.635832965814916298e-04
3.603501545299367024e-04
3.571078722874255671e-04
3.538561392881929535e-04
3.505943666685766027e-04
3.473226274036574079e-04
3.440421963426845394e-04
3.407543448334657342e-04
3.374593763788994783e-04
3.341566064654288783e-04
3.308460493379471222e-04
3.275289005084991477e-04
3.242065803630819797e-04
3.208790807363894049e-04
3.175458966144707892e-04
3.142075729734856559e-04
3.108657868884278025e-04
3.075210624869882388e-04
3.041729067980970206e-04
3.008216902159944377e-04
2.974691351231340030e-04
2.941156923686430620e-04
2.907609623252806479e-04
2.874057781475422959e-04
2.840516954908716080e-04
2.806985486237390643e-04
2.773466472276210908e-04
2.739973923540179809e-04
2.706511660835259005e-04
2.673080223339628679e-04
2.639695970601318238e-04
2.606359471011432806e-04
2.573074545808057452e-04
2.539857233236710618e-04
2.506706802184817309e-04
2.473628931920979148e-04
2.440640023906919735e-04
2.407735117136275600e-04
2.374930471073580511e-04
2.342227065952026178e-04
2.309635012426469887e-04
2.277162341103845745e-04
2.244811541895688084e-04
2.212595383731667028e-04
2.180515869322723456e-04
2.148584616668114237e-04
2.116804050616154134e-04
2.085185468951530365e-04
2.053733018620808640e-04
2.022455300516322644e-04
1.991357343412351693e-04
1.960448659433371458e-04
1.929733885025144307e-04
1.899221147666355959e-04
1.868916383917818577e-04
1.838827746973410932e-04
1.808960429580715591e-04
1.779321531033462749e-04
1.749916874295240495e-04
1.720753881950163558e-04
1.691837529523498526e-04
1.663174273868184814e-04
1.634769644295119915e-04
1.606629702375053019e-04
1.578759144567107417e-04
1.551163401561149826e-04
1.523847832879079338e-04
1.496817199457526780e-04
1.470076155197533004e-04
1.443629342060848706e-04
1.417481601004637825e-04
1.391637071653844735e-04
1.366100054786566263e-04
1.340874507911875735e-04
1.315964366124434297e-04
1.291372468514428041e-04
1.267101906471754670e-04
1.243155350641473721e-04
1.219535434338033447e-04
1.196244373166699968e-04
1.173284398511511466e-04
1.150657478683840123e-04
1.128365414810383947e-04
1.106409794669711502e-04
1.084791889243815941e-04
1.063512576032002172e-04
1.042572174263443863e-04
1.021970916850539692e-04
1.001708977518488787e-04
9.817863288653488072e-05
9.622027387787752712e-05
9.429577782066522133e-05
9.240509607248683299e-05
9.054810877413138615e-05
8.872466682324322879e-05
8.693458677132288707e-05
8.517772483083502948e-05
8.345389978038027831e-05
8.176290448535214245e-05
8.010446663491422562e-05
7.847834772983296821e-05
7.688426820382493053e-05
7.532197696927141184e-05
7.379118788982222973e-05
7.229158381275741787e-05
7.082273426119532333e-05
6.938425607988662363e-05
6.797580493636198873e-05
6.659705290790223419e-05
6.524761078030412117e-05
6.392704893453539209e-05
6.263488711280164431e-05
6.137072112406699869e-05
6.013412198211914563e-05
5.892467479139093691e-05
5.774190999514702729e-05
5.658534797368156125e-05
5.545449579564585923e-05
5.434886145741397729e-05
5.326793864539445291e-05
5.221128985589940617e-05
5.117844408487460357e-05
5.016889263833148785e-05
4.918212074213720630e-05
4.821767017337971821e-05
4.727499920818611706e-05
4.635360480340961929e-05
4.545302451051494203e-05
4.457276723489380092e-05
4.371230470921843957e-05
4.287120652899106962e-05
4.204895350460662550e-05
4.124506694495664027e-05
4.045905953147613005e-05
3.969045673213057848e-05
3.893883163903946569e-05
3.820368286918581895e-05
3.748455949742074005e-05
3.678107538099730097e-05
3.609271728500501185e-05
3.541904761485289798e-05
3.475967654902829070e-05
3.411418352335218095e-05
3.348212169881587626e-05
3.286314544416297991e-05
3.225682265415476252e-05
3.166276103069880281e-05
3.108058080067246286e-05
3.050999014358062969e-05
2.995057315615538612e-05
2.940193757710577485e-05
2.886380420782563288e-05
2.833586431510314011e-05
2.781776876253876362e-05
2.730915850154235467e-05
2.680978641688975921e-05
2.631938525354688823e-05
2.583760637495649608e-05
2.536419252677697778e-05
2.489890004670391245e-05
2.444149706878964780e-05
2.399167345475151710e-05
2.354922144290649662e-05
2.311395890921866158e-05
2.268567384107434979e-05
2.226407510399916345e-05
2.184898966044545348e-05
2.144031896790664059e-05
2.103781772332909814e-05
2.064126947601870320e-05
2.025056447682330334e-05
1.986557845666458099e-05
1.948610307824329076e-05
1.911196379275737460e-05
1.874312051693196796e-05
1.837944076148503023e-05
1.802070622391580050e-05
1.766681827058118952e-05
1.731778785767214851e-05
1.697345498901126499e-05
1.663364608309101354e-05
1.629830172594094994e-05
1.596745201965537366e-05
1.564093255103296616e-05
1.531862574253946402e-05
1.500051589758405056e-05
1.468662663085314297e-05
1.437676104980724081e-05
1.407086708531714032e-05
1.376899805049575497e-05
1.347111433884611878e-05
1.317702507577022550e-05
1.288673076793215903e-05
1.260034002174702345e-05
1.231775230915157204e-05
1.203883963474736536e-05
1.176364030792777055e-05
1.149224617108649195e-05
1.122452291787687802e-05
1.096039395922162101e-05
1.069992692652222576e-05
1.044318318936282670e-05
1.018998455696846120e-05
9.940335606185887442e-06
9.694376593798314994e-06
9.452076639967952151e-06
9.213278242404697102e-06
8.978003735687158814e-06
8.746415731192420703e-06
8.518391667201403251e-06
8.293848590957897255e-06
8.072841164421941685e-06
7.855506513914414226e-06
7.641681124254035942e-06
7.431332044647064657e-06
7.224538936302295713e-06
7.021372932512365023e-06
6.821642975202753194e-06
6.625386131971334931e-06
6.432744174627140431e-06
6.243659811549118802e-06
6.057978927997358173e-06
5.875741554753283437e-06
5.697107046366570015e-06
5.521949566730459228e-06
5.350185517278700008e-06
5.181854799197175222e-06
5.017070429494008236e-06
4.855665032694239368e-06
4.697618301030889523e-06
4.543005605942094038e-06
4.391849060146785424e-06
4.243975235911279969e-06
4.099398966649808038e-06
3.958238312711437925e-06
3.820397062274478929e-06
3.685770455546677193e-06
3.554364843931971146e-06
3.426286339168899023e-06
3.301390520369486549e-06
3.179629507059694656e-06
3.061003609661681243e-06
2.945589424240077489e-06
2.833209810073562319e-06
2.723847340751833076e-06
2.617542235043093998e-06
2.514288500544228418e-06
2.413922003670657995e-06
2.316433874708702959e-06
2.221909788578128144e-06
2.130233378135283559e-06
2.041326993916874017e-06
1.955184357551010858e-06
1.871860008348880811e-06
1.791237032613566710e-06
1.713278019030752339e-06
1.637982669681434142e-06
1.565402843726043732e-06
1.495405847949701008e-06
1.428003000784404184e-06
1.363225153843413581e-06
1.301039816880219622e-06
1.241335734759671988e-06
1.184052807909250518e-06
1.129169760789444575e-06
1.076505134375240863e-06
1.025919514635704422e-06
9.772713052030635870e-07
9.304783576076742216e-07
8.853324348767357877e-07
8.417181110389223014e-07
7.995193548415890014e-07
7.586750419104082954e-07
7.190470606209548235e-07
6.806057573901815104e-07
6.433445678357011674e-07
6.072392277335999676e-07
5.722671490653330901e-07
5.384331793100117050e-07
5.057804635922893289e-07
4.742880541122075950e-07
4.439768863706882091e-07
4.148465806992334477e-07
3.869324370368228355e-07
3.602095090323071996e-07
3.346874311484831679e-07
3.103434715950469482e-07
2.871751845484422476e-07
2.651635157107680229e-07
2.443010216985634059e-07
2.245590374778274002e-07
2.058979968738715507e-07
1.883095377393406603e-07
1.717585025474790735e-07
1.562071209637401666e-07
1.416085652055801287e-07
1.279574261172993153e-07
1.152022161313783877e-07
1.033038294217757397e-07
9.222285663572985675e-08
8.193725024909820997e-08
7.239799491909429071e-08
6.357243845899063275e-08
5.542326520058114190e-08
4.791558660449655476e-08
4.100757979974186743e-08
3.466104224910132737e-08
2.886339104409182097e-08
2.357110687138265018e-08
1.873590264701480713e-08
1.434945746615849289e-08
1.038676776149619442e-08
6.804744024387669064e-09
3.575159585551125627e-09
6.842698242860897800e-10
-1.890416938653534620e-09
-4.181826883718223569e-09
-6.218123137391706337e-09
-7.999792010300880536e-09
-9.550866180654737925e-09
-1.090496740229174714e-08
-1.206965214377047370e-08
-1.305359217611244633e-08
-1.387905453425820676e-08
-1.457300684443790412e-08
-1.512991345375656484e-08
-1.556257604686765212e-08
-1.589196580424454494e-08
-1.613480074646990456e-08
-1.628832098462392978e-08
-1.635820296066736185e-08
-1.635784497587198875e-08
-1.630208455274172552e-08
-1.619082450251396186e-08
-1.602731083997099012e-08
-1.582891760877676270e-08
-1.559557112292067524e-08
-1.532743628521803825e-08
-1.502755451479253962e-08
-1.470987605042315754e-08
-1.436979177961386623e-08
-1.401482386428562857e-08
-1.364965202274257296e-08
-1.327724368736570649e-08
-1.289290674525256654e-08
-1.250628092231396778e-08
-1.211754219017801873e-08
-1.172134582507136022e-08
-1.132811310066251567e-08
-1.093999661925222966e-08
-1.055320511193916543e-08
-1.017140124944869429e-08
-9.792800110572289258e-09
-9.417038744764918656e-09
-9.055868090894190150e-09
-8.703994428822213026e-09
-8.358030241936587153e-09
-8.019654784133839562e-09
-7.696509098243324858e-09
-7.383203961015629068e-09
-7.076216347423837249e-09
-6.779402358782740600e-09
-6.488265950747268682e-09
-6.206619824429147525e-09
-5.936976204535492029e-09
-5.674203796473322573e-09
-5.418998505427532292e-09
-5.182730950439805565e-09
-4.959006411490961781e-09
-4.732779336662216445e-09
-4.514560724000551160e-09
-4.312759173665124103e-09
-4.112722334919269241e-09
-3.916668950015891749e-09
-3.737352579135399431e-09
-3.573784022713990920e-09
-3.410849971476771890e-09
-3.249550915715667830e-09
-3.100642321594123195e-09
-2.955303750672032421e-09
-2.810805533153754172e-09
-2.678611581146372782e-09
-2.563039233953411670e-09
-2.448897404424242601e-09
-2.328444181823213484e-09
-2.219561041453131566e-09
-2.120771764630172317e-09
-2.023787087886113228e-09
-1.931625844130908500e-09
-1.845961564144065913e-09
-1.762761512394904312e-09
-1.679354246523332906e-09
-1.603132564912031178e-09
-1.534639610589121451e-09
-1.469778128089172262e-09
-1.399816949811197980e-09
-1.338851530697768180e-09
-1.284049029343169322e-09
-1.230924554501057734e-09
-1.173855911718944899e-09
-1.123446416548452884e-09
-1.080755703005884362e-09
-1.037107854920041422e-09
-9.905013232441958783e-10
-9.480944646936310338e-10
-9.142714694032236409e-10
-8.765680109586760979e-10
-8.371148806090110454e-10
-8.054707085421696194e-10
-7.777292718370335339e-10
-7.422569114089821975e-10
-7.143906395958491774e-10
-6.900010717725389739e-10
-6.606901339834877769e-10
-6.354358604102720645e-10
-6.132365516586187033e-10
-5.912737433624567018e-10
-5.693443440489300036e-10
-5.447857808442844913e-10
-5.254489348606844750e-10
-5.090693318405543018e-10
-4.875837019158359391e-10
-4.682411110109535822e-10
-4.506028251716803498e-10
-4.351348587965784717e-10
-4.147566905118775738e-10
-3.979855969085427739e-10
-3.847510308137838824e-10
-3.686975515834730081e-10
-3.509519686968735702e-10
-3.369065407554027088e-10
-3.252480971982509668e-10
-3.093679076671858914e-10
-2.941820771992924594e-10
-2.813593695708445680e-10
-2.687897071227775156e-10
-2.533789843997510479e-10
-2.391360315020487980e-10
-2.266975199002261397e-10
-2.151939997315117176e-10
-2.001632961025725153e-10
-1.877114374969161769e-10
-1.770562096002895292e-10
-1.655311178366604007e-10
-1.526379206271774559e-10
-1.410342669301265973e-10
-1.310786956932807291e-10
-1.186032672473048131e-10
-1.071398750598862252e-10
-9.668368515613314237e-11
-8.808650276642577325e-11
-7.810361576787042483e-11
-6.880541534878746712e-11
-6.021421711159089359e-11
-5.245151180363655492e-11
-4.264918132420624365e-11
-3.513641453673780751e-11
-2.943728820919632489e-11
-2.328119112180488677e-11
-1.722175076472270078e-11
-1.235130446337106101e-11
-8.352355170056324986e-12
-3.498719747264067526e-12
-3.099775288958617951e-13
1.506086788575948377e-12
2.597927341320807931e-12
4.484211868368386608e-12
5.711328349793807376e-12
6.159756534119951820e-12
5.081221985872690133e-12
4.619915549874035725e-12
3.392199005657686636e-12
2.098577624911455700e-12
7.525309627677231603e-13
-1.315913613162735914e-12
-3.503631704076650857e-12
-5.454941045461428383e-12
-6.572830418925582427e-12
-8.250406434571476643e-12
-9.843219581949754910e-12
-1.090260060817583172e-11
-1.101535790067506988e-11
-1.158061486107637476e-11
-1.179978313210526560e-11
-1.115132553365908674e-11
-9.942898118996340986e-12
-9.052131678645022138e-12
-7.693754350958533193e-12
-5.786981023588960567e-12
-4.355593192329191331e-12
-2.853210046912401088e-12
-1.320517278260619912e-12
-5.674408152667020095e-14
9.319471497523862836e-13
1.687802565368697304e-12
1.654635935178201746e-12
1.684836929022640065e-12
1.185095423577720748e-12
4.410510216041370306e-13
-2.493033406952412532e-13
-1.202121476530281684e-12
-1.991062398850689056e-12
-2.702052194404459441e-12
-2.995477769867826555e-12
-2.952043854091364366e-12
-2.761659935832696036e-12
-2.254572943801118427e-12
-1.555469684954516512e-12
-6.810149250174634456e-13
-3.124981025206905634e-14
4.841071098809178713e-13
7.453638150090149436e-13
7.934135267539801091e-13
4.481150950729035399e-13
-3.385243274545805566e-14
-5.569193484339974993e-13
-9.543260597564981633e-13
-1.272152501079100544e-12
-1.244470332022378924e-12
-9.597914521440666090e-13
-5.160569044697893391e-13
-8.926470094360242383e-14
3.360002870869291519e-13
4.526117442164175558e-13
3.285489487207977451e-13
2.690779268572375273e-14
-3.359108525996598015e-13
-6.183784397356210448e-13
-6.420830963163172433e-13
-4.943338328581364149e-13
-1.426523738507952697e-13
1.407936480581925634e-13
2.786427670091241798e-13
1.971527883658305980e-13
-5.564930095729357076e-14
-2.958367986784146361e-13
-4.015287727018441710e-13
-2.755502101699702903e-13
-3.421456233030254150e-14
1.704685278955839392e-13
1.777159543099136703e-13
3.190225719331021650e-15
-2.002684888960883659e-13
-2.551642608341635948e-13
-1.124883376634579955e-13
7.865113698283087949e-14
1.451694758070040005e-13
2.265744342452937840e-14
-1.347759932451033650e-13
-1.662384465220683955e-13
-2.508896697259522149e-14
1.053551426210393391e-13
7.365892719102271488e-14
-7.854451252751144591e-14
-1.221103547247723520e-13
-9.648545756914821936e-15
9.440703411978244723e-14
2.675566181651356874e-14
-8.305461082611182599e-14
-5.882884532228239536e-14
6.228799196608689561e-14
5.107190302540707206e-14
-5.484218447928121602e-14
-4.802587380130586422e-14
5.841418370933302111e-14
3.180073999570385731e-14
-5.253147489710277968e-14
-7.987197442391443437e-15
6.300526445716540047e-14
-1.721844648896421479e-14
-3.072206257687482185e-14
4.733334412701827712e-14
1.152261991019960023e-14
-3.602674241915872886e-14
4.526271432290775849e-14
7.132879581430828938e-15
-2.158918865615644279e-14
4.235543835395710116e-14
-3.348921253058766908e-15
-5.337959966030929652e-15
4.304079141943923817e-14
-2.649168099769699592e-14
3.837552509546161764e-14
-3.340405521491264428e-15
1.103536846405712462e-14
2.098853967761459360e-14
-4.547298354157628938e-15
2.928912557881986756e-14
-5.966759801083360811e-15
2.753865981737988382e-14
-1.734893164254423397e-15
2.334519759254052775e-14
2.774641069533289638e-15
1.988455153405496807e-14
6.055965031721969544e-15
1.763312954408701372e-14
8.195397976525912759e-15
1.627693517165327167e-14
9.574652959760426639e-15
1.546735616486880420e-14
1.049286749164885903e-14
1.497314873038131424e-14
1.113328668221692842e-14
1.466084271762926838e-14
1.160085088970407520e-14
1.445604740359854123e-14
1.195571042265136574e-14
1.431692752281750839e-14
1.223345312956419562e-14
1.421929630252206603e-14
1.245608222226263279e-14
1.414869233440442376e-14
1.263784772466098748e-14
1.409617706962281558e-14
1.278839066629868297e-14
1.405605704872577389e-14
1.291449230794538112e-14
1.402461003491057681e-14
1.302108482716536055e-14
1.399934800212909707e-14
1.311185862311210704e-14
1.397857645990730400e-14
1.318964135444557676e-14
1.396112287777145633e-14
1.325664305603195414e-14
1.394616475029365439e-14
1.331461990023675946e-14
1.393311815046720349e-14
1.336498688271756669e-14
1.392156400203689864e-14
1.340889745538757238e-14
1.391119844502505778e-14
1.344730115507871688e-14
1.390179891853653266e-14
1.348098620406382688e-14
1.389320068900093853e-14
1.351061160174177585e-14
1.388528043432821533e-14
1.353673170695147845e-14
1.387794465883252136e-14
1.355981534867650239e-14
1.387112145958047292e-14
1.358026087810732957e-14
1.386475463788619305e-14
1.359840816130398348e-14
1.385879947001932432e-14
1.361454823203967071e-14
1.385321965700361280e-14
1.362893112983491287e-14
1.384798512095005725e-14
1.364177231651879979e-14
1.384307040878726072e-14
1.365325796382094333e-14
1.383845353561394759e-14
1.366354933941563418e-14
1.383411514635477329e-14
1.367278646355009348e-14
1.383003790809811846e-14
1.368109117341518771e-14
1.382620607012225393e-14
1.368856970132362808e-14
1.382260514514301110e-14
1.369531485387726751e-14
1.381922167871375859e-14
1.370140785818761249e-14
1.381604308215697508e-14
1.370691993284656030e-14
1.381305751113550228e-14
1.371191362729503552e-14
1.381025377694974944e-14
1.371644396731685387e-14
1.380762128082406529e-14
1.372055943674527424e-14
1.380514996485885061e-14
1.372430282079921280e-14
1.380283027395704487e-14
1.372771193179192951e-14
1.380065312582902197e-14
1.373082023525257442e-14
1.379860988581944861e-14
1.373365739036356674e-14
1.379669234566777404e-14
1.373624971778585041e-14
1.379489270380910946e-14
1.373862060493773666e-14
1.379320354752556376e-14
1.374079085760051510e-14
1.379161783544094352e-14
1.374277900540110956e-14
1.379012888053992255e-14
1.374460156749589186e-14
1.378873033320095327e-14
1.374627328379914645e-14
1.378741616435367779e-14
1.374780731668449190e-14
1.378618064837690626e-14
1.374921542659896725e-14
1.378501834603661097e-14
1.375050812553283039e-14
1.378392408717345241e-14
1.375169481088688233e-14
1.378289295349499822e-14
1.375278388235731547e-14
1.378192026099587740e-14
1.375378284396921705e-14
1.378100154264013149e-14
1.375469839314796003e-14
1.378013253068873915e-14
1.375553649821696936e-14
1.377930913927219734e-14
1.375630246610625934e-14
1.377852744663584660e-14
1.375700100083684881e-14
1.377778367750996740e-14
1.375763625440877708e-14
1.377707418533195078e-14
1.375821187047164853e-14
1.377639543433917636e-14
1.375873102186909473e-14
1.377574398148733902e-14
1.375919644239981019e-14
1.377511645817086460e-14
1.375961045360633470e-14
1.377450955167632621e-14
1.375997498677003201e-14
1.377391998623373861e-14
1.376029160082661964e-14
1.377334450363787611e-14
1.376056149615089464e-14
1.377277984343349240e-14
1.376078552484574389e-14
1.377222272237297553e-14
1.376096419745008552e-14
1.377166981319511231e-14
1.376109768642754313e-14
1.377111772257107759e-14
1.376118582654246588e-14
1.377056296814636041e-14
1.376122811213217833e-14
1.377000195441881595e-14
1.376122369146631899e-14
1.376943094750991087e-14
1.376117135821831512e-14
1.376884604857267019e-14
1.376106953999472042e-14
1.376824316574092270e-14
1.376091628402262762e-14
1.376761798451815255e-14
1.376070923998287507e-14
1.376696593642667120e-14
1.376044563993266262e-14
1.376628216585851153e-14
1.376012227532614234e-14
1.376556149493128322e-14
1.375973547113306443e-14
1.376479838634387607e-14
1.375928105701964052e-14
1.376398690407606915e-14
1.375875433564816814e-14
1.376312067195374593e-14
1.375815004805334975e-14
1.376219282997479350e-14
1.375746233623604691e-14
1.376119598853370201e-14
1.375668470306675363e-14
1.376012218054148166e-14
1.375580996964923120e-14
1.375896281167862986e-14
1.375483023045496711e-14
1.375770860901632548e-14
1.375373680652963433e-14
1.375634956836153793e-14
1.375252019729731090e-14
