# bin_5_1
7.556272027279087951e-05
7.547087975206498737e-05
7.555895643235545800e-05
7.547255803254975990e-05
7.555526604717190022e-05
7.547396772950842598e-05
7.555162941111823161e-05
7.547511020388793105e-05
7.554802674241366516e-05
7.547598529620648587e-05
7.554443808807812324e-05
7.547659132982308670e-05
7.554084323153525450e-05
7.547692511074508286e-05
7.553722160431469723e-05
7.547698192518145777e-05
7.553355220257972004e-05
7.547675553624787073e-05
7.552981350947977934e-05
7.547623818160079231e-05
7.552598342486337298e-05
7.547542057372106381e-05
7.552203920341786893e-05
7.547429190489473563e-05
7.551795740340288350e-05
7.547283985901875501e-05
7.551371384750143502e-05
7.547105063276238332e-05
7.550928359819387709e-05
7.546890896824522577e-05
7.550464094933141159e-05
7.546639819951588078e-05
7.549975943626196769e-05
7.546350031517709729e-05
7.549461186577052622e-05
7.546019603865399147e-05
7.548917036729273743e-05
7.545646492682665590e-05
7.548340646507914649e-05
7.545228548689871060e-05
7.547729117031035182e-05
7.544763530922113577e-05
7.547079508945485360e-05
7.544249121151567724e-05
7.546388854275606103e-05
7.543682938675635009e-05
7.545654168289359879e-05
7.543062554259911197e-05
7.544872459921540028e-05
7.542385501539756640e-05
7.544040738732075957e-05
7.541649283527131556e-05
7.543156015718057198e-05
7.540851371220804692e-05
7.542215294570346260e-05
7.539989190522494245e-05
7.541215549205520130e-05
7.539060092950558697e-05
7.540153682726435512e-05
7.538061305032858707e-05
7.539026462458450111e-05
7.536989850905447463e-05
7.537830425582559403e-05
7.535842442794254503e-05
7.536561750381982731e-05
7.534615334988635775e-05
7.535216089534508134e-05
7.533304138890699613e-05
7.533788364559182514e-05
7.531903600180174768e-05
7.532272524785778973e-05
7.530407344270169097e-05
7.530661280313302643e-05
7.528807603281463512e-05
7.528945826337888085e-05
7.527094946441238168e-05
7.527115585543957526e-05
7.525258045491215343e-05
7.525158004893546667e-05
7.523283515790683460e-05
7.523058451085418369e-05
7.521155879804904728e-05
7.520800252112426216e-05
7.518857698932522745e-05
7.518364926576139528e-05
7.516369907608683914e-05
7.515732622972891221e-05
7.513672355727885077e-05
7.512882754006013520e-05
7.510744518562893226e-05
7.509794754666740694e-05
7.507566268714658078e-05
7.506448821941118612e-05
7.504118530891887360e-05
7.502826422366482592e-05
7.500383577321661187e-05
7.498910307381957685e-05
7.496344701457389624e-05
7.494683792760505222e-05
7.491985070992649961e-05
7.490129178217600988e-05
7.487285744266642664e-05
7.485225432011530851e-05
7.482223144282128431e-05
7.479945623681532197e-05
7.476766666893110320e-05
7.474254958052966875e-05
7.470877408750570075e-05
7.468110452678246476e-05
7.464509004660262171e-05
7.461463056728016808e-05
7.457611021057357630e-05
7.454262143616304577e-05
7.450134182166508624e-05
7.446460911085758826e-05
7.442035223301022423e-05
7.438019873334015760e-05
7.433278226719648729e-05
7.428905408917768269e-05
7.423830080665508693e-05
7.419082315252550485e-05
7.413650909724528654e-05
7.408503506425265532e-05
7.402684928432388294e-05
7.397104131772360271e-05
7.390859731648113246e-05
7.384807218821229163e-05
7.378098233735881108e-05
7.371540263270829664e-05
7.364336659216540973e-05
7.357250220676839236e-05
7.349531960713422899e-05
7.341899968059261317e-05
7.333646577706136056e-05
7.325444267109211126e-05
7.316622204500092697e-05
7.307810277739592208e-05
7.298375591109394842e-05
7.288913275233326852e-05
7.278831864268964864e-05
7.268697366165363725e-05
7.257956932276200010e-05
7.247144244095816978e-05
7.235735253499286858e-05
7.224226576316186113e-05
7.212119643031756440e-05
7.199881454759077877e-05
7.187047911338826029e-05
7.174068225660193627e-05
7.160514003633093648e-05
7.146810871827915818e-05
7.132550637941669576e-05
7.118125917443508203e-05
7.103148580510190745e-05
7.087994355114403346e-05
7.072311636315082510e-05
7.056466357369892963e-05
7.040128695403790259e-05
7.023633640934436105e-05
7.006661941988521927e-05
6.989533673613450803e-05
6.971965857159515402e-05
6.954274443740961762e-05
6.936190003654349239e-05
6.917994922888110831e-05
6.899430826889001243e-05
6.880780095612318325e-05
6.861818683958630940e-05
6.842808597701651114e-05
6.823518515802342124e-05
6.804191623685638577e-05
6.784631943181300537e-05
6.765079404290428190e-05
6.745328207812464482e-05
6.725586604229563605e-05
6.705678278479678355e-05
6.685813628265299842e-05
6.665801488856517773e-05
6.645820331726779980e-05
6.625711108854359611e-05
6.605645373664201464e-05
6.585438856047154160e-05
6.565252342232866061e-05
6.544934209747974171e-05
6.524609704041471722e-05
6.504119905856500371e-05
6.483609246036624112e-05
6.462910798937943622e-05
6.442144227609360901e-05
6.421180892676727153e-05
6.400116743884376805e-05
6.378827584642729031e-05
6.357430225792468775e-05
6.335787714780790226e-05
6.314030252657565811e-05
6.292035036198402750e-05
6.269919918174777303e-05
6.247591220259098434e-05
6.225149610318432807e-05
6.202522067977132142e-05
6.179798340619109271e-05
6.156912255855242436e-05
6.133945670649627380e-05
6.110830118402613598e-05
6.087638269869278162e-05
6.064295737345120653e-05
6.040864798571410587e-05
6.017266226132452807e-05
5.993554026139576862e-05
5.969649208625719180e-05
5.945603193600245497e-05
5.921344401100090305e-05
5.896928237447181801e-05
5.872296103059907200e-05
5.847510516446280263e-05
5.822525751757944387e-05
5.797407827083216883e-05
5.772116723055708475e-05
5.746712618208748094e-05
5.721150905805110214e-05
5.695477361707528436e-05
5.669637612629941156e-05
5.643663523410204788e-05
5.617497147048530846e-05
5.591168035294471811e-05
5.564628564910684160e-05
5.537919025480291224e-05
5.511009664813824931e-05
5.483951010624454507e-05
5.456721201832570123e-05
5.429364341513479361e-05
5.401847790408285412e-05
5.374195920477347027e-05
5.346362844005976989e-05
5.318364445017338368e-05
5.290162879051921234e-05
5.261788877168552139e-05
5.233226694897690038e-05
5.204518976594521362e-05
5.175651216074149429e-05
5.146648815554017201e-05
5.117476318191145423e-05
5.088141090074818309e-05
5.058609959884251961e-05
5.028907518099493288e-05
4.999027224417349467e-05
4.969006139077722768e-05
4.938830522218254571e-05
4.908510355025198627e-05
4.878010500937268154e-05
4.847339851697240066e-05
4.816488903965264142e-05
4.785492602328666296e-05
4.754346217193153280e-05
4.723058658690920686e-05
4.691598122478219247e-05
4.659972544877144751e-05
4.628181078185354035e-05
4.596255767120001546e-05
4.564185102192857185e-05
4.531965500430545088e-05
4.499575317407868613e-05
4.467039689185221926e-05
4.434366076927668225e-05
4.401562386353827407e-05
4.368600975277095292e-05
4.335492891398124267e-05
4.302249308407734180e-05
4.268885409902981824e-05
4.235375730036815251e-05
4.201727176782315149e-05
4.167952960818577582e-05
4.134065157916330565e-05
4.100039609728386552e-05
4.065889488954558666e-05
4.031627139773300033e-05
3.997252201556971655e-05
3.962752479892366319e-05
3.928151211419503655e-05
3.893441752442354010e-05
3.858624070614999178e-05
3.823710560422732141e-05
3.788701791017045598e-05
3.753589843318968686e-05
3.718401182478753628e-05
3.683120275682025832e-05
3.647753768832321048e-05
3.612318461522667681e-05
3.576803548307328748e-05
3.541221833817406419e-05
3.505573897842736221e-05
3.469865165646956150e-05
3.434106438277218014e-05
3.398288335416627755e-05
3.362431086035416321e-05
3.326528096781611191e-05
3.290594807982365731e-05
3.254623775752440556e-05
3.218633104397163372e-05
3.182620244478978313e-05
3.146595073349304247e-05
3.110556610961139236e-05
3.074520568879303574e-05
3.038484781198760222e-05
3.002459317033572496e-05
2.966446082977992042e-05
2.930457849168923641e-05
2.894494684882990780e-05
2.858566693770852568e-05
2.822677112213173878e-05
2.786838040178356754e-05
2.751049689617264145e-05
2.715322961064193404e-05
2.679662230626568420e-05
2.644077699454436896e-05
2.608571682086270941e-05
2.573154345779635118e-05
2.537831846516284054e-05
2.502612487798703089e-05
2.467501095294955273e-05
2.432506827641523414e-05
2.397636440861027385e-05
2.362897697305607237e-05
2.328296525606354681e-05
2.293841902043518055e-05
2.259540803513451914e-05
2.225400503318916091e-05
2.191427369272689598e-05
2.157630892741682860e-05
2.124017038723885375e-05
2.090593717979872867e-05
2.057367047177048085e-05
2.024346521363426350e-05
1.991537496865520432e-05
1.958948224062390347e-05
1.926584661779354987e-05
1.894455490996206984e-05
1.862565922411363342e-05
1.830923970209322041e-05
1.799535413211996333e-05
1.768408113191809400e-05
1.737547050402261288e-05
1.706959599079696914e-05
1.676651502880709301e-05
1.646629563952962277e-05
1.616899025548808455e-05
1.587466417272859559e-05
1.558337362119848658e-05
1.529517456769445549e-05
1.501011541774115044e-05
1.472825310081915264e-05
1.444963689048525956e-05
1.417431278576031040e-05
1.390232507476314871e-05
1.363371946798080402e-05
1.336852746460808801e-05
1.310678809740819782e-05
1.284853602519942927e-05
1.259380660683713373e-05
1.234262648302025407e-05
1.209502605887417326e-05
1.185102893075350974e-05
1.161066500551716408e-05
1.137395253728035092e-05
1.114091292157422830e-05
1.091155829881319735e-05
1.068590559654807692e-05
1.046395500876270018e-05
1.024571244595364998e-05
1.003118214586563857e-05
9.820364040882949714e-06
9.613253034387374027e-06
9.409846321310889777e-06
9.210140480726755551e-06
9.014126794551028193e-06
8.821791067323548656e-06
8.633118967617258599e-06
8.448089628512981490e-06
8.266681685562717375e-06
8.088874026940288074e-06
7.914643978275423425e-06
7.743965346030753401e-06
7.576808462022082594e-06
7.413139852575884518e-06
7.252923696508011430e-06
7.096123814047511675e-06
6.942699742101570845e-06
6.792614862711798952e-06
6.645836013564023200e-06
6.502317990707850844e-06
6.362012323179409360e-06
6.224867259653891043e-06
6.090836480630492754e-06
5.959875504876925982e-06
5.831938420460990106e-06
5.706975396270729367e-06
5.584932209664227080e-06
5.465751280853007621e-06
5.349381046715921608e-06
5.235772245669395662e-06
5.124868366785212744e-06
5.016610254604132374e-06
4.910944575470911653e-06
4.807823083605870737e-06
4.707188165069642797e-06
4.608977595592663427e-06
4.513133571837501237e-06
4.419607741467456333e-06
4.328345556085536989e-06
4.239284901593493517e-06
4.152368176703446475e-06
4.067548237639055847e-06
3.984768629725055090e-06
3.903972550298473205e-06
3.825110908225973345e-06
3.748129931964726482e-06
3.672970324519575255e-06
3.599585664277215145e-06
3.527932353077891110e-06
3.457950898446215838e-06
3.389591036396884281e-06
3.322811193489447427e-06
3.257559891064556017e-06
3.193789275574459416e-06
3.131455225712307805e-06
3.070514683215418774e-06
3.010927129493622311e-06
2.952639473475408513e-06
2.895616713428868265e-06
2.839823008885655036e-06
2.785212962287362110e-06
2.731748342351398667e-06
2.679390044427478060e-06
2.628108926903707778e-06
2.577865175807226960e-06
2.528624260672903026e-06
2.480350956578162216e-06
2.433021615610965282e-06
2.386596858726682675e-06
2.341048159241439973e-06
2.296351186603631154e-06
2.252479766107879501e-06
2.209400165749115979e-06
2.167087799367364404e-06
2.125525419912626974e-06
2.084687667210449540e-06
2.044544556386292683e-06
2.005078790280317941e-06
1.966275104748535327e-06
1.928108003411181696e-06
1.890554618457938272e-06
1.853603966823149492e-06
1.817240937491898181e-06
1.781441326894467628e-06
1.746189763418959365e-06
1.711480723081797653e-06
1.677299097152899212e-06
1.643621510507814590e-06
1.610437800599594692e-06
1.577747822474364911e-06
1.545533222937426064e-06
1.513777800483818820e-06
1.482474971253542524e-06
1.451625455602277178e-06
1.421209268854284182e-06
1.391216195596617292e-06
1.361645559373667953e-06
1.332495811753702515e-06
1.303745581295308689e-06
1.275391895220112132e-06
1.247441214230237440e-06
1.219885067508321306e-06
1.192705323042429117e-06
1.165902316410520515e-06
1.139484960526042112e-06
1.113440912348179427e-06
1.087758149439520423e-06
1.062440386057493367e-06
1.037494816219560953e-06
1.012904461295173042e-06
9.886642963840663705e-07
9.647841409339587739e-07
9.412645621650247599e-07
9.180866686325301855e-07
8.952513886102047374e-07
8.727746594164479958e-07
8.506472268972136734e-07
8.288546885918089758e-07
8.074004724018361444e-07
7.863000325209692059e-07
7.655388559718125871e-07
7.451090256377447544e-07
7.250168420899939111e-07
7.052738137565360823e-07
6.858595229348076778e-07
6.667732534614347264e-07
6.480277163760953736e-07
6.296238265403386269e-07
6.115410553130555928e-07
5.937830702808671584e-07
5.763671691733676527e-07
5.592819849278672732e-07
5.425148417135953373e-07
5.260706783147639774e-07
5.099632577129530359e-07
4.941767316185193885e-07
4.787046433429113090e-07
4.635535417894213914e-07
4.487330277469887650e-07
4.342212610179705995e-07
4.200185688801061611e-07
4.061373506403835150e-07
3.925740129701137390e-07
3.793111937348442932e-07
3.663499880288009774e-07
3.537059912581828666e-07
3.413643868859095453e-07
3.293164042993100160e-07
3.175633663156814771e-07
3.061166336559013453e-07
2.949578557393116281e-07
2.840836375594742594e-07
2.734972274697622028e-07
2.632043800134420234e-07
2.531844687284047152e-07
2.434382146657882199e-07
2.339738126606669657e-07
2.247850245233017377e-07
2.158584630620503366e-07
2.071940051513254145e-07
1.988020945720433362e-07
1.906698924590059412e-07
1.827925002567975996e-07
1.751707547184655567e-07
1.678132447621932077e-07
1.607055210795830263e-07
1.538462396946076810e-07
1.472364310807570848e-07
1.408748760037787424e-07
1.347432359750475079e-07
1.288353953582648989e-07
1.231499158014612482e-07
1.176717508327054672e-07
1.123858562329143058e-07
1.072824390878014485e-07
1.023599131934517109e-07
9.760102280130898578e-08
9.299798514024109625e-08
8.854422223438047505e-08
8.424092859145292817e-08
8.007464148665869232e-08
7.604371827349376860e-08
7.214694009671734354e-08
6.838332813570745937e-08
6.474538782477756951e-08
6.123309332055556536e-08
5.784943714091161469e-08
5.458951218594768483e-08
5.145127590814137187e-08
4.843306877642498502e-08
4.553750276360856700e-08
4.275914983839959416e-08
4.009773963854690358e-08
3.755034516398620348e-08
3.511812854838499701e-08
3.279557113063767661e-08
3.058237756824394410e-08
2.847621831699154523e-08
2.647450044248878073e-08
2.457431174319728798e-08
2.277300825193543222e-08
2.106871857531639573e-08
1.945629081466113351e-08
1.793478056989081860e-08
1.649993942092224258e-08
1.514934091355975010e-08
1.387839340787756185e-08
1.268634779340233822e-08
1.156832368246792053e-08
1.052192178294401528e-08
9.543974959424444675e-09
8.631763518551091771e-09
7.780328561239927557e-09
6.987185301313108166e-09
6.250639044365121532e-09
5.567400511116922567e-09
4.934042777532340353e-09
4.347798063707579286e-09
3.808153269631541304e-09
3.311359977117301976e-09
2.853280344623546051e-09
2.432152713224413718e-09
2.046715405720882366e-09
1.693937448194223217e-09
1.371278250722565948e-09
1.078309884898564678e-09
8.128368731136480042e-10
5.708271547043043606e-10
3.513424121096962676e-10
1.548330754338371750e-10
-2.093983836110459561e-11
-1.787979767624130043e-10
-3.193835233925198297e-10
-4.436962311667285200e-10
-5.534559680346402753e-10
-6.505335331875314273e-10
-7.351674572666520926e-10
-8.083807920894174450e-10
-8.716013769325606694e-10
-9.261706195898246975e-10
-9.709842988663452656e-10
-1.007784943981678641e-09
-1.038863974608272381e-09
-1.062782977813102133e-09
-1.079637214416200850e-09
-1.091667603479144895e-09
-1.100494968922123695e-09
-1.104247237623241779e-09
-1.104045104741545493e-09
-1.101046526113928734e-09
-1.095127766952969903e-09
-1.085077147925751827e-09
-1.073107366806903439e-09
-1.059279850339438982e-09
-1.043530849794457070e-09
-1.026816701827947309e-09
-1.009571929769576820e-09
-9.911521842223930954e-10
-9.717915507504712836e-10
-9.513493019968138042e-10
-9.292753100869163281e-10
-9.078132253577775201e-10
-8.862349935438516905e-10
-8.649876195323843301e-10
-8.436953370879246283e-10
-8.223597700138171739e-10
-8.005383565459344124e-10
-7.783198897601476931e-10
-7.575967407657146873e-10
-7.374973069017000942e-10
-7.176827157434270702e-10
-6.975399525148782885e-10
-6.773666536946047660e-10
-6.576733293090553221e-10
-6.396431814885624626e-10
-6.221918327628672908e-10
-6.038546210210646578e-10
-5.862049069625138528e-10
-5.702573678173224702e-10
-5.539812782389559455e-10
-5.372155521486652925e-10
-5.213353451831818616e-10
-5.071352603304422630e-10
-4.925805696902527325e-10
-4.772153526504419844e-10
-4.632770142107314184e-10
-4.504069081812508309e-10
-4.366653962679267547e-10
-4.226934593361828766e-10
-4.106647825836977646e-10
-3.990816356066986449e-10
-3.864181354926052976e-10
-3.749900688791375614e-10
-3.643782354086384236e-10
-3.531663386612010577e-10
-3.427214384810423324e-10
-3.331368666050556698e-10
-3.233423844367291568e-10
-3.136937970656376273e-10
-3.041403174867327097e-10
-2.951023440338217641e-10
-2.861938861325840274e-10
-2.769202814050732533e-10
-2.680256782222879910e-10
-2.589737300919981551e-10
-2.504928117731434168e-10
-2.413835014049820147e-10
-2.328894384119345057e-10
-2.246403458303632656e-10
-2.162928917657316447e-10
-2.080325585880758311e-10
-2.001443354991254811e-10
-1.926602386606251388e-10
-1.846660666029137354e-10
-1.768840020406364729e-10
-1.692140021708714743e-10
-1.615306376357547946e-10
-1.534320575434830453e-10
-1.454058661781314030e-10
-1.375009494327155382e-10
-1.297425157920698396e-10
-1.218251397930358113e-10
-1.144377195738742207e-10
-1.074875498634286579e-10
-1.005194444719691414e-10
-9.330203757056868476e-11
-8.632849277631943125e-11
-7.946599008074916131e-11
-7.214648872316087291e-11
-6.505114646727914900e-11
-5.865287002369216029e-11
-5.279977774485303396e-11
-4.697904541576379460e-11
-4.137664748878674968e-11
-3.598019718671330045e-11
-3.050277050429036407e-11
-2.495218590058674912e-11
-2.018121241662629837e-11
-1.619710508531503253e-11
-1.248116474288660743e-11
-8.950861490721361737e-12
-5.828790016542748160e-12
-3.032466472001588911e-12
-3.182016886908269732e-13
1.698553597983886930e-12
2.856545479331356990e-12
3.534269772266520997e-12
4.464863143778915393e-12
5.209703886950636284e-12
5.383801724961171713e-12
4.858943847400265134e-12
4.126419205493886892e-12
3.361825992483660733e-12
2.566457606312857632e-12
1.503382802602180559e-12
-1.656903420205849841e-15
-1.523122779845534427e-12
-2.733662552575767871e-12
-3.619494713121848629e-12
-4.779850218552389863e-12
-5.915362321856783626e-12
-6.540677199974103707e-12
-6.672794468655538073e-12
-7.157308671576618489e-12
-7.397317537477085744e-12
-6.852009346143997439e-12
-6.177363270633034571e-12
-5.670320653234453089e-12
-4.670419132588395506e-12
-3.468910458106447820e-12
-2.605443029881769542e-12
-1.627689864308027215e-12
-5.641568053440977490e-13
1.442980011641726084e-13
8.258803826833459051e-13
1.361682604351545369e-12
1.254178656493847276e-12
1.281293474767980758e-12
9.583034747383952988e-13
4.013547475474928045e-13
2.285461757312360702e-14
-6.676137566649854336e-13
-1.186158902548049540e-12
-1.670041461111009318e-12
-1.882274233619065101e-12
-1.823848162509329509e-12
-1.746373993161925519e-12
-1.400393249118962691e-12
-9.720508674728718878e-13
-3.716161009819990522e-13
4.381346428728386771e-14
3.786022093533456651e-13
5.379263942366018688e-13
5.831667821767713488e-13
3.478790384082366665e-13
1.688515250847566967e-14
-3.325070772516129829e-13
-5.864650650769021726e-13
-8.124189415717821040e-13
-7.946650935445344556e-13
-5.998157301940910460e-13
-3.111590509426060998e-13
-4.240814308535018631e-14
2.457496101823176399e-13
3.163479995714663373e-13
2.265581539424582264e-13
3.685691885788867017e-14
-2.054352961359084099e-13
-3.967807655986788941e-13
-4.090896189257815940e-13
-3.224815026049554409e-13
-8.420799664785850243e-14
9.903529581906701555e-14
1.901230872744425961e-13
1.374941982525187346e-13
-3.404658388988334841e-14
-1.912617178590105038e-13
-2.647686869893773703e-13
-1.767170662735748808e-13
-2.093240190013958613e-14
1.118764358595356260e-13
1.152104734394317035e-13
3.415181280996815858e-15
-1.315661772188572672e-13
-1.705125053150014183e-13
-7.769870590028658595e-14
5.031495266651085754e-14
9.431252648764715808e-14
1.148023526363344188e-14
-9.343296342275877807e-14
-1.122892044513750635e-13
-1.943329964911151831e-14
6.378154230223666425e-14
4.398237542306157295e-14
-5.486719239732433331e-14
-8.577149904027507115e-14
-1.261669806749862506e-14
5.810665608423850599e-14
1.274985653222991404e-14
-6.156402942711388644e-14
-4.363347497746068366e-14
3.532834756842523041e-14
2.716055500707978585e-14
-4.156068466311347765e-14
-3.812677685544495978e-14
3.205539672115141506e-14
1.525305682204018360e-14
-4.180783104896683656e-14
-1.123197979194798312e-14
3.470434126319725085e-14
-1.802239466801843951e-14
-2.681548605505104772e-14
2.416893417586599542e-14
1.039617752271760975e-15
-3.093981682545140445e-14
2.316180102127524731e-14
-2.521119116151691162e-15
-2.107227450876035668e-14
2.068255228884574146e-14
-9.174705774311672627e-15
-1.078887435223616639e-14
2.130279388886820083e-14
-2.475719654912457411e-14
1.813273207443356822e-14
-9.515293620448464452e-15
3.341509100419372634e-17
6.495902526515159662e-15
-1.029429684007131838e-14
1.193537562203317094e-14
-1.127124836463320077e-14
1.074918177493832976e-14
-8.514955818497379901e-15
7.955923313803089261e-15
-5.570940267821699952e-15
5.649821465577799299e-15
-3.433044230010219591e-15
4.144543778852789762e-15
-2.044824783485910758e-15
3.232517832176086526e-15
-1.154964347192719096e-15
2.683424601698877916e-15
-5.665647619671666731e-16
2.344419160068617187e-15
-1.591179672669714068e-16
2.127191135228799198e-15
1.362836084616732214e-16
1.982434318051587876e-15
3.590474675174591673e-16
1.882346548206028281e-15
5.324171555411262388e-16
1.810793276297403034e-15
6.707078556729051542e-16
1.758078220478767067e-15
7.831481842310615272e-16
1.718168525628135762e-15
8.759501611739157809e-16
1.687189796549867473e-15
9.534596553542265302e-16
1.662583590456746159e-15
1.018820188001231000e-15
1.642619279639587584e-15
1.074371088465799787e-15
1.626101614686132402e-15
1.121895438192188349e-15
1.612190039439979228e-15
1.162779979509752467e-15
1.600283921453158235e-15
1.198121614193245300e-15
1.589947850917053487e-15
1.228800428628034305e-15
1.580861970774058576e-15
1.255531098441640101e-15
1.572788332080153798e-15
1.278899936212584274e-15
1.565547733943090847e-15
1.299392160032112165e-15
1.559003556409912598e-15
1.317412344595735228e-15
1.553050336697630641e-15
1.333300017589468648e-15
1.547605611347796978e-15
1.347341731512545731e-15
1.542604036410587550e-15
1.359780531212273597e-15
1.537993114997314522e-15
1.370823466025334805e-15
1.533730070254315112e-15
1.380647612335970079e-15
1.529779542027981197e-15
1.389404946245722355e-15
1.526111880086093241e-15
1.397226318157393192e-15
1.522701872610234565e-15
1.404224718084414493e-15
1.519527793925163867e-15
1.410497975709439487e-15
1.516570687712404924e-15
1.416131005639306697e-15
1.513813824544815170e-15
1.421197684190998808e-15
1.511242289222728902e-15
1.425762425205800080e-15
1.508842664788227522e-15
1.429881508820587667e-15
1.506602789034562992e-15
1.433604205870761920e-15
1.504511565411901731e-15
1.436973732768813698e-15
1.502558814896123704e-15
1.440028064775616015e-15
1.500735158742054879e-15
1.442800630685401384e-15
1.499031924679183555e-15
1.445320907744481227e-15
1.497441070922332558e-15
1.447614932301823713e-15
1.495955123710537870e-15
1.449705739156866274e-15
1.494567125263021482e-15
1.451613740325535534e-15
1.493270589768455320e-15
1.453357052204673307e-15
1.492059465583631374e-15
1.454951778699023395e-15
1.490928102296409690e-15
1.456412256650124768e-15
1.489871221658178194e-15
1.457751268967563144e-15
1.488883891603197617e-15
1.458980229963747751e-15
1.487961502765848047e-15
1.460109346838052313e-15
1.487099747066109238e-15
1.461147760482242797e-15
1.486294598050267655e-15
1.462103668557657335e-15
1.485542292689561163e-15
1.462984433112515340e-15
1.484839314469663417e-15
1.463796674884690475e-15
1.484182377628794712e-15
1.464546356024582572e-15
1.483568412403660416e-15
1.465238852750635438e-15
1.482994551182725383e-15
1.465879019252060314e-15
1.482458115526623008e-15
1.466471243968468437e-15
1.481956603963330614e-15
1.467019499206786174e-15
1.481487680494207515e-15
1.467527384961739539e-15
1.481049163812280991e-15
1.467998167622434492e-15
1.480639017130105601e-15
1.468434814271104752e-15
1.480255338632283383e-15
1.468840023022875365e-15
1.479896352481104723e-15
1.469216249982754242e-15
1.479560400376218073e-15
1.469565733158678852e-15
1.479245933600161066e-15
1.469890513740386955e-15
1.478951505559766455e-15
1.470192455024280433e-15
1.478675764771297955e-15
1.470473259278787679e-15
1.478417448267149221e-15
1.470734482787284918e-15
1.478175375409441623e-15
1.470977549275563136e-15
1.477948442072214703e-15
1.471203761894566646e-15
1.477735615178241571e-15
1.471414313942628783e-15
1.477535927561394764e-15
1.471610298456500366e-15
1.477348473139975552e-15
1.471792716788686787e-15
1.477172402372766460e-15
1.471962486278666521e-15
1.477006917986687416e-15
1.472120447133097110e-15
1.476851270937912717e-15
1.472267368572535326e-15
1.476704756617254042e-15
1.472403954334989371e-15
1.476566711250902704e-15
1.472530847592859117e-15
1.476436508503501501e-15
1.472648635339555934e-15
1.476313556254790429e-15
1.472757852307384114e-15
1.476197293530240608e-15
1.472858984442603132e-15
1.476087187590096597e-15
1.472952471992495952e-15
1.475982731144953187e-15
1.473038712226183821e-15
1.475883439680545851e-15
1.473118061832484358e-15
1.475788848907842070e-15
1.473190839010229464e-15
1.475698512292277511e-15
1.473257325283909748e-15
1.475611998676152922e-15
1.473317767056635178e-15
1.475528889969607694e-15
1.473372376935261265e-15
1.475448778916024422e-15
1.473421334834562206e-15
1.475371266909398890e-15
1.473464788875178037e-15
