# bin_3_1
6.400042850818622037e-05
6.390418887640292463e-05
6.399681537605407132e-05
6.390625597083694157e-05
6.399330775728175817e-05
6.390807555528433127e-05
6.398988795802191707e-05
6.390965180908591355e-05
6.398653842977016393e-05
6.391098757325287393e-05
6.398324168301196919e-05
6.391208436595410380e-05
6.397998020412933560e-05
6.391294239380010227e-05
6.397673637538064701e-05
6.391356055992737032e-05
6.397349239905434314e-05
6.391393646973721491e-05
6.397023022569783932e-05
6.391406643574974917e-05
6.396693148788444247e-05
6.391394548273132844e-05
6.396357743976460763e-05
6.391356735442918046e-05
6.396014890406657148e-05
6.391292452361817841e-05
6.395662622730201102e-05
6.391200820685761846e-05
6.395298924477138558e-05
6.391080838579518263e-05
6.394921725638925058e-05
6.390931383632453690e-05
6.394528901487310816e-05
6.390751216725954094e-05
6.394118272695311928e-05
6.390538986940991412e-05
6.393687606849563984e-05
6.390293237570719839e-05
6.393234621322457648e-05
6.390012413191257503e-05
6.392756987409708937e-05
6.389694867643024500e-05
6.392252335459998878e-05
6.389338872589418576e-05
6.391718260576001269e-05
6.388942626102071386e-05
6.391152328137437294e-05
6.388504260428525515e-05
6.390552078164996042e-05
6.388021847734844094e-05
6.389915027065470388e-05
6.387493402204132901e-05
6.389238664902180452e-05
6.386916876366727420e-05
6.388520445799734221e-05
6.386290149029129023e-05
6.387757768569300850e-05
6.385611001662297491e-05
6.386947944184777587e-05
6.384877079664496528e-05
6.386088146365391429e-05
6.384085834700793031e-05
6.385175341441293845e-05
6.383234444399218976e-05
6.384206194033563539e-05
6.382319706328755155e-05
6.383176946022248665e-05
6.381337904554913287e-05
6.382083268157387500e-05
6.380284649442862616e-05
6.380920086591123697e-05
6.379154694946988626e-05
6.379681390832858917e-05
6.377941742468695230e-05
6.378360035093187273e-05
6.376638246401333972e-05
6.376947551432389928e-05
6.375235243143549820e-05
6.375433999777547112e-05
6.373722231671564487e-05
6.373807885393399436e-05
6.372087137916708456e-05
6.372056176547226782e-05
6.370316394687794762e-05
6.370164451152794747e-05
6.368395160584366444e-05
6.368117187737094007e-05
6.366307682064415558e-05
6.365898190383174058e-05
6.364037770451778887e-05
6.363491098398098029e-05
6.361569320970202263e-05
6.360879882441200517e-05
6.358886749929563932e-05
6.358049179329143172e-05
6.355975182628429939e-05
6.354984285730437457e-05
6.352820210607234847e-05
6.351670642258884817e-05
6.349407080670476375e-05
6.348092722284645834e-05
6.345719304665002147e-05
6.344232411752134880e-05
6.341736893431456907e-05
6.340067214060953707e-05
6.337434682748953210e-05
6.335568869965055045e-05
6.332781432877830369e-05
6.330703113308655560e-05
6.327740386335593608e-05
6.325431114874536056e-05
6.322271593446917822e-05
6.319712568383292750e-05
6.316335506488355992e-05
6.313509405980205914e-05
6.309896318716161866e-05
6.306788197835220666e-05
6.302922875233639118e-05
6.299519137538429220e-05
6.295385525125161963e-05
6.291670888273130202e-05
6.287249501357735997e-05
6.283203458380329362e-05
6.278468597745918999e-05
6.274064137997476442e-05
6.268984684135276114e-05
6.264191409690840831e-05
6.258735974657046665e-05
6.253526437831415953e-05
6.247669492673124756e-05
6.242023468512662666e-05
6.235746243920795202e-05
6.229647437670835332e-05
6.222930743451225873e-05
6.216357426029272778e-05
6.209172960905367372e-05
6.202093275175906957e-05
6.194405512928664924e-05
6.186786557719304658e-05
6.178566815018549368e-05
6.170388856121050637e-05
6.161623632264073803e-05
6.152877983056206164e-05
6.143555895620686480e-05
6.134225956982301603e-05
6.124322213393288035e-05
6.114380867019243498e-05
6.103871600056048441e-05
6.093307088573974309e-05
6.082192909437859348e-05
6.071014856854270843e-05
6.059303126079069616e-05
6.047510732844112380e-05
6.035191866720933981e-05
6.022778495146560696e-05
6.009859684867336201e-05
5.996851813761157752e-05
5.983368167427649575e-05
5.969795439037602921e-05
5.955762934570141325e-05
5.941639226200583787e-05
5.927086974131850274e-05
5.912464541265258775e-05
5.897451817356211799e-05
5.882377018340078203e-05
5.866935124100663382e-05
5.851447767858424431e-05
5.835640694944119460e-05
5.819815205791679588e-05
5.803698637821748553e-05
5.787573310575958762e-05
5.771197187105060007e-05
5.754844601400650831e-05
5.738272497771237143e-05
5.721727770212083855e-05
5.704993075709523232e-05
5.688311408395738654e-05
5.671460067062817912e-05
5.654654728660214936e-05
5.637699378928327088e-05
5.620799791671701935e-05
5.603746625733148969e-05
5.586733228793909305e-05
5.569576597509974866e-05
5.552440705543117675e-05
5.535141015189009786e-05
5.517850176671903459e-05
5.500381452033919886e-05
5.482886081137784419e-05
5.465207035624978853e-05
5.447475233692752530e-05
5.429539961228280664e-05
5.411543029727046395e-05
5.393328202102093681e-05
5.375043436170195992e-05
5.356545621618067748e-05
5.337971446144578722e-05
5.319201274603122865e-05
5.300357451630421409e-05
5.281337852482651814e-05
5.262254931467391265e-05
5.243014278283926742e-05
5.223720522953040655e-05
5.204280283182462111e-05
5.184789342048485758e-05
5.165152434650101666e-05
5.145455543434647818e-05
5.125601950037819872e-05
5.105669316227048877e-05
5.085562858518854573e-05
5.065356075647608862e-05
5.044961183764471428e-05
5.024452471263174478e-05
5.003753236496159839e-05
4.982941142478197923e-05
4.961950638211150885e-05
4.940860473097833820e-05
4.919611141645275916e-05
4.898275890209628889e-05
4.876793688612026133e-05
4.855226016683096205e-05
4.833506251839279682e-05
4.811684262769948614e-05
4.789691986581596123e-05
4.767575985642937139e-05
4.745276720756156513e-05
4.722847097250176406e-05
4.700241756390614254e-05
4.677519970327184180e-05
4.654643552603301472e-05
4.631666287225188208e-05
4.608543533649363000e-05
4.585313771973443002e-05
4.561923706799313693e-05
4.538404374129925641e-05
4.514709007233065001e-05
4.490878213826492523e-05
4.466882179842085135e-05
4.442769412690401957e-05
4.418512212184034810e-05
4.394145985317268304e-05
4.369628798914887527e-05
4.344982017876580885e-05
4.320165903613586676e-05
4.295213278250128731e-05
4.270104445681282071e-05
4.244880713172873271e-05
4.219518189532536539e-05
4.194038008632971430e-05
4.168401385873560689e-05
4.142627737506718229e-05
4.116697326692478137e-05
4.090647860606637701e-05
4.064463939874921039e-05
4.038163998630636648e-05
4.011713567666527855e-05
3.985129569244058671e-05
3.958400404742808192e-05
3.931560060957081816e-05
3.904590000894261301e-05
3.877497907149745796e-05
3.850258177472273488e-05
3.822898643204107193e-05
3.795415456030443830e-05
3.767823817346744681e-05
3.740094942988523679e-05
3.712245587497169135e-05
3.684275361227236232e-05
3.656203744273049563e-05
3.628004391823609116e-05
3.599690360046084561e-05
3.571263688570660075e-05
3.542740832071521634e-05
3.514097018756959055e-05
3.485349043090771049e-05
3.456499265264359878e-05
3.427554656854420791e-05
3.398499813705311765e-05
3.369358121771932278e-05
3.340118913860975005e-05
3.310788733553655022e-05
3.281370549856116103e-05
3.251870766537812249e-05
3.222278448878874659e-05
3.192618800139029265e-05
3.162875181641289977e-05
3.133058024757234817e-05
3.103175071674312517e-05
3.073223780377881491e-05
3.043208310491165403e-05
3.013134461474739316e-05
2.983002152731154010e-05
2.952823988186086815e-05
2.922589013713127327e-05
2.892317040298154803e-05
2.861999630035298671e-05
2.831652225661656557e-05
2.801265581067385188e-05
2.770857469654201621e-05
2.740422991651974939e-05
2.709973240895313966e-05
2.679504551285832054e-05
2.649032827590651123e-05
2.618553113399939259e-05
2.588076355584217317e-05
2.557601374901592698e-05
2.527141659348762791e-05
2.496694386896547703e-05
2.466270445472497683e-05
2.435869915139508604e-05
2.405505477712401160e-05
2.375174872638770635e-05
2.344889556094234285e-05
2.314650612490925090e-05
2.284468879998725218e-05
2.254343975706331500e-05
2.224286774171705815e-05
2.194300166346849944e-05
2.164393056546896679e-05
2.134567217826246259e-05
2.104832314888188945e-05
2.075192039779782084e-05
2.045655160530111390e-05
2.016224681650073734e-05
1.986909616571653949e-05
1.957713776487262215e-05
1.928645391587923685e-05
1.899708061531169570e-05
1.870911427757082499e-05
1.842258843452067771e-05
1.813758412258344179e-05
1.785413496340755812e-05
1.757234166599322758e-05
1.729223461764507478e-05
1.701389684164662637e-05
1.673736289210936011e-05
1.646272338898053177e-05
1.619001078283048906e-05
1.591930593163573868e-05
1.565064620853840848e-05
1.538411169943371983e-05
1.511973006485074386e-05
1.485758144530331761e-05
1.459770501803451003e-05
1.434017094225551700e-05
1.408501003087945567e-05
1.383229133822123339e-05
1.358204971921683470e-05
1.333434761452607321e-05
1.308921449576638158e-05
1.284671097930334313e-05
1.260687161739149546e-05
1.236974613343788626e-05
1.213536468112325599e-05
1.190377843861803864e-05
1.167501135141371484e-05
1.144911062711135339e-05
1.122609788203929356e-05
1.100601621571233884e-05
1.078888467818085324e-05
1.057473867387240216e-05
1.036358963734515043e-05
1.015547490262004698e-05
9.950400771899351626e-06
9.748398238509947168e-06
9.549473482236843069e-06
9.353650696922642278e-06
9.160927347066184640e-06
8.971324349822032876e-06
8.784842331433129106e-06
8.601490622588497961e-06
8.421261075981374588e-06
8.244164324766704109e-06
8.070190668153009585e-06
7.899341218892686465e-06
7.731600942282741335e-06
7.566967593808494012e-06
7.405423814486710696e-06
7.246962600449237574e-06
7.091564311818391192e-06
6.939217086179957152e-06
6.789897181359529736e-06
6.643584150973651359e-06
6.500248175731549309e-06
6.359873831355487366e-06
6.222428243947176792e-06
6.087883137129164803e-06
5.956203076735872975e-06
5.827366879739388741e-06
5.701333334734676518e-06
5.578072198005861632e-06
5.457541211150090364e-06
5.339704583366044539e-06
5.224523283592267868e-06
5.111961238120088660e-06
5.001973326746833758e-06
4.894525043395393073e-06
4.789565817233347247e-06
4.687054699671055584e-06
4.586944642901110940e-06
4.489194323283551046e-06
4.393757524271132542e-06
4.300590479352920342e-06
4.209645533841337711e-06
4.120877310385525214e-06
4.034237000313701003e-06
3.949681040777422405e-06
3.867160623591426353e-06
3.786628852065192246e-06
3.708035585711139774e-06
3.631338669767242708e-06
3.556490894357617693e-06
3.483445291096095510e-06
3.412154373829858612e-06
3.342577806723979117e-06
3.274665862331399316e-06
3.208373056375644021e-06
3.143655102495659588e-06
3.080474426310422504e-06
3.018782935447789304e-06
2.958537153008763102e-06
2.899695555083412867e-06
2.842220521990474039e-06
2.786065655612738897e-06
2.731194844448541780e-06
2.677570807087241088e-06
2.625155152646470183e-06
2.573905319426703816e-06
2.523788946290130183e-06
2.474772022949090624e-06
2.426819824128164680e-06
2.379893380610271982e-06
2.333961893705269868e-06
2.288996779891455046e-06
2.244965505715927723e-06
2.201834034941670495e-06
2.159575159694292400e-06
2.118162686972843875e-06
2.077566455703885431e-06
2.037757085415679584e-06
1.998715211385292668e-06
1.960414884545145850e-06
1.922828579021249569e-06
1.885931538723651873e-06
1.849709788265386417e-06
1.814138390539975510e-06
1.779192913067600923e-06
1.744854934827358928e-06
1.711112202034401205e-06
1.677939710567402499e-06
1.645318953137723089e-06
1.613237343503724891e-06
1.581682326941316482e-06
1.550630755950897710e-06
1.520070106250034431e-06
1.489992436195746150e-06
1.460385595679882190e-06
1.431227231771693760e-06
1.402509124487985821e-06
1.374228232871015874e-06
1.346369605511310911e-06
1.318917332324822700e-06
1.291865974616398257e-06
1.265213665045859097e-06
1.238944089316471267e-06
1.213046524039223624e-06
1.187520504485801464e-06
1.162362560222702123e-06
1.137555335814963852e-06
1.113094333943749569e-06
1.088985037476692893e-06
1.065218497269455851e-06
1.041780125465670688e-06
1.018668377740498481e-06
9.958907795186062711e-07
9.734355513940060258e-07
9.512931200715957037e-07
9.294649102162674526e-07
9.079572307481854688e-07
8.867546205581339904e-07
8.658533601770543969e-07
8.452601533974525938e-07
8.249758914286471010e-07
8.049837500686251768e-07
7.852849581160304777e-07
7.658915088463117537e-07
7.467962733537751921e-07
7.279861947921852945e-07
7.094646541256817389e-07
6.912434085533236000e-07
6.733110407945469735e-07
6.556599576628332837e-07
6.382960187321787200e-07
6.212278539873021380e-07
6.044391378256646064e-07
5.879283975080192396e-07
5.717069141543762589e-07
5.557746684552623673e-07
5.401151092562035257e-07
5.247305963004060108e-07
5.096362828608113829e-07
4.948220133459172736e-07
4.802776693659560037e-07
4.660068328987060577e-07
4.520216880369794227e-07
4.383083693858843068e-07
4.248619368886225188e-07
4.116874812334158339e-07
3.987936709773508304e-07
3.861615619390832035e-07
3.737919866767741551e-07
3.616950572789439163e-07
3.498683304809801674e-07
3.382964738764120956e-07
3.269810657343610273e-07
3.159349441941374486e-07
3.051461521301110042e-07
2.946065759089157772e-07
2.843180671421963675e-07
2.742899012582390784e-07
2.645070239108114889e-07
2.549659972729412767e-07
2.456704124835234255e-07
2.366248480389981058e-07
2.278122241042651970e-07
2.192328588172645065e-07
2.108946549466101396e-07
2.027920091405118471e-07
1.949138653838384668e-07
1.872599618583900061e-07
1.798400055227240621e-07
1.726425701820447923e-07
1.656636081987853195e-07
1.589034595982914265e-07
1.523697702175356302e-07
1.460492873643848606e-07
1.399409384784431810e-07
1.340454969439276463e-07
1.283626894634865352e-07
1.228768418976001538e-07
1.175842687799202061e-07
1.124851286306552497e-07
1.075683335367632478e-07
1.028217862868870123e-07
9.823881111409169813e-08
9.381889996082171767e-08
8.954796081777914510e-08
8.541908039414387684e-08
8.142720884336956148e-08
7.757299829426949817e-08
7.384417082773828179e-08
7.023771692408540248e-08
6.675163036554422411e-08
6.338326756368258073e-08
6.012516684703491664e-08
5.697687116114001425e-08
5.394199867626636062e-08
5.101628205766858608e-08
4.819818604183642528e-08
4.548587399890961780e-08
4.288173369207649904e-08
4.037985063005373842e-08
3.797922578571189222e-08
3.567607885462238200e-08
3.347119156890011061e-08
3.135933121756847194e-08
2.934172809301673611e-08
2.741794301882598167e-08
2.558723939734951113e-08
2.384661408798398677e-08
2.219284360710284975e-08
2.062259618898029898e-08
1.913074819231785803e-08
1.771682834714545576e-08
1.637887440989251793e-08
1.511630561912306511e-08
1.392658935201212199e-08
1.280836041487487166e-08
1.175488107115939026e-08
1.076220465815493435e-08
9.829462088382511275e-09
8.957028635836654988e-09
8.142311539408903780e-09
7.382153030248147406e-09
6.672173505554758530e-09
6.007065048680302498e-09
5.387005777272445767e-09
4.813524628167169892e-09
4.286226788819031721e-09
3.797168675069446383e-09
3.340760699802010770e-09
2.917834965414782827e-09
2.531974148367039979e-09
2.179513437918670554e-09
1.852979768877287974e-09
1.551749261578587298e-09
1.278943269236299108e-09
1.031483798838320587e-09
8.040789568190861547e-10
5.954404105061284798e-10
4.090287741524995461e-10
2.420363673661304584e-10
8.911520817138613399e-11
-4.996189711829236995e-11
-1.714389874916355417e-10
-2.805062247395209619e-10
-3.804368010122344037e-10
-4.669674284349492786e-10
-5.416758642264333264e-10
-6.112862215443069954e-10
-6.691264502228963787e-10
-7.165965419166051692e-10
-7.599508335321168671e-10
-7.941363692087363665e-10
-8.209400349364946675e-10
-8.442923688485128864e-10
-8.609793610244821117e-10
-8.754589025266024550e-10
-8.851646670078408022e-10
-8.921424390788050321e-10
-8.972880981157345989e-10
-8.969763167137402429e-10
-8.955991783641863936e-10
-8.906380594453525271e-10
-8.839134996470891612e-10
-8.745401388718734662e-10
-8.643708572153702827e-10
-8.517802432562482455e-10
-8.386626671764369498e-10
-8.238505902417072884e-10
-8.080780665158187385e-10
-7.934606478002805289e-10
-7.790711866374446417e-10
-7.645490691955899170e-10
-7.491834553196664056e-10
-7.322563152836551589e-10
-7.140537977161892790e-10
-6.951276590728023698e-10
-6.775484423891204114e-10
-6.613451739854979361e-10
-6.461287863281828025e-10
-6.307516812612893990e-10
-6.148156910943518687e-10
-5.983070070025868627e-10
-5.819750194186156257e-10
-5.656307439373894641e-10
-5.496415941209090974e-10
-5.351189984917754301e-10
-5.225026910527959799e-10
-5.093154186813527386e-10
-4.943262515006106127e-10
-4.793612958703815328e-10
-4.661668363623522190e-10
-4.537319378173707869e-10
-4.414921976936195722e-10
-4.301229933828948996e-10
-4.182701359899695252e-10
-4.048533161016989914e-10
-3.924749186092940515e-10
-3.833980512321861679e-10
-3.739044547328587277e-10
-3.617831032529178697e-10
-3.504023508499553497e-10
-3.413508957636256594e-10
-3.325056204100349828e-10
-3.230245119633028106e-10
-3.128852429725508566e-10
-3.034587897744718855e-10
-2.956675048961103278e-10
-2.871117060589135549e-10
-2.773867338087034712e-10
-2.688543293503574333e-10
-2.613443271015032515e-10
-2.531056271940163061e-10
-2.437327323078288494e-10
-2.366440031179766222e-10
-2.291187758549453725e-10
-2.204818634579737874e-10
-2.129427700886290937e-10
-2.061310786561790689e-10
-1.976323134849680099e-10
-1.899346462073066775e-10
-1.833459869510021203e-10
-1.748500671794663875e-10
-1.674783774216679445e-10
-1.604407235454829894e-10
-1.525644870282135537e-10
-1.457447262825428542e-10
-1.380227740435477673e-10
-1.309484697103368911e-10
-1.239572893975615201e-10
-1.161876014612250330e-10
-1.093990974714626865e-10
-1.021853442028049877e-10
-9.555814349693463202e-11
-8.832377986526472097e-11
-8.189020717250860497e-11
-7.533888270711720387e-11
-6.880291318641062366e-11
-6.220004144804061473e-11
-5.622146844734047242e-11
-5.041299656772254151e-11
-4.462776871391400492e-11
-3.898689667955194129e-11
-3.378545137565070920e-11
-2.870119310956107917e-11
-2.377927084292419849e-11
-1.940070948625481867e-11
-1.555113271280945577e-11
-1.168769957979071641e-11
-8.101161862622456305e-12
-5.113247501814135137e-12
-2.756032266325111369e-12
-4.464573563330850384e-13
1.469922814041956012e-12
2.899228022387143672e-12
3.791286651872266144e-12
4.601285374025476459e-12
4.996849581524472118e-12
5.035968534409448821e-12
4.709792755537387582e-12
4.278622586741393466e-12
3.494523361231711048e-12
2.432795520932297873e-12
1.246458698450895669e-12
6.326321635814357205e-14
-1.172761294195995836e-12
-2.494726529475562715e-12
-3.607710817076135458e-12
-4.535782420642007497e-12
-5.403579278968256281e-12
-6.176531736801904729e-12
-6.539335396593614553e-12
-6.805158205702937184e-12
-6.908439838598504640e-12
-6.604710934805781638e-12
-6.017689514933229421e-12
-5.263811389214178296e-12
-4.400441053990045412e-12
-3.431112249596425117e-12
-2.411926705546157873e-12
-1.488371926370889043e-12
-6.567894392088640161e-13
2.199311866069139153e-13
8.518430318873819069e-13
1.256815663836062702e-12
1.297036249179244528e-12
1.217248289667654976e-12
8.842672804182498741e-13
4.718606385332523212e-13
-3.898490575592160986e-14
-5.618710705433310203e-13
-1.155995738804394845e-12
-1.609054454703787230e-12
-1.787755396570593411e-12
-1.758255602221691113e-12
-1.624025574735225229e-12
-1.358547370755459609e-12
-9.084342033007674997e-13
-3.712731329992885130e-13
7.803963585271406854e-14
3.558665933106548416e-13
5.193725882027020640e-13
5.410487505797763512e-13
3.522427425719301594e-13
2.190663721553206325e-14
-3.162610322502348312e-13
-5.628783727877478525e-13
-7.599130411875879090e-13
-7.621180225915122446e-13
-5.814400114161545951e-13
-2.956993854371648231e-13
-3.368646809686937201e-14
2.298900989016969568e-13
3.112381974114096775e-13
2.258131830940317027e-13
3.033047115350465083e-14
-1.973222605574408300e-13
-3.764806797225500274e-13
-3.975664532156038567e-13
-2.999386672923081561e-13
-7.680747073559486259e-14
9.219216748617338941e-14
1.834544636295900413e-13
1.267841344556835368e-13
-2.766769565152611799e-14
-1.800003517494106495e-13
-2.532268487669492870e-13
-1.693404166227507186e-13
-2.374999336118080268e-14
1.111605317147521079e-13
1.107367471929994925e-13
5.593782271820072045e-15
-1.294692608782538754e-13
-1.619011819718500588e-13
-7.306830009340271018e-14
4.931345872218148031e-14
8.775593233688072414e-14
1.221389559708037050e-14
-8.805717559506460496e-14
-1.074355890862423635e-13
-2.056160236208106066e-14
6.236873760865501925e-14
4.317040284661708265e-14
-5.337431391104243100e-14
-8.277379843012339956e-14
-1.066737980214624463e-14
5.482198296011127644e-14
1.226343443415219438e-14
-5.844479091464792929e-14
-4.230743205006505113e-14
3.364362159132827956e-14
2.691982485552457790e-14
-4.089055236890535429e-14
-3.610280652778725469e-14
3.082038338299998623e-14
1.412902214250721589e-14
-3.978143923202334297e-14
-1.104468062487499091e-14
3.330006801820436121e-14
-1.741681134237113568e-14
-2.586559732205806727e-14
2.331700646157395861e-14
5.042129693493678588e-16
-2.933899944519200615e-14
2.173593913577528352e-14
-2.289742509707920256e-15
-2.046256654843688370e-14
1.980330102788786158e-14
-9.015162873774319811e-15
-1.035214272317074489e-14
2.015182382002605553e-14
-2.371250722478846826e-14
1.709582530765982836e-14
-9.114937589625295211e-15
-2.356708724608625222e-16
6.201419545428753577e-15
-1.011138490395020574e-14
1.138755383295093885e-14
-1.103014691546144353e-14
1.023060253151556092e-14
-8.376751013296453400e-15
7.539066694636221779e-15
-5.547291186162338465e-15
5.318037204785629062e-15
-3.492672188611147280e-15
3.866815838589723332e-15
-2.157887582424889089e-15
2.985722006561143862e-15
-1.301586358075647560e-15
2.453590410246153419e-15
-7.347897225172013143e-16
2.123669510551718020e-15
-3.418412303522743910e-16
1.911145422440870871e-15
-5.659751684760616518e-17
1.768637011804627421e-15
1.587779362318527630e-16
1.669404721906318870e-15
3.266094566407588429e-16
1.597912623260306395e-15
4.606512832174761589e-16
1.544810190045490764e-15
5.697739952147933722e-16
1.504268826886711824e-15
6.599511236676068311e-16
1.472536813135796886e-15
7.353634984784820075e-16
1.447129983696973866e-15
7.990365979696927966e-16
1.426362569510765328e-15
8.532229265930007189e-16
1.409065948054686143e-15
8.996401883876851857e-16
1.394414735822774871e-15
9.396249285211257857e-16
1.381816222485395945e-15
9.742348794388626934e-16
1.370838328063602572e-15
1.004319152219870831e-15
1.361161640124840113e-15
1.030567655440163607e-15
1.352546877626920254e-15
1.053546717427480737e-15
1.344812455593205263e-15
1.073725309961455913e-15
1.337818792794306189e-15
1.091494718472651741e-15
1.331457198373590539e-15
1.107183545203058841e-15
1.325641914585642360e-15
1.121069323623570264e-15
1.320304364307574954e-15
1.133387628662803157e-15
1.315388956467404793e-15
1.144339306525259898e-15
1.310850003930266343e-15
1.154096272085421486e-15
1.306649442749827657e-15
1.162806200235873897e-15
1.302755133498695718e-15
1.170596353512372609e-15
1.299139588163543171e-15
1.177576727455632978e-15
1.295779010364472972e-15
1.183842652165597366e-15
1.292652567413000221e-15
1.189476956379231498e-15
1.289741834780530410e-15
1.194551776944192203e-15
1.287030369356097673e-15
1.199130078743090572e-15
1.284503379439496627e-15
1.203266936788305159e-15
1.282147467436607336e-15
1.207010621637198916e-15
1.279950427714035658e-15
1.210403521594890444e-15
1.277901086081520334e-15
1.213482928513542113e-15
1.275989171233612208e-15
1.216281709435343622e-15
1.274205210457071063e-15
1.218828882015362051e-15
1.272540444112312656e-15
1.221150108825067129e-15
1.270986754531459973e-15
1.223268122859950722e-15
1.269536606164158657e-15
1.225203094624516512e-15
1.268182994565310902e-15
1.226972949440058205e-15
1.266919402289688297e-15
1.228593642255215127e-15
1.265739760311533377e-15
1.230079396031048473e-15
1.264638413932574032e-15
1.231442908937649319e-15
1.263610092300871214e-15
1.232695534678305588e-15
1.262649880937110883e-15
1.233847439731279059e-15
1.261753196730970129e-15
1.234907740630045452e-15
1.260915765124575099e-15
1.235884623998565568e-15
1.260133599082690816e-15
1.236785451672607733e-15
1.259402979678133479e-15
1.237616852894105991e-15
1.258720438087044244e-15
1.238384805248399817e-15
1.258082738848168044e-15
1.239094705857289388e-15
1.257486864268856123e-15
1.239751434044694392e-15
1.256929999864877489e-15
1.240359406602706231e-15
1.256409520761011281e-15
1.240922626564259680e-15
1.255922978961791562e-15
1.241444726334646797e-15
1.255468091465342279e-15
1.241929005843509865e-15
1.255042729120215065e-15
1.242378466373086130e-15
1.254644906190006453e-15
1.242795840560568661e-15
1.254272770601566257e-15
1.243183619050300372e-15
1.253924594804702329e-15
1.243544074202510282e-15
1.253598767223589571e-15
1.243879281198078695e-15
1.253293784237296547e-15
1.244191136858186713e-15
1.253008242704497540e-15
1.244481376432066147e-15
1.252740832930257130e-15
1.244751588590488254e-15
1.252490332122353850e-15
1.245003228846444879e-15
1.252255598229303054e-15
1.245237631549389604e-15
1.252035564204449099e-15
1.245456020644259205e-15
1.251829232608375300e-15
1.245659519302173938e-15
1.251635670575710050e-15
1.245849158575503843e-15
1.251454005081613499e-15
1.246025885147687784e-15
1.251283418514051967e-15
1.246190568307178392e-15
1.251123144514732146e-15
1.246344006198216925e-15
1.250972464075615989e-15
1.246486931443942663e-15
1.250830701866222765e-15
1.246620016186151499e-15
1.250697222777187280e-15
1.246743876614751842e-15
1.250571428662959716e-15
1.246859077021660463e-15
1.250452755270880964e-15
1.246966133438972589e-15
1.250340669318529094e-15
1.247065516884215953e-15
1.250234665746412845e-15
1.247157656260646234e-15
1.250134265090654400e-15
1.247242940930146477e-15
1.250039010987890389e-15
1.247321723001778258e-15
1.249948467788656440e-15
1.247394319341957824e-15
1.249862218276477717e-15
1.247461013345261478e-15
1.249779861474897137e-15
1.247522056472928572e-15
1.249701010539114829e-15
1.247577669584797929e-15
1.249625290717981964e-15
1.247628044074179508e-15
