# bin_3_3
4.323819536463003482e-04
4.322128209915616958e-04
4.323387314701672532e-04
4.321767238551179799e-04
4.322920635058360344e-04
4.321364711219903890e-04
4.322415963164758911e-04
4.320917307044833643e-04
4.321869515386104229e-04
4.320421427970434444e-04
4.321277247370456905e-04
4.319873189647870332e-04
4.320634844399427505e-04
4.319268414329222104e-04
4.319937714194213791e-04
4.318602626466263466e-04
4.319180982915178765e-04
4.317871051842761022e-04
4.318359495244398030e-04
4.317068621189429291e-04
4.317467819573779682e-04
4.316189979392213169e-04
4.316500259455349482e-04
4.315229501512704807e-04
4.315450872609052912e-04
4.314181317001784138e-04
4.314313498906115164e-04
4.313039343563765718e-04
4.313081798840315913e-04
4.311797332233302093e-04
4.311749304036610587e-04
4.310448925195956124e-04
4.310309481321762844e-04
4.308987727848102986e-04
4.308755811734347866e-04
4.307407396327979734e-04
4.307081885555737936e-04
4.305701741407365183e-04
4.305281513951862726e-04
4.303864848963710982e-04
4.303348857035923809e-04
4.301891216370227577e-04
4.301278567075798062e-04
4.299775902805616327e-04
4.299065944049447257e-04
4.297514689778825963e-04
4.296707098772686731e-04
4.295104245897956403e-04
4.294199116309072137e-04
4.292542287127608684e-04
4.291540209298599549e-04
4.289827720451348065e-04
4.288729847264813560e-04
4.286960755037997760e-04
4.285768843988238801e-04
4.283942960960079741e-04
4.282659380948243078e-04
4.280777251512269494e-04
4.279404941098359722e-04
4.277467761866474605e-04
4.276010124549105848e-04
4.274019594995853580e-04
4.272480317120427949e-04
4.270438406710940957e-04
4.268821185538658448e-04
4.266729806784835799e-04
4.265037980951912316e-04
4.262898564286981933e-04
4.261134647314549157e-04
4.258947624314578240e-04
4.257112754856442831e-04
4.254876971897599718e-04
4.252970312582166545e-04
4.250682417756805479e-04
4.248700557563936321e-04
4.246354428747468337e-04
4.244290870320638863e-04
4.241877179241527671e-04
4.239722018788173730e-04
4.237228049953977805e-04
4.234967977187421764e-04
4.232377833769085081e-04
4.229996583315446266e-04
4.227291903741893920e-04
4.224771265479799272e-04
4.221932531581534180e-04
4.219253962337915151e-04
4.216262390024387487e-04
4.213409152609629677e-04
4.210249012679178672e-04
4.207208599530983927e-04
4.203869626436582780e-04
4.200636021872799467e-04
4.197115362943399037e-04
4.193690506401068566e-04
4.189993506370659091e-04
4.186387219835094754e-04
4.182526322647228700e-04
4.178754068344151212e-04
4.174745365306716514e-04
4.170823614815948087e-04
4.166681165426898079e-04
4.162620939655542842e-04
4.158349927989321657e-04
4.154150111793886114e-04
4.149740970264952111e-04
4.145383980782934674e-04
4.140810343575742486e-04
4.136263041322688484e-04
4.131486095492953249e-04
4.126707762518285675e-04
4.121687615941537646e-04
4.116643973688395011e-04
4.111355025512840886e-04
4.106033149874303433e-04
4.100476354765681493e-04
4.094891968976163981e-04
4.089095064807977834e-04
4.083284292167240772e-04
4.077284810280507217e-04
4.071279723969206546e-04
4.065096105551261447e-04
4.058896080735948297e-04
4.052505034436873575e-04
4.046066003899401382e-04
4.039408299721249204e-04
4.032666957945644321e-04
4.025687823891695768e-04
4.018611291264998506e-04
4.011308239132203943e-04
4.003926767161027620e-04
3.996355104668256205e-04
3.988733726098874443e-04
3.980946873170304796e-04
3.973107954959468951e-04
3.965085205615660811e-04
3.956967944829653788e-04
3.948626442559199901e-04
3.940156167824898832e-04
3.931459829933974187e-04
3.922657675081708817e-04
3.913679489864077348e-04
3.904640514487308354e-04
3.895452694996321763e-04
3.886188513955894175e-04
3.876732427761502573e-04
3.867144429238921952e-04
3.857339354347513890e-04
3.847419672371835435e-04
3.837344902573339655e-04
3.827217842451557787e-04
3.816963801365878426e-04
3.806624267548127305e-04
3.796096206408839453e-04
3.785440290300372984e-04
3.774622676821994980e-04
3.763754359427158732e-04
3.752795277647470078e-04
3.741782328787034303e-04
3.730613539721991520e-04
3.719334204674676651e-04
3.707929448695792217e-04
3.696507499355937811e-04
3.685021799552985365e-04
3.673476507628906963e-04
3.661787378096223607e-04
3.650037824146141921e-04
3.638243315295580432e-04
3.626452487354380979e-04
3.614559399255142121e-04
3.602586743397125069e-04
3.590553261561498281e-04
3.578543187339853918e-04
3.566460203811666575e-04
3.554294739810865723e-04
3.542063571181154917e-04
3.529852830008152692e-04
3.517556444790685645e-04
3.505169015916013335e-04
3.492729821237179361e-04
3.480280164619913388e-04
3.467692419333001891e-04
3.455030324627127365e-04
3.442321648226921499e-04
3.429508707981185236e-04
3.416550931794838848e-04
3.403561757849590092e-04
3.390421518725268810e-04
3.377157084305530319e-04
3.363815952842108309e-04
3.350327823054801346e-04
3.336708404013647052e-04
3.323021145155882327e-04
3.309145000995490898e-04
3.295223761373257745e-04
3.281144521280438897e-04
3.266984400044608129e-04
3.252726286167840456e-04
3.238359487234523568e-04
3.223930642710107967e-04
3.209391441273288983e-04
3.194798651426033445e-04
3.180104205287922082e-04
3.165348897945111724e-04
3.150496154247684095e-04
3.135567378087699623e-04
3.120536612250768239e-04
3.105411483933820621e-04
3.090174591526191638e-04
3.074827162243681518e-04
3.059360071732002183e-04
3.043774317307803472e-04
3.028069292628023687e-04
3.012248947818712652e-04
2.996319680080498211e-04
2.980287532313400799e-04
2.964161545083986182e-04
2.947945673849791388e-04
2.931645863132973924e-04
2.915259641767785630e-04
2.898786493265901958e-04
2.882217255435552661e-04
2.865547316074192399e-04
2.848766381615191134e-04
2.831872882447562540e-04
2.814862902416939141e-04
2.797743302594878296e-04
2.780518253235893895e-04
2.763199763924522635e-04
2.745792432396883752e-04
2.728303215735648703e-04
2.710727850547694790e-04
2.693063336560542554e-04
2.675298632850608071e-04
2.657429837363862058e-04
2.639452253103150773e-04
2.621372846189231167e-04
2.603198023582060927e-04
2.584940109091290778e-04
2.566602405628324300e-04
2.548186239889762379e-04
2.529682269139331267e-04
2.511084535335421516e-04
2.492387326391958804e-04
2.473597249479743735e-04
2.454722706269015279e-04
2.435775547584431515e-04
2.416756536072011373e-04
2.397661700201647031e-04
2.378480742953460562e-04
2.359212832270283307e-04
2.339863668800310403e-04
2.320446840976545173e-04
2.300967267084710150e-04
2.281422179663081956e-04
2.261801594937917423e-04
2.242105696691286247e-04
2.222343376477356990e-04
2.202527463837058899e-04
2.182657520371556511e-04
2.162726050334801771e-04
2.142728984214647980e-04
2.122677610434270683e-04
2.102582690628352767e-04
2.082443475259244405e-04
2.062250777487146776e-04
2.042008870400109730e-04
2.021730929540990795e-04
2.001421231150898687e-04
1.981070744667441240e-04
1.960681820094390489e-04
1.940268104081845177e-04
1.919832623001195668e-04
1.899367141201930523e-04
1.878878719724618720e-04
1.858379344746259652e-04
1.837865088063101728e-04
1.817334933776996737e-04
1.796801892680618495e-04
1.776265626912295313e-04
1.755724027470016073e-04
1.735190256800596311e-04
1.714663193124872870e-04
1.694142013211630022e-04
1.673640951583800420e-04
1.653155529175317996e-04
1.632689162502284355e-04
1.612254595268564560e-04
1.591844502237208935e-04
1.571471851855149040e-04
1.551135163097372774e-04
1.530840544646394771e-04
1.510594068441206131e-04
1.490394417834615460e-04
1.470252469593189438e-04
1.450166315019211854e-04
1.430145799958060313e-04
1.410189733614369129e-04
1.390307410323184361e-04
1.370499229786423625e-04
1.350772047435764439e-04
1.331127591285749783e-04
1.311573337394724911e-04
1.292110847485678166e-04
1.272746192732011070e-04
1.253482201549323228e-04
1.234325066085310114e-04
1.215277055773558636e-04
1.196343473905194947e-04
1.177527392711072147e-04
1.158834529196716041e-04
1.140267612310406545e-04
1.121831631844806646e-04
1.103529790331373464e-04
1.085366914604050253e-04
1.067345844562395883e-04
1.049471108799722603e-04
1.031746172215524852e-04
1.014174859972475403e-04
9.967603422127659552e-05
9.795065335044947558e-05
9.624165306285210311e-05
9.454938700284385301e-05
9.287415019093197600e-05
9.121627932509883321e-05
8.957605002639686803e-05
8.795375597384426402e-05
8.634966487597436815e-05
8.476407963130227466e-05
8.319720881303696699e-05
8.164929629828129724e-05
8.012055430401737114e-05
7.861124475462075568e-05
7.712151274501709492e-05
7.565157550407001585e-05
7.420158505572904553e-05
7.277171738905535800e-05
7.136207627754731974e-05
6.997280752359131683e-05
6.860401257810035439e-05
6.725582312934898883e-05
6.592825781702721778e-05
6.462139349140432647e-05
6.333529798793302405e-05
6.207001937198049441e-05
6.082552513305043511e-05
5.960182157213702355e-05
5.839891480874742988e-05
5.721679373394382846e-05
5.605540738131562303e-05
5.491470478107620149e-05
5.379460973043899034e-05
5.269506521716555347e-05
5.161594578658622789e-05
5.055714348263160956e-05
4.951854994901494603e-05
4.849999389270996534e-05
4.750133172299719330e-05
4.652244213832124791e-05
4.556312140479873446e-05
4.462321266595352832e-05
4.370249808937990419e-05
4.280076244594537206e-05
4.191780275845831812e-05
4.105339365939883543e-05
4.020729651025130519e-05
3.937931161559484958e-05
3.856915827911132377e-05
3.777659606849200825e-05
3.700135080579235408e-05
3.624314170111824483e-05
3.550168620434581183e-05
3.477672186512319869e-05
3.406798387338591077e-05
3.337517715756839156e-05
3.269799538442081142e-05
3.203614310996086929e-05
3.138933330331179674e-05
3.075726681984038911e-05
3.013962684558284686e-05
2.953610147846143694e-05
2.894640381730287287e-05
2.837021742863702297e-05
2.780724020788251195e-05
2.725718245180699928e-05
2.671974111253863356e-05
2.619459385593648232e-05
2.568142781632364746e-05
2.517997137777071797e-05
2.468993559741766854e-05
2.421100625774864169e-05
2.374288362576290598e-05
2.328529802923275704e-05
2.283795353533924117e-05
2.240054763775482154e-05
2.197282138700344287e-05
2.155452645681513738e-05
2.114536265381653464e-05
2.074505265905818706e-05
2.035337024455176306e-05
1.997006138158178375e-05
1.959484754624740000e-05
1.922748904879190149e-05
1.886776917950353834e-05
1.851544091066226389e-05
1.817026780088701332e-05
1.783204044019124634e-05
1.750054627559279667e-05
1.717555206750464721e-05
1.685686048930340345e-05
1.654427451339553846e-05
1.623762148774479934e-05
1.593667171428236935e-05
1.564126651005139153e-05
1.535124773730353037e-05
1.506643673350389526e-05
1.478664434025570011e-05
1.451171831188738850e-05
1.424154209753469428e-05
1.397594915805511824e-05
1.371477084861859545e-05
1.345788710420901486e-05
1.320520682108572765e-05
1.295655825372274848e-05
1.271181410053630474e-05
1.247090392802813098e-05
1.223371844617770716e-05
1.200010958057214547e-05
1.176998336413528574e-05
1.154330271547149060e-05
1.131995718375999040e-05
1.109981338872683884e-05
1.088281301323602054e-05
1.066892821183564585e-05
1.045804941029116498e-05
1.025007651609332213e-05
1.004497751702741680e-05
9.842729491604279392e-06
9.643211141154934952e-06
9.446365200743656667e-06
9.252201584105875664e-06
9.060676059133457663e-06
8.871666487403588534e-06
8.685151482432577452e-06
8.501174043392518447e-06
8.319655319994889709e-06
8.140508923371865779e-06
7.963736383814031732e-06
7.789371925745709201e-06
7.617330374639767549e-06
7.447557652470108976e-06
7.280079478502712642e-06
7.114921886447104051e-06
6.951972247235905781e-06
6.791224209917860494e-06
6.632743589958870601e-06
6.476505684949141529e-06
6.322410312091343980e-06
6.170469930119560839e-06
6.020772631836661401e-06
5.873247991027803927e-06
5.727836121021640508e-06
5.584566506254338705e-06
5.443508656040785178e-06
5.304567840648010928e-06
5.167720357020220932e-06
5.033019599340870172e-06
4.900501466665696691e-06
4.770049859128870755e-06
4.641679122474033765e-06
4.515478203399819064e-06
4.391415235802514905e-06
4.269398258513971521e-06
4.149449924140121985e-06
4.031666498620472914e-06
3.915970016875347502e-06
3.802312436360865054e-06
3.690726300435461531e-06
3.581282344183050415e-06
3.473873215268517736e-06
3.368488672936068402e-06
3.265188685661678023e-06
3.163992659887663697e-06
3.064786023993588370e-06
2.967583185837415802e-06
2.872472112124713403e-06
2.779398233592154237e-06
2.688285263946857648e-06
2.599145484974414480e-06
2.512057411501799511e-06
2.426929757647380353e-06
2.343723398465777982e-06
2.262454258936469701e-06
2.183177875477961223e-06
2.105777757964288476e-06
2.030248956041132538e-06
1.956636497064618213e-06
1.884936611153894112e-06
1.815047862741706058e-06
1.746972805507436994e-06
1.680774190177259260e-06
1.616378876560882902e-06
1.553729358828184801e-06
1.492820783608242320e-06
1.433699470324884056e-06
1.376278458953072636e-06
1.320534222628356935e-06
1.266470103276889711e-06
1.214122503882889277e-06
1.163392049235342822e-06
1.114277315018405864e-06
1.066803536323341288e-06
1.020949689882688353e-06
9.766523184249070286e-07
9.339080241369449600e-07
8.927638897221515254e-07
8.531549163496805902e-07
8.150433271190510859e-07
7.783902547459388690e-07
7.431867806337029802e-07
7.093156812446100435e-07
6.767187816507610793e-07
6.453388928562187395e-07
6.151398168522596257e-07
5.860004635544798028e-07
5.578620284975704385e-07
5.306789171275631885e-07
5.043867366712804372e-07
4.789290757144489917e-07
4.542840748094793416e-07
4.304605766491261637e-07
4.074059751009650343e-07
3.851069442237096772e-07
3.635554528231772971e-07
3.427768718429480065e-07
3.227341989028403087e-07
3.034214621829090980e-07
2.848294053122064470e-07
2.669757915168938663e-07
2.498516106144289592e-07
2.334555254739864755e-07
2.177772794089000580e-07
2.027984992010585670e-07
1.885186943066933692e-07
1.749222020453828088e-07
1.620019637323938358e-07
1.497360341472251549e-07
1.381246106508833199e-07
1.271356652654817086e-07
1.167584277462234595e-07
1.069735245894466639e-07
9.776833274504943163e-08
8.910803993348229661e-08
8.098245368678852025e-08
7.338042507338699323e-08
6.627910320793422437e-08
5.964735979348876201e-08
5.345976548517387936e-08
4.771173023399834148e-08
4.238412641909863897e-08
3.744562036764488463e-08
3.286786486839090608e-08
2.864283780166775331e-08
2.475990913354551946e-08
2.118539147086879143e-08
1.790139187327420814e-08
1.490278280647099564e-08
1.216428154449951712e-08
9.666436600098491279e-09
7.396494323284626448e-09
5.345494426426044568e-09
3.485115036502381641e-09
1.811773593686871900e-09
3.086468878723685924e-10
-1.031807603608405682e-09
-2.224121482115718259e-09
-3.282679930611223999e-09
-4.208825887236795642e-09
-5.013268385064719169e-09
-5.723000181460295308e-09
-6.323670924010225278e-09
-6.831640078629418119e-09
-7.268058800829068088e-09
-7.631564616357563076e-09
-7.923811275139521539e-09
-8.152785434480854790e-09
-8.328533414180823597e-09
-8.460518965886749922e-09
-8.543574207278150650e-09
-8.584875119833242051e-09
-8.597781366725255402e-09
-8.573960265556725510e-09
-8.518584294197155835e-09
-8.435922422324858928e-09
-8.335222137597631453e-09
-8.209654754868259351e-09
-8.069992557960518779e-09
-7.920565776169097761e-09
-7.758961210891398850e-09
-7.585192475508029007e-09
-7.404195034891030577e-09
-7.217154484036280886e-09
-7.022512965156675715e-09
-6.822919855057588443e-09
-6.617882722061894522e-09
-6.413771577402012512e-09
-6.211233486624070263e-09
-6.012594838132272363e-09
-5.814440611422482297e-09
-5.617700581506439253e-09
-5.420869881215621733e-09
-5.222398469298026084e-09
-5.027318652842598678e-09
-4.839099354524671093e-09
-4.659393647610666778e-09
-4.483121466926312501e-09
-4.312619952863052350e-09
-4.142833534505846007e-09
-3.974875761144408474e-09
-3.811119670997999971e-09
-3.657060764338495579e-09
-3.510141787440095156e-09
-3.369328666924931729e-09
-3.228684703522965031e-09
-3.085912939671736283e-09
-2.955109755018238907e-09
-2.838553423070791618e-09
-2.719811813826743831e-09
-2.598577742676023372e-09
-2.484764841524434376e-09
-2.380832385094724705e-09
-2.279323005937263866e-09
-2.179648243967261649e-09
-2.086566897192717339e-09
-1.996014184929359134e-09
-1.910154783990134668e-09
-1.830249942298703597e-09
-1.751070076360206345e-09
-1.672395663388303674e-09
-1.601926685097888230e-09
-1.536477391806484297e-09
-1.469588091812622238e-09
-1.407088307029257413e-09
-1.348895096810934245e-09
-1.290700799521876108e-09
-1.237661555980050873e-09
-1.187402911855334672e-09
-1.136927859580278943e-09
-1.089339434829816429e-09
-1.048037781647862343e-09
-1.002810863881114559e-09
-9.630284006688971616e-10
-9.286011665670582029e-10
-8.883311278517914150e-10
-8.533841922245699661e-10
-8.208178044980547150e-10
-7.902671676120186064e-10
-7.598435871421198327e-10
-7.292621490095273019e-10
-7.029587526607040246e-10
-6.774362982671176717e-10
-6.506817851361397232e-10
-6.272902390314702949e-10
-6.053591024076955871e-10
-5.835720773321459071e-10
-5.602373925534753004e-10
-5.411614736379906409e-10
-5.231838072161952630e-10
-5.034255474631208296e-10
-4.837189501181398343e-10
-4.666823803148912595e-10
-4.509616333346093099e-10
-4.337040269314237711e-10
-4.164893841627070284e-10
-4.013016146316481576e-10
-3.874131737879649613e-10
-3.712517571643542062e-10
-3.570393434043645324e-10
-3.446714744433098410e-10
-3.309973656275662579e-10
-3.159602679498971403e-10
-3.028074488438583179e-10
-2.916344688463923212e-10
-2.778961302782425361e-10
-2.640711231706799898e-10
-2.519898385452872282e-10
-2.408924827451735706e-10
-2.276797014818045417e-10
-2.155132820879157624e-10
-2.045364052048086898e-10
-1.936054378769930802e-10
-1.808286662959643730e-10
-1.698042347214767781e-10
-1.596854190910901293e-10
-1.488519926757802923e-10
-1.371279601946259119e-10
-1.271241508904257574e-10
-1.179595646622295339e-10
-1.070346534865568858e-10
-9.689618599736610652e-11
-8.783680254525068572e-11
-7.959782111037767955e-11
-7.012202562659211724e-11
-6.166149316369362711e-11
-5.377528221737975403e-11
-4.627807593667341263e-11
-3.807893108400869824e-11
-3.162689953711025798e-11
-2.609191187554119575e-11
-2.023499304236046939e-11
-1.464049082906818616e-11
-1.017865557839903462e-11
-6.834161626434823695e-12
-2.971149958229958671e-12
-7.346843189726877087e-14
2.046939285834942935e-12
3.147369106997898336e-12
4.719940701288550071e-12
5.519924803931113777e-12
5.769737921180087629e-12
5.294783695859872881e-12
4.838083970779824875e-12
3.757261775977785950e-12
2.249733245022509534e-12
8.121252413339195061e-13
-8.959738882184881416e-13
-2.769999413597832024e-12
-4.820546221438694572e-12
-6.143304122238595096e-12
-7.378930388452541858e-12
-8.620646682081573323e-12
-9.800063942882366904e-12
-1.003765615583110559e-11
-1.033777554646471756e-11
-1.056824326826018415e-11
-1.020793824894510886e-11
-9.200430261133228184e-12
-8.106750638770422122e-12
-6.928493889459413074e-12
-5.359147642860391377e-12
-3.726882997738556145e-12
-2.406737084543643805e-12
-1.247704095052314252e-12
6.753190414387160779e-14
8.787237773081579090e-13
1.482577372016190933e-12
1.683421209104700460e-12
1.641756922959749029e-12
1.132438826879230050e-12
5.253306017971670989e-13
-3.277214998102335377e-13
-1.032161450291599690e-12
-1.803511687319572260e-12
-2.417404132342044754e-12
-2.656196632213933808e-12
-2.732888784809672391e-12
-2.518969481346687258e-12
-2.086449467033793046e-12
-1.335871520471397903e-12
-6.000075965447851083e-13
-6.744285165450823621e-15
4.034631932901104049e-13
7.125895009845509265e-13
7.688411442188678598e-13
4.492418773942251431e-13
-6.458393579829196388e-14
-5.085382155906125832e-13
-8.311148531585917464e-13
-1.146927517330023736e-12
-1.175917458983946073e-12
-8.723753449974296649e-13
-4.290831320202815173e-13
-9.142538258829041350e-14
2.786682673814968479e-13
4.578682492829844024e-13
3.097260429531428192e-13
-5.775773830238108668e-15
-2.832699994117909411e-13
-5.534244882593789079e-13
-6.241414629844240483e-13
-4.244044551737286546e-13
-1.303846199111509845e-13
1.098860426070424313e-13
2.811874049648247734e-13
1.645540478819209458e-13
-5.107528621664871219e-14
-2.619098336507548527e-13
-3.844436799832958080e-13
-2.373020635102067305e-13
-4.420546572963203979e-14
1.594139516649359320e-13
1.585016283716775239e-13
2.150554880286252889e-15
-1.829442833228167444e-13
-2.390856992392855870e-13
-1.051282633445001070e-13
6.806533366732811836e-14
1.335327720540340117e-13
1.711896020187348309e-14
-1.269699279657665680e-13
-1.559071092713650952e-13
-2.470850871621931141e-14
9.304168770102803983e-14
6.378534260383986994e-14
-7.444390586023192189e-14
-1.151858214304415120e-13
-1.311783200123858029e-14
8.348664803560698846e-14
2.188975370617822499e-14
-8.052119238201274109e-14
-5.755821476001548305e-14
5.391551897825371547e-14
4.316958635999900220e-14
-5.419650453828906183e-14
-4.774556931981629740e-14
4.995388031222766888e-14
2.544473767494366251e-14
-5.233224566818277757e-14
-1.071816114813647427e-14
5.356110450849673970e-14
-1.939476297309190471e-14
-3.231462042378712046e-14
3.968308404194294033e-14
6.523652184586188628e-15
-3.700136012216706538e-14
3.763299532972427260e-14
2.417943896329883496e-15
-2.365007829243885088e-14
3.469168280504399714e-14
-6.969783287323153187e-15
-9.030863880387322297e-15
3.549910414108238714e-14
-2.838483853647557244e-14
3.113333690195093281e-14
-7.107084903513436799e-15
5.995304038403894849e-15
1.522224081665037439e-14
-8.325572457303993372e-15
2.282667035481271155e-14
-9.636142051774366743e-15
2.120333400787944231e-14
-5.756723288814946713e-15
1.733944496816469211e-14
-1.621982680595395619e-15
1.415060576014132105e-14
1.385578300445390704e-15
1.207370797160472835e-14
3.345347897111220356e-15
1.082007129129751811e-14
4.607822790484520232e-15
1.006936533135207823e-14
5.447615917899809206e-15
9.609101843226277365e-15
6.032906477703857329e-15
9.316608762568961793e-15
6.459972368466208569e-15
9.123484554487700775e-15
6.783971079023474087e-15
8.991235798804856508e-15
7.037515095890111314e-15
8.897585404070531271e-15
7.240751989207221223e-15
8.829195179444239658e-15
7.406718249577296084e-15
8.777805543827981223e-15
7.544225411782286025e-15
8.738142971437287893e-15
7.659465285304157804e-15
8.706749466292680160e-15
7.756937115206889726e-15
8.681305133453299296e-15
7.840004452426394526e-15
8.660222951240941707e-15
7.911242525629730979e-15
8.642398892594331966e-15
7.972662738565746709e-15
8.627053602504264755e-15
8.025862547604740766e-15
8.613629669658922148e-15
8.072128514583049099e-15
8.601723581320500913e-15
8.112509069672386784e-15
8.591039841343734716e-15
8.147867124035223241e-15
8.581359557360641366e-15
8.178918927644292700e-15
8.572518651704756183e-15
8.206263316170983893e-15
8.564392579078657642e-15
8.230404095273501862e-15
8.556885506733204830e-15
8.251767428163787449e-15
8.549922592749967762e-15
8.270715520737158604e-15
8.543444438636468747e-15
8.287557516991590355e-15
8.537403081780654389e-15
8.302558263457508005e-15
8.531759087086839015e-15
8.315945422068859316e-15
8.526479427531020538e-15
8.327915289823758122e-15
8.521535935982530954e-15
8.338637593137241234e-15
8.516904169640916873e-15
8.348259462863310868e-15
8.512562576552976773e-15
8.356908747890582561e-15
8.508491881609176843e-15
8.364696791175885735e-15
8.504674633238521087e-15
8.371720765703545741e-15
8.501094867773361371e-15
8.378065647808442714e-15
8.497737860012024113e-15
8.383805890221157943e-15
8.494589936623030686e-15
8.389006845111105527e-15
8.491638335700329779e-15
8.393725977760879018e-15
8.488871099687557462e-15
8.398013904927350102e-15
8.486276993076077967e-15
8.401915284813756964e-15
8.483845437479241546e-15
8.405469582249743508e-15
8.481566459755697006e-15
8.408711727094461798e-15
8.479430649216167781e-15
8.411672682822332098e-15
8.477429121687376179e-15
8.414379937655637210e-15
8.475553488122376544e-15
8.416857929944929267e-15
8.473795826898226254e-15
8.419128417025886597e-15
8.472148658255871596e-15
8.421210795556819916e-15
8.470604920901728685e-15
8.423122380257613431e-15
8.469157949708247012e-15
8.424878646493704960e-15
8.467801454520583781e-15
8.426493441937341760e-15
8.466529499717527085e-15
8.427979171271588053e-15
8.465336484482259797e-15
8.429346957690099456e-15
8.464217123623297139e-15
8.430606784090128352e-15
8.463166428875009085e-15
8.431767616739739423e-15
8.462179690684434492e-15
8.432837513641764175e-15
8.461252460469352845e-15
8.433823719507385915e-15
8.460380533298017935e-15
8.434732749065927151e-15
8.459559930924693050e-15
8.435570460123914904e-15
8.458786885316665437e-15
8.436342117639854931e-15
8.458057822517765168e-15
8.437052449928580138e-15
8.457369346797965982e-15
8.437705697839707155e-15
8.456718225331166380e-15
8.438305657752707686e-15
8.456101372921810667e-15
8.438855719174208579e-15
8.455515837198203260e-15
8.439358897360946439e-15
8.454958783923543141e-15
8.439817861621239654e-15
8.454427482537158958e-15
8.440234959689578679e-15
8.453919291784396315e-15
8.440612238545009264e-15
8.453431645453198504e-15
8.440951462015863598e-15
8.452962038104994809e-15
8.441254125451688046e-15
8.452508010797372048e-15
8.441521467665320876e-15
8.452067136629380190e-15
8.441754480393827311e-15
8.451637006194219404e-15
8.441953915392995444e-15
8.451215212706422582e-15
8.442120289356931586e-15
8.450799336862082600e-15
8.442253886692476182e-15
8.450386931257565175e-15
8.442354760353299581e-15
8.449975504383085645e-15
8.442422730690048909e-15
8.449562504001553272e-15
8.442457382465011261e-15
8.449145299977096706e-15
8.442458059997582023e-15
8.448721166318958414e-15
8.442423860558034410e-15
8.448287262527081559e-15
8.442353625954480426e-15
8.447840614041145401e-15
8.442245932394558298e-15
8.447378091821322022e-15
8.442099078610882825e-15
8.446896390961136998e-15
8.441911072303538285e-15
8.446392008334346236e-15
8.441679614918784809e-15
8.445861219224860659e-15
8.441402084823123860e-15
8.445300052972476977e-15
8.441075518934433815e-15
8.444704267651969872e-15
8.440696592948221591e-15
8.444069323873419941e-15
8.440261600227876788e-15
8.443390357818327915e-15
8.439766429631894750e-15
8.442662153677723396e-15
8.439206542436074216e-15
