# bin_4_1
6.969353089292147369e-05
6.959521474604469095e-05
6.968972194353792698e-05
6.959720819533844239e-05
6.968600979931214223e-05
6.959893687917664872e-05
6.968237534693390105e-05
6.960040400245061831e-05
6.967879953628217148e-05
6.960161131596601482e-05
6.967526328787670249e-05
6.960255912777336615e-05
6.967174740361202706e-05
6.960324631027743560e-05
6.966823248104730959e-05
6.960367030471371647e-05
6.966469883240969439e-05
6.960382712359890515e-05
6.966112640872988791e-05
6.960371135358675739e-05
6.965749473017087984e-05
6.960331615907249133e-05
6.965378282395419754e-05
6.960263328948884469e-05
6.964996917096124131e-05
6.960165309106099477e-05
6.964603166287112697e-05
6.960036452581645783e-05
6.964194757123532320e-05
6.959875519924986281e-05
6.963769353034245959e-05
6.959681139903917395e-05
6.963324553518410588e-05
6.959451814622389580e-05
6.962857895630500784e-05
6.959185926041258326e-05
6.962366857186496477e-05
6.958881743957993178e-05
6.961848861716685177e-05
6.958537435420840433e-05
6.961301285040480782e-05
6.958151075380681228e-05
6.960721463154425357e-05
6.957720658199700718e-05
6.960106700907018110e-05
6.957244109343918971e-05
6.959454280600404087e-05
6.956719296252698577e-05
6.958761469291388892e-05
6.956144036906687547e-05
6.958025523068525457e-05
6.955516104154348415e-05
6.957243686021182785e-05
6.954833223201885197e-05
6.956413181033677465e-05
6.954093059086511079e-05
6.955531188846529763e-05
6.953293190301327795e-05
6.954594811305202955e-05
6.952431064249090442e-05
6.953601014251828785e-05
6.951503929879878111e-05
6.952546545421283374e-05
6.950508743025714568e-05
6.951427823121738832e-05
6.949442040689948763e-05
6.950240792671214364e-05
6.948299782247295976e-05
6.948980749811879795e-05
6.947077158402400587e-05
6.947642133924736990e-05
6.945768373102607029e-05
6.946218299005231696e-05
6.944366409528582155e-05
6.944701277031314185e-05
6.942862798626853670e-05
6.943081556227644925e-05
6.941247416799187719e-05
6.941347904834413234e-05
6.939508347046728209e-05
6.939487277718011066e-05
6.937631842928064572e-05
6.937484845804956293e-05
6.935602434089428161e-05
6.935324183460157745e-05
6.933403201968664975e-05
6.932987632549639397e-05
6.931016230775715833e-05
6.930456830564990739e-05
6.928423199311156623e-05
6.927713342722240347e-05
6.925606024675650633e-05
6.924739278135148010e-05
6.922547406714459181e-05
6.921517709763670657e-05
6.919231068929901959e-05
6.918032678776801379e-05
6.915641474576888353e-05
6.914268577782091971e-05
6.911762850100140135e-05
6.910208808384116848e-05
6.907577502482839765e-05
6.905833818363711542e-05
6.903063678678661203e-05
6.901118926003397581e-05
6.898193537821758537e-05
6.896032651228513571e-05
6.892932067644297713e-05
6.890536432758890900e-05
6.887237780063553024e-05
6.884586404661607113e-05
6.881065563084753207e-05
6.878137175620455991e-05
6.874371079312114111e-05
6.871146374693775586e-05
6.867114851311203940e-05
6.863577589375172302e-05
6.859263381945388124e-05
6.855399135366148009e-05
6.850785319918636365e-05
6.846577773274287442e-05
6.841643385972469380e-05
6.837070017987832140e-05
6.831786658336431550e-05
6.826817179257505647e-05
6.821149977105058144e-05
6.815750126096272832e-05
6.809664021729402127e-05
6.803803290004808448e-05
6.797270499330675337e-05
6.790927327949249017e-05
6.783928424182258271e-05
6.777086165367376893e-05
6.769601294566153461e-05
6.762236758693742137e-05
6.754235007741142072e-05
6.746312703690790394e-05
6.737754366464994947e-05
6.729237545122144202e-05
6.720091242719718595e-05
6.710959185215152742e-05
6.701211985030294197e-05
6.691457353468708560e-05
6.681098761072160270e-05
6.670704391869732963e-05
6.659707328767784651e-05
6.648642972738362804e-05
6.636981184815772517e-05
6.625234995427408443e-05
6.612911695799029304e-05
6.600497472572464054e-05
6.587523603103018557e-05
6.574441876429834293e-05
6.560807091350979124e-05
6.547050612185251227e-05
6.532764316624552897e-05
6.518365481639093223e-05
6.503470321058538498e-05
6.488464522711022300e-05
6.472978885666943647e-05
6.457381338004514074e-05
6.441338658372680332e-05
6.425210408490790936e-05
6.408679908534925052e-05
6.392073791362795892e-05
6.375089547135898778e-05
6.358049426132475067e-05
6.340684454602966351e-05
6.323295541473490980e-05
6.305611896917752771e-05
6.287914590251145945e-05
6.269966695863219341e-05
6.252042738667576405e-05
6.233901303384589449e-05
6.215786540550877768e-05
6.197485429841296265e-05
6.179240400280443029e-05
6.160829177285049262e-05
6.142463839745393255e-05
6.123952218582339130e-05
6.105497237963021344e-05
6.086888244304169439e-05
6.068315866969529738e-05
6.049599569566151662e-05
6.030896916377879069e-05
6.012023632396960339e-05
5.993150518855073420e-05
5.974088842655250709e-05
5.954985751938995730e-05
5.935687023623938509e-05
5.916317253947645611e-05
5.896728156135601037e-05
5.877059601617185637e-05
5.857154732814935438e-05
5.837162633282487256e-05
5.816940567240038080e-05
5.796625337459684375e-05
5.776100934358146892e-05
5.755487961684941555e-05
5.734689914911357268e-05
5.713816567250936280e-05
5.692779123075422058e-05
5.671679088000336402e-05
5.650427457830545225e-05
5.629116333968081117e-05
5.607653220314162652e-05
5.586119755094347142e-05
5.564420682031056349e-05
5.542628990496030212e-05
5.520650866525229330e-05
5.498555578352846919e-05
5.476256840431644807e-05
5.453825966882791532e-05
5.431188999802652521e-05
5.408422166122738364e-05
5.385463802259802076e-05
5.362392122026403743e-05
5.339151620524819477e-05
5.315814568601375081e-05
5.292322694454885490e-05
5.268734943370387465e-05
5.244985648713205003e-05
5.221120764502789328e-05
5.197072374710047776e-05
5.172883381640410247e-05
5.148495509880880846e-05
5.123959946344770105e-05
5.099234632583761213e-05
5.074378816268927336e-05
5.049358172347113028e-05
5.024225795667203214e-05
4.998938973708677921e-05
4.973533123540582745e-05
4.947954803294904376e-05
4.922231290064899863e-05
4.896316598276911984e-05
4.870250004840708251e-05
4.844005186844938578e-05
4.817631136231005407e-05
4.791103377415072183e-05
4.764455604626043419e-05
4.737645951862830978e-05
4.710691947765945645e-05
4.683554103173788533e-05
4.656264090948020374e-05
4.628805839149845202e-05
4.601221326383093089e-05
4.573488939117387382e-05
4.545626959665676636e-05
4.517595816933214634e-05
4.489412273468831914e-05
4.461059174210599363e-05
4.432575272769548878e-05
4.403948069588443356e-05
4.375193596455384851e-05
4.346276457494985219e-05
4.317211352746011679e-05
4.287989866151573396e-05
4.258647135693963343e-05
4.229166049829514182e-05
4.199550714313913602e-05
4.169775502876978173e-05
4.139868797617759247e-05
4.109830465810911625e-05
4.079673943716446673e-05
4.049369256355416722e-05
4.018932073425614103e-05
3.988365991841766550e-05
3.957690007825092010e-05
3.926876612928187251e-05
3.895937448898234291e-05
3.864878547524211330e-05
3.833715691614566796e-05
3.802422912131566394e-05
3.771016653679393411e-05
3.739502828162332375e-05
3.707886174735958694e-05
3.676151502207599406e-05
3.644323397914822740e-05
3.612391913191144969e-05
3.580361618261580499e-05
3.548238882711954637e-05
3.516028390392910878e-05
3.483719564322082014e-05
3.451339416898148481e-05
3.418870700901038341e-05
3.386322999472049110e-05
3.353707476331815017e-05
3.321018555309869258e-05
3.288263625521987109e-05
3.255447014775857476e-05
3.222570445256228683e-05
3.189646450301238952e-05
3.156663906999264006e-05
3.123643703378195671e-05
3.090577322697266049e-05
3.057481201784111957e-05
3.024346217366390792e-05
2.991191066781362482e-05
2.958011208214564596e-05
2.924817799437629966e-05
2.891607737456446391e-05
2.858397638713078807e-05
2.825183222397448850e-05
2.791975824818754672e-05
2.758775067800994541e-05
2.725594691114585719e-05
2.692432490816269641e-05
2.659299680448903025e-05
2.626197353310257050e-05
2.593138488719607494e-05
2.560121353995875731e-05
2.527157774240479572e-05
2.494250015348904853e-05
2.461409193914105558e-05
2.428635555054374010e-05
2.395940169882350207e-05
2.363327056309088198e-05
2.330805322765106799e-05
2.298377833400918908e-05
2.266054609819860663e-05
2.233840283507443607e-05
2.201743468156910642e-05
2.169768101379426222e-05
2.137923844202282300e-05
2.106215704386762839e-05
2.074651678099023806e-05
2.043236299568982866e-05
2.011979596430810423e-05
1.980885674388474675e-05
1.949963069037483811e-05
1.919216185187743934e-05
1.888655034690608705e-05
1.858283291337710971e-05
1.828109670867997740e-05
1.798138552337134392e-05
1.768379161861115701e-05
1.738835233174628792e-05
1.709515162921485838e-05
1.680423297048020155e-05
1.651568047607450250e-05
1.622953185145965580e-05
1.594586556418649812e-05
1.566472527159298744e-05
1.538618297364242380e-05
1.511027958224595786e-05
1.483708500729454060e-05
1.456664230684459556e-05
1.429901246106921446e-05
1.403423285862466541e-05
1.377236511454072797e-05
1.351344760228896927e-05
1.325752999320574893e-05
1.300464534173329168e-05
1.275484607622896667e-05
1.250815813486262419e-05
1.226462549391250044e-05
1.202427340603897082e-05
1.178714373175427745e-05
1.155325577954297330e-05
1.132264647321319919e-05
1.109533312706824617e-05
1.087134975903349102e-05
1.065070787195926885e-05
1.043343467644636172e-05
1.021953717211968226e-05
1.000903848487165499e-05
9.801936106659175034e-06
9.598243990658040812e-06
9.397962039267649387e-06
9.201098539338829039e-06
9.007643998116654749e-06
8.817603149438549997e-06
8.630968755547888317e-06
8.447737675125084746e-06
8.267894902150024360e-06
8.091434824833411231e-06
7.918336012840851979e-06
7.748586678777921811e-06
7.582163929434990308e-06
7.419052583522340109e-06
7.259225309698282213e-06
7.102658358781493476e-06
6.949319843076496167e-06
6.799184035721341575e-06
6.652215026493832598e-06
6.508382500510194056e-06
6.367648829992973991e-06
6.229986290258280349e-06
6.095352374337614143e-06
5.963707111429212167e-06
5.835002021588949271e-06
5.709200044177489041e-06
5.586255822418960529e-06
5.466130146489292756e-06
5.348775965704931620e-06
5.234148133391326262e-06
5.122193224140486176e-06
5.012865329444503215e-06
4.906115329584335358e-06
4.801895180026190699e-06
4.700150189176516539e-06
4.600834998764062010e-06
4.503900818253388622e-06
4.409296681410929141e-06
4.316964964282056769e-06
4.226856018480022511e-06
4.138921201910748906e-06
4.053111903924762490e-06
3.969370745810677158e-06
3.887647131999652855e-06
3.807893211232742672e-06
3.730059512940216061e-06
3.654093684585954360e-06
3.579950681859362101e-06
3.507577264111368098e-06
3.436922897866897585e-06
3.367942128056859533e-06
3.300594527690184840e-06
3.234825070925669394e-06
3.170588171728044882e-06
3.107841938198540715e-06
3.046542290710206061e-06
2.986641377112204741e-06
2.928099551839829495e-06
2.870876656356674068e-06
2.814933856477106904e-06
2.760221966606387195e-06
2.706708596278857763e-06
2.654358704792552281e-06
2.603131645993061879e-06
2.552989089341850715e-06
2.503897021101242422e-06
2.455824889711963198e-06
2.408738190522032077e-06
2.362601793182710181e-06
2.317384592754949081e-06
2.273062008441108215e-06
2.229599040579490939e-06
2.186966728148050762e-06
2.145143579531010265e-06
2.104103040264636721e-06
2.063815056180667071e-06
2.024254503323432821e-06
1.985406143391151371e-06
1.947244582628272616e-06
1.909742842435880070e-06
1.872882902343602215e-06
1.836651175840905457e-06
1.801022261246850771e-06
1.765975678404272924e-06
1.731499441757057134e-06
1.697579943928288861e-06
1.664193301222183980e-06
1.631325815427045103e-06
1.598970501220218291e-06
1.567113990792155936e-06
1.535733187754377676e-06
1.504819157598446046e-06
1.474370042037482882e-06
1.444369455730139586e-06
1.414801104891423374e-06
1.385659223234399555e-06
1.356942979464279755e-06
1.328634483734604904e-06
1.300723029970404877e-06
1.273208272630084392e-06
1.246087458707408089e-06
1.219341473328653344e-06
1.192966345775490689e-06
1.166968248017156464e-06
1.141338247630437009e-06
1.116060213845878423e-06
1.091133312797927642e-06
1.066565944202278461e-06
1.042345841677605090e-06
1.018462411475705760e-06
9.949179989639161436e-07
9.717195242472953345e-07
9.488505796281973388e-07
9.263069728481573986e-07
9.040967447823980835e-07
8.822207907519204927e-07
8.606610824896653391e-07
8.394188607559363296e-07
8.185078789012309529e-07
7.979201217627770477e-07
7.776417041369508886e-07
7.576761905195977391e-07
7.380370022861864268e-07
7.187113658577173513e-07
6.996913928989732799e-07
6.809833321800718101e-07
6.625971098651002781e-07
6.445145695467871334e-07
6.267345085009177046e-07
6.092690955122608054e-07
5.921186799109057000e-07
5.752649403940393074e-07
5.587107916163939379e-07
5.424726122302725359e-07
5.265395544393700439e-07
5.109003919671824444e-07
4.955592546058503399e-07
4.805292154634098065e-07
4.657952877802997792e-07
4.513518638714480995e-07
4.372045775996046216e-07
4.233626064345628196e-07
4.098054043032377875e-07
3.965336062039628561e-07
3.835582900633264254e-07
3.708765295192933527e-07
3.584718911402822983e-07
3.463458504284025386e-07
3.345125546059771602e-07
3.229588218169184241e-07
3.116762046725627319e-07
3.006664727881136187e-07
2.899398868836689463e-07
2.794798894750904896e-07
2.692829468552107122e-07
2.593525038784547231e-07
2.496935251738390432e-07
2.402871663991553623e-07
2.311337598430066915e-07
2.222413817252359526e-07
2.136040366214069114e-07
2.052096715715013817e-07
1.970581165234909657e-07
1.891596347348170995e-07
1.815021136335953544e-07
1.740811948814055421e-07
1.668973512217451439e-07
1.599586943209133196e-07
1.532512463895094964e-07
1.467738650899711527e-07
1.405274394843489796e-07
1.345114035332038376e-07
1.287087647912549100e-07
1.231146317248525863e-07
1.177280348040864690e-07
1.125355818626723500e-07
1.075232418503699693e-07
1.026826784199291207e-07
9.801300937785330974e-08
9.349931801140419794e-08
8.913513996228071169e-08
8.491560133755479171e-08
8.084198199809808456e-08
7.690120711605272990e-08
7.308989870893071221e-08
6.940506807157068443e-08
6.584348208994616811e-08
6.239709304845942263e-08
5.906622774280755864e-08
5.585610855409501524e-08
5.276433463533896164e-08
4.979033045497312378e-08
4.693134596961398635e-08
4.418733508120866323e-08
4.155028718744973489e-08
3.901946622151913663e-08
3.659340728240141613e-08
3.427525790552227963e-08
3.206025892535419952e-08
2.994818989812692946e-08
2.793646411237193878e-08
2.602234050515612516e-08
2.420220963361743858e-08
2.247418615932906096e-08
2.083790328821470617e-08
1.928871673154173569e-08
1.782295763391434546e-08
1.643530087793876506e-08
1.512686259834125432e-08
1.389848074680489742e-08
1.274847587919178422e-08
1.166563173501945895e-08
1.064366738426056851e-08
9.684490828510924039e-09
8.792395355762353272e-09
7.962371215782791013e-09
7.186816060066308482e-09
6.462934323965441762e-09
5.788712997774618715e-09
5.162440674172130779e-09
4.582823569295612779e-09
4.048923411117139476e-09
3.556156436184741625e-09
3.098952073747611510e-09
2.674583328181030896e-09
2.289095304691804454e-09
1.939870899745854257e-09
1.614720333713770881e-09
1.314954699852428024e-09
1.046954399371738277e-09
8.056117439606850838e-10
5.833178918389133027e-10
3.801672585341395224e-10
1.997158623911903703e-10
3.787516366537533679e-11
-1.096741793026507906e-10
-2.431863514289612182e-10
-3.588685165181477131e-10
-4.606166942342379809e-10
-5.550198140588660715e-10
-6.353216593278264023e-10
-7.026098950363612716e-10
-7.675105924451770254e-10
-8.188323681644983854e-10
-8.597099722520480136e-10
-8.978628752623435632e-10
-9.262869551625497736e-10
-9.479095112310895723e-10
-9.670103103531026092e-10
-9.775133241206272825e-10
-9.863372637904812517e-10
-9.908959810419814691e-10
-9.926293896112686278e-10
-9.930047718383796852e-10
-9.880672359271849584e-10
-9.829730690569032539e-10
-9.742214932161210196e-10
-9.644887944730269660e-10
-9.510544816224362306e-10
-9.362285946198160332e-10
-9.202141680362447246e-10
-9.032321370181954705e-10
-8.851540262484195785e-10
-8.670831571860084657e-10
-8.499303609214684815e-10
-8.329916945944302826e-10
-8.152546554462607428e-10
-7.965507753817765715e-10
-7.769552130173953698e-10
-7.572158911949495486e-10
-7.372469612555880144e-10
-7.173197180359165600e-10
-6.981665510840785252e-10
-6.806757733233810694e-10
-6.638629625492832495e-10
-6.469785726862404109e-10
-6.290927085349869534e-10
-6.106870978402748408e-10
-5.924165382296287627e-10
-5.756648994203744506e-10
-5.600242785946021845e-10
-5.456053305867519039e-10
-5.313023320205548618e-10
-5.155098738694688608e-10
-5.000052131797508028e-10
-4.855042118278638749e-10
-4.716324823997851034e-10
-4.589414680246864959e-10
-4.470443043324235622e-10
-4.339103943491333544e-10
-4.196501651599004275e-10
-4.071942583482738833e-10
-3.974193671855108257e-10
-3.867560565546679392e-10
-3.743635366181509467e-10
-3.621579215518177717e-10
-3.524679895289866234e-10
-3.437267812968979030e-10
-3.334182800718348585e-10
-3.224047186764566105e-10
-3.128927460462566767e-10
-3.045684233752791670e-10
-2.957676581978257062e-10
-2.856441142924507316e-10
-2.768041852885618489e-10
-2.688443411604190823e-10
-2.602577210660594297e-10
-2.508898258259289282e-10
-2.432545902579030115e-10
-2.354143773584856579e-10
-2.265300706297893336e-10
-2.187706553378703556e-10
-2.116797044961119347e-10
-2.028504204999327752e-10
-1.949988615686791816e-10
-1.881272893801244976e-10
-1.794873100218096025e-10
-1.718810349056147000e-10
-1.645878134280786281e-10
-1.565958536728368895e-10
-1.495773311171582747e-10
-1.415843287252580101e-10
-1.342881907743846834e-10
-1.271611989437852491e-10
-1.190930603941625041e-10
-1.121129743893072163e-10
-1.048185499381619124e-10
-9.788717723441818045e-11
-9.051413657601562302e-11
-8.387609873128598588e-11
-7.714011495207820868e-11
-7.047739519655743648e-11
-6.370320876012250281e-11
-5.762803401614778194e-11
-5.172881788094834190e-11
-4.579737266496375532e-11
-4.002165115835797455e-11
-3.467749373843498029e-11
-2.945080079739327211e-11
-2.441899632264498080e-11
-1.995807485209707408e-11
-1.604854690906983522e-11
-1.206192396310453355e-11
-8.371424528919729501e-12
-5.300882823553001344e-12
-2.905241639863165733e-12
-5.275523116188655736e-13
1.456071125503090923e-12
2.950423015638039290e-12
3.843016877691845774e-12
4.630912940797024170e-12
4.987314152921819274e-12
5.026271203190251077e-12
4.724648347648086335e-12
4.320971237146588519e-12
3.518875679123455342e-12
2.436965915718702671e-12
1.268728377262173436e-12
8.057303328191149268e-14
-1.213575943270243167e-12
-2.591989814175708824e-12
-3.722477048623265732e-12
-4.684487161679824919e-12
-5.594784631985830635e-12
-6.351345600897225884e-12
-6.671168059676297638e-12
-6.950801926903214280e-12
-7.076086481226640812e-12
-6.758887150859996481e-12
-6.162088728422265228e-12
-5.401326879821350419e-12
-4.523579827551871069e-12
-3.536381808300359358e-12
-2.468004955001833548e-12
-1.493130285309660356e-12
-6.659155612233366087e-13
2.084500548600002940e-13
8.363692127136172216e-13
1.268787971918908457e-12
1.315111688533398195e-12
1.245119758300579638e-12
9.092434894448424436e-13
4.652932347642837762e-13
-5.684351952690120571e-14
-5.802579208968633739e-13
-1.177465149257779336e-12
-1.648946412785496769e-12
-1.821023677997603131e-12
-1.806351685155040340e-12
-1.674544544718546152e-12
-1.385964857656376334e-12
-9.203506306829496885e-13
-3.818144907880121694e-13
7.196813102474641240e-14
3.519906889717332266e-13
5.320382458066513262e-13
5.545561386644110044e-13
3.571858915981833083e-13
1.279305148757629706e-14
-3.178985001786432757e-13
-5.676042911904113486e-13
-7.905562498249892741e-13
-7.820375990243384438e-13
-5.861512645949870727e-13
-3.050904621753079109e-13
-4.305486320456017639e-14
2.425154833614264533e-13
3.158493185682927670e-13
2.205475202519587365e-13
4.112960880118718360e-14
-2.044183171251247953e-13
-3.911207919172026864e-13
-3.996116501452926731e-13
-3.120894705078788926e-13
-7.729949398602092939e-14
9.622352017522776984e-14
1.806369792700607836e-13
1.347644486565343783e-13
-3.129470795599637592e-14
-1.821686345710410121e-13
-2.604408982765266467e-13
-1.739419535512363202e-13
-2.316257419493178290e-14
1.114870567357272483e-13
1.147337645785735956e-13
5.277998433305357625e-15
-1.321332427069016124e-13
-1.675441256579303859e-13
-7.345430291296842869e-14
5.028440485279210878e-14
8.987118326354899499e-14
1.206332995376022180e-14
-9.055480986704530250e-14
-1.098331946851451620e-13
-2.011426882865465647e-14
6.298101908223030519e-14
4.419498090952242989e-14
-5.470191451162918141e-14
-8.462593419669238329e-14
-1.062779340061009009e-14
5.600237307495617792e-14
1.225175534156479334e-14
-5.991277568629767151e-14
-4.252401770960997051e-14
3.406825031156937379e-14
2.709310854837628606e-14
-4.122785957992828488e-14
-3.684614409491692000e-14
3.110901922593890080e-14
1.475036849529043431e-14
-4.057943349148364714e-14
-1.133925414361547639e-14
3.399224711890735332e-14
-1.754328947899616309e-14
-2.650947546098640610e-14
2.380245610073059539e-14
8.031888697199138982e-16
-3.017589393298808819e-14
2.242312001953736837e-14
-2.300289494529204897e-15
-2.092861329149333982e-14
2.042097155146366505e-14
-9.258639171519381069e-15
-1.044124465440286699e-14
2.063530805309916470e-14
-2.417840338760354112e-14
1.758224986898881572e-14
-9.301497737603355955e-15
-1.073509165462208363e-16
6.349450165045673302e-15
-1.020546784790747244e-14
1.166365642290415725e-14
-1.115736163696904812e-14
1.049655795653144712e-14
-8.456817768148626713e-15
7.757507852739045464e-15
-5.572698514466663254e-15
5.495599253061321212e-15
-3.477553526093590805e-15
4.017803589850662392e-15
-2.116221908948488204e-15
3.121013012512917257e-15
-1.242804009773173171e-15
2.579825087166440472e-15
-6.646209613031173225e-16
2.244632507378879769e-15
-2.637318243411840621e-16
2.028974234730469046e-15
2.731453668630810152e-17
1.884558781925296511e-15
2.471015915950872241e-16
1.784141643893452518e-15
4.183936733461359146e-16
1.711900282293983274e-15
5.552160095162081787e-16
1.658316696376706738e-15
6.666142062682605827e-16
1.617461623543599239e-15
7.586800612587997660e-16
1.585521340919595599e-15
8.356776003516357752e-16
1.559972753734827524e-15
9.006928902830035743e-16
1.539105311745999778e-15
9.560238672337807397e-16
1.521734488666466098e-15
1.003423141128150444e-15
1.507024671140324204e-15
1.044254621960820783e-15
1.494376596413504694e-15
1.079597855834450777e-15
1.483354038658278745e-15
1.110319584445920213e-15
1.473635022694940673e-15
1.137124130442185797e-15
1.464978746690927317e-15
1.160589720319934612e-15
1.457202787433888904e-15
1.181195226639933173e-15
1.450167167580494353e-15
1.199340230177554483e-15
1.443763080505199001e-15
1.215360323995590576e-15
1.437904824451356977e-15
1.229538962721072398e-15
1.432523977259540137e-15
1.242116758423451964e-15
1.427565153253724772e-15
1.253298858913996965e-15
1.422982889599088437e-15
1.263260865039784803e-15
1.418739345255605897e-15
1.272153619801035783e-15
1.414802589862071774e-15
1.280107116264482633e-15
1.411145323627054369e-15
1.287233709324381593e-15
1.407743914004037626e-15
1.293630772441018979e-15
1.404577666606307826e-15
1.299382907933892523e-15
1.401628270111817853e-15
1.304563795171238972e-15
1.398879370840140295e-15
1.309237743303025655e-15
1.396316244690030580e-15
1.313461000925866190e-15
1.393925541991983799e-15
1.317282865075719264e-15
1.391695087614340271e-15
1.320746623396707688e-15
1.389613722754725191e-15
1.323890357087884703e-15
1.387671178446579158e-15
1.326747627077064203e-15
1.385857973306818112e-15
1.329348062084319163e-15
1.384165329810358450e-15
1.331717863608142756e-15
1.382585104829683691e-15
1.333880240782363303e-15
1.381109731233666164e-15
1.335855785419073232e-15
1.379732168146287552e-15
1.337662796232452397e-15
1.378445857944399764e-15
1.339317559626703608e-15
1.377244688676132460e-15
1.340834593262818732e-15
1.376122960743216451e-15
1.342226857733624800e-15
1.375075357160119377e-15
1.343505940807070531e-15
1.374096916622936307e-15
1.344682218032168511e-15
1.373183009051680734e-15
1.345764992999864364e-15
1.372329313130381394e-15
1.346762619932604989e-15
1.371531795638854168e-15
1.347682611067496402e-15
1.370786692271648373e-15
1.348531730799458786e-15
1.370090489883054777e-15
1.349316078359144388e-15
1.369439909865420171e-15
1.350041160476664204e-15
1.368831892694499033e-15
1.350711955400847102e-15
1.368263583460694549e-15
1.351332969290942895e-15
1.367732318302081048e-15
1.351908286032390969e-15
1.367235611724552597e-15
1.352441611245951416e-15
1.366771144713254496e-15
1.352936311229902313e-15
1.366336753571190303e-15
1.353395447480313082e-15
1.365930419491081784e-15
1.353821807307633751e-15
1.365550258731966073e-15
1.354217931018018610e-15
1.365194513455851694e-15
1.354586136108356172e-15
1.364861543117904466e-15
1.354928538776472177e-15
1.364549816389731415e-15
1.355247073125030684e-15
1.364257903611846581e-15
1.355543508257363951e-15
1.363984469706865118e-15
1.355819463574687801e-15
1.363728267541259487e-15
1.356076422432600899e-15
1.363488131711868925e-15
1.356315744375828102e-15
1.363262972709281885e-15
1.356538676070177768e-15
1.363051771455574990e-15
1.356746361119376932e-15
1.362853574184641844e-15
1.356939848853463786e-15
1.362667487630101082e-15
1.357120102218817860e-15
1.362492674503741301e-15
1.357288004846067577e-15
1.362328349261134627e-15
1.357444367399435645e-15
1.362173774103453582e-15
1.357589933271875004e-15
1.362028255219336153e-15
1.357725383686498589e-15
1.361891139235992671e-15
1.357851342270351468e-15
1.361761809872301301e-15
1.357968379146459158e-15
1.361639684763826909e-15
1.358077014584434107e-15
1.361524212455682105e-15
1.358177722268747525e-15
1.361414869544227013e-15
1.358270932184062105e-15
1.361311157948903877e-15
1.358357033188283299e-15
1.361212602314162130e-15
1.358436375269222946e-15
1.361118747508429320e-15
1.358509271532747858e-15
1.361029156233706772e-15
1.358575999925483420e-15
1.360943406712093183e-15
1.358636804727495798e-15
1.360861090461239862e-15
1.358691897824081069e-15
1.360781810133562696e-15
1.358741459778639713e-15
