# bin_1_1
2.465444730207749978e-05
2.457792791374112642e-05
2.465203957942732827e-05
2.458008734332961596e-05
2.464976331836331446e-05
2.458209830062546846e-05
2.464760878291952543e-05
2.458396862922285949e-05
2.464556671639186449e-05
2.458570549080529724e-05
2.464362829531772426e-05
2.458731539874366550e-05
2.464178508544942987e-05
2.458880424779227375e-05
2.464002899945862116e-05
2.459017734008236720e-05
2.463835225618733393e-05
2.459143940776179607e-05
2.463674734127469326e-05
2.459259463219083550e-05
2.463520696885476797e-05
2.459364666022906710e-05
2.463372404439157710e-05
2.459459861742229625e-05
2.463229162818601368e-05
2.459545311843628360e-05
2.463090289957088790e-05
2.459621227476357599e-05
2.462955112164134252e-05
2.459687769973395365e-05
2.462822960626224138e-05
2.459745051105741625e-05
2.462693167920786092e-05
2.459793133068819006e-05
2.462565064530953038e-05
2.459832028224460799e-05
2.462437975325023874e-05
2.459861698570991900e-05
2.462311215996272531e-05
2.459882054943581938e-05
2.462184089404823747e-05
2.459892955919785191e-05
2.462055881802170746e-05
2.459894206395113402e-05
2.461925858879680478e-05
2.459885555788765549e-05
2.461793261574830497e-05
2.459866695819271212e-05
2.461657301557961276e-05
2.459837257765900241e-05
2.461517156295222364e-05
2.459796809115231535e-05
2.461371963558344698e-05
2.459744849462477162e-05
2.461220815242151530e-05
2.459680805512663208e-05
2.461062750291570733e-05
2.459604024989985166e-05
2.460896746545347541e-05
2.459513769256783833e-05
2.460721711268719347e-05
2.459409204403375349e-05
2.460536470138732413e-05
2.459289390598934450e-05
2.460339754456296115e-05
2.459153269485236265e-05
2.460130186409277068e-05
2.458999649484541874e-05
2.459906262273482038e-05
2.458827188969862400e-05
2.459666333589345628e-05
2.458634377426133100e-05
2.459408586524419410e-05
2.458419514939704596e-05
2.459131019895429386e-05
2.458180690632703108e-05
2.458831422613392211e-05
2.457915760967738743e-05
2.458507351626094243e-05
2.457622329144076731e-05
2.458156111694996632e-05
2.457297727007035028e-05
2.457774738454627199e-05
2.456939000879081446e-05
2.457359986032545081e-05
2.456542902366795687e-05
2.456908319920329944e-05
2.456105884318636682e-05
2.456415914608985499e-05
2.455624100651928322e-05
2.455878653745367169e-05
2.455093406713206925e-05
2.455292128307939433e-05
2.454509354497189506e-05
2.454651626018290031e-05
2.453867175023660046e-05
2.453952103695118065e-05
2.453161739482470356e-05
2.453188134723423077e-05
2.452387492706029450e-05
2.452353827542999199e-05
2.451538358277859258e-05
2.451442718920244482e-05
2.450607624421558735e-05
2.450447657168900074e-05
2.449587832042246751e-05
2.449360702402685991e-05
2.448470696365240883e-05
2.448173077271042938e-05
2.447247094214065379e-05
2.446875194431329673e-05
2.445907132357232365e-05
2.445456760178282545e-05
2.444440275807745371e-05
2.443906909729824745e-05
2.442835468175146816e-05
2.442214286798871116e-05
2.441081145942664571e-05
2.440366972247694550e-05
2.439165072264090614e-05
2.438352228232350616e-05
2.437074016194952115e-05
2.436156155909456004e-05
2.434793448869685911e-05
2.433763496738808427e-05
2.432307511357130841e-05
2.431157805321244877e-05
2.429599392993589039e-05
2.428321983317128035e-05
2.426651920938939819e-05
2.425238787461802821e-05
2.423447843686730153e-05
2.421890781589187104e-05
2.419969427170772379e-05
2.418259666371273735e-05
2.416197724612937064e-05
2.414325770056446955e-05
2.412112558728589980e-05
2.410068671350979684e-05
2.407693718228431362e-05
2.405468653988120632e-05
2.402922180799590011e-05
2.400507216280918705e-05
2.397779675276415530e-05
2.395165887040765984e-05
2.392247399035325590e-05
2.389425697337874883e-05
2.386306862092966646e-05
2.383269343290827385e-05
2.379942503228977304e-05
2.376682938997319662e-05
2.373141601405044185e-05
2.369654228948453548e-05
2.365892220286891905e-05
2.362172180328044830e-05
2.358185409282702118e-05
2.354230761418302326e-05
2.350017983457325011e-05
2.345828610065966790e-05
2.341389539070575377e-05
2.336966508688983758e-05
2.332303478809255923e-05
2.327651692102617809e-05
2.322770612163202808e-05
2.317896954226892213e-05
2.312804780794643374e-05
2.307718141888463786e-05
2.302425630006463563e-05
2.297138738926242000e-05
2.291658503446475663e-05
2.286184564620061043e-05
2.280530947655978212e-05
2.274886513024259736e-05
2.269076088180160694e-05
2.263277362412765930e-05
2.257326407429631696e-05
2.251391230777432490e-05
2.245316990258114666e-05
2.239261310516153778e-05
2.233079134384772770e-05
2.226918812150786630e-05
2.220642549675446226e-05
2.214389600029175432e-05
2.208030558889741330e-05
2.201695123367696132e-05
2.195260428125620403e-05
2.188848668993503802e-05
2.182343005233655699e-05
2.175857169597903356e-05
2.169281416208618347e-05
2.162721540625307437e-05
2.156073587799497710e-05
2.149437371684499788e-05
2.142714055571786217e-05
2.135997849629740213e-05
2.129195804928504289e-05
2.122396333480500971e-05
2.115512773546195444e-05
2.108628126749770041e-05
2.101661619663838541e-05
2.094691442868884908e-05
2.087642024017787975e-05
2.080587071258337508e-05
2.073455536784442668e-05
2.066316688520481495e-05
2.059103411615082900e-05
2.051880508118871562e-05
2.044584369019593806e-05
2.037275460553236484e-05
2.029893517368412158e-05
2.022495071692812773e-05
2.015023317872970414e-05
2.007531466488697111e-05
1.999966407448687712e-05
1.992378608902951442e-05
1.984718717007458310e-05
1.977034699068908315e-05
1.969280596593858120e-05
1.961501652902625332e-05
1.953654571933933029e-05
1.945781435796516330e-05
1.937840940063648263e-05
1.929871900402033418e-05
1.921834930928888600e-05
1.913766181974102873e-05
1.905628778145892628e-05
1.897457185444453322e-05
1.889217590095403478e-05
1.880943199385770405e-05
1.872602874999692722e-05
1.864227908724447007e-05
1.855788632503408637e-05
1.847313544057774341e-05
1.838773836143252707e-05
1.830195605576506621e-05
1.821551822194265052e-05
1.812867666799430818e-05
1.804118886727348038e-05
1.795330075797432401e-05
1.786478792112793687e-05
1.777587520512025843e-05
1.768634032412720627e-05
1.759638326517132465e-05
1.750579300228214920e-05
1.741476524587787144e-05
1.732311645683803892e-05
1.723104058136649210e-05
1.713836420592890859e-05
1.704525627331058345e-05
1.695154017439466618e-05
1.685737115781469242e-05
1.676259544982756404e-05
1.666737490152041639e-05
1.657157101225786749e-05
1.647532414336287787e-05
1.637848848855152066e-05
1.628119301552114701e-05
1.618331664135933619e-05
1.608499578776445508e-05
1.598611336426717443e-05
1.588677814515986636e-05
1.578687257456235304e-05
1.568651422983386701e-05
1.558561136397700183e-05
1.548426755807588693e-05
1.538237647194840604e-05
1.528003481710817353e-05
1.517716471725722945e-05
1.507386205604907561e-05
1.497003419526995140e-05
1.486576555300740129e-05
1.476099218685140536e-05
1.465579883605186038e-05
1.455010315558229655e-05
1.444398257505657175e-05
1.433738407224430630e-05
1.423037828559357025e-05
1.412289905508720668e-05
1.401502085400122832e-05
1.390668930260800589e-05
1.379796759391166616e-05
1.368881212631415209e-05
1.357927844751660710e-05
1.346932069449249782e-05
1.335901009305831356e-05
1.324829296531984098e-05
1.313722395880696073e-05
1.302578218279280233e-05
1.291400930321992100e-05
1.280187281397918930e-05
1.268942218294091660e-05
1.257663613529081045e-05
1.246356195571173525e-05
1.235016188262491501e-05
1.223649421911433077e-05
1.212253631744061289e-05
1.200833190470866544e-05
1.189385273452860491e-05
1.177915516966522508e-05
1.166422234747973990e-05
1.154908748642846719e-05
1.143373541280461314e-05
1.131822090190420324e-05
1.120252548288124694e-05
1.108668302147610389e-05
1.097068728668090405e-05
1.085458596052261267e-05
1.073836506838151665e-05
1.062205932075023926e-05
1.050566810970310712e-05
1.038923576876433938e-05
1.027274902772185841e-05
1.015624623868252440e-05
1.003973243790104021e-05
9.923245392155241276e-06
9.806777358119386849e-06
9.690366199843029340e-06
9.574022934576242145e-06
9.457777022571174831e-06
9.341631079384651461e-06
9.225620894028015623e-06
9.109759781588974315e-06
8.994074269640453195e-06
8.878572634843508065e-06
8.763289294126732159e-06
8.648240224721809145e-06
8.533449754368611128e-06
8.418931396421564854e-06
8.304720403782020501e-06
8.190828162477764574e-06
8.077281891255335753e-06
7.964097044311675496e-06
7.851310208352747167e-06
7.738931363821085875e-06
7.626989964936651158e-06
7.515502041211042888e-06
7.404502042430521859e-06
7.294001537376591619e-06
7.184030818048911009e-06
7.074607070366440447e-06
6.965761665865382683e-06
6.857507571699805522e-06
6.749874867007095539e-06
6.642883490161281423e-06
6.536559307919565334e-06
6.430918652720783557e-06
6.325988537217519228e-06
6.221789793770156250e-06
6.118344894970271104e-06
6.015672093984389659e-06
5.913796634010663610e-06
5.812738770121196102e-06
5.712518399769829578e-06
5.613153762445501725e-06
5.514667963236248338e-06
5.417078421875931754e-06
5.320405056337754857e-06
5.224664488831436597e-06
5.129877189333462420e-06
5.036057875521069814e-06
4.943225536269392735e-06
4.851394738095130285e-06
4.760584350503966796e-06
4.670806909394739162e-06
4.582078885822898535e-06
4.494411833716396486e-06
4.407821768693528283e-06
4.322318622123172248e-06
4.237915305105598375e-06
4.154621749640140928e-06
4.072449377917470551e-06
3.991405906816834161e-06
3.911500364752881631e-06
3.832741181380170353e-06
3.755135666072079376e-06
3.678690244863074699e-06
3.603412024533127707e-06
3.529305192035822313e-06
3.456371352269736273e-06
3.384614289843254563e-06
3.314037118327834490e-06
3.244638904118977123e-06
3.176418965145479035e-06
3.109378245509691065e-06
3.043516316292052787e-06
2.978832563300919710e-06
2.915322876760611273e-06
2.852983200275498401e-06
2.791810047631799144e-06
2.731799346185307304e-06
2.672943022707296501e-06
2.615232787007037995e-06
2.558662458351854667e-06
2.503223286882183967e-06
2.448907054818660663e-06
2.395706403944290360e-06
2.343610281227688617e-06
2.292608371207399253e-06
2.242687319952555031e-06
2.193835211438200638e-06
2.146039013860774612e-06
2.099286560667394109e-06
2.053565289037441287e-06
2.008861817142378010e-06
1.965160167710869304e-06
1.922445716796979054e-06
1.880702412435329527e-06
1.839915787718908141e-06
1.800069629842213941e-06
1.761148301256829014e-06
1.723134667836390760e-06
1.686013414756390460e-06
1.649766560123622656e-06
1.614377790182235603e-06
1.579830008634735688e-06
1.546105545206685150e-06
1.513187195494186128e-06
1.481058876963394100e-06
1.449702308001330450e-06
1.419098833287529566e-06
1.389230827676425995e-06
1.360083416696311789e-06
1.331638429195173805e-06
1.303876928433149647e-06
1.276781725258992697e-06
1.250338662681009383e-06
1.224530005794417364e-06
1.199337498273903530e-06
1.174744966444731695e-06
1.150738553650332877e-06
1.127300146267667589e-06
1.104413567531569657e-06
1.082062916040829879e-06
1.060234329635129383e-06
1.038911819213505571e-06
1.018079835522516472e-06
9.977241756974529843e-07
9.778327786453881586e-07
9.583885383618763358e-07
9.393786158063583094e-07
9.207909905666841725e-07
9.026116736803607269e-07
8.848268727990601228e-07
8.674252482347633867e-07
8.503953812825110228e-07
8.337258999755741028e-07
8.174033735559821104e-07
8.014175061682376225e-07
7.857586940978107494e-07
7.704152759881766929e-07
7.553764208407275433e-07
7.406340669610353906e-07
7.261790414988175143e-07
7.120008828019910633e-07
6.980898618469715356e-07
6.844405502685708439e-07
6.710437841291083823e-07
6.578905299364550990e-07
6.449728879641765201e-07
6.322867067109757603e-07
6.198228107086804152e-07
6.075738262581158626e-07
5.955340457935551999e-07
5.836998689961450143e-07
5.720623068866302048e-07
5.606156250972551700e-07
5.493561993988211418e-07
5.382805500338103357e-07
5.273798360495925504e-07
5.166505169272099392e-07
5.060912077732290459e-07
4.956974162126259379e-07
4.854612778703137346e-07
4.753806487902095639e-07
4.654552709983714054e-07
4.556799078850210993e-07
4.460487628850444073e-07
4.365612807382089308e-07
4.272168965010416404e-07
4.180095344275543054e-07
4.089359498417633205e-07
3.999974197091817658e-07
3.911918988439954876e-07
3.825133788025239336e-07
3.739605889474319316e-07
3.655364370538960401e-07
3.572372637716310395e-07
3.490580631724893045e-07
3.409983700055316142e-07
3.330617877305933031e-07
3.252430996618942407e-07
3.175394529830142341e-07
3.099516635913842062e-07
3.024822808511959073e-07
2.951249147401472854e-07
2.878787268401702253e-07
2.807469259255082587e-07
2.737292789531244375e-07
2.668193179044234135e-07
2.600178661831390678e-07
2.533296703376752166e-07
2.467513836855347836e-07
2.402785868715405593e-07
2.339128859301182416e-07
2.276581577630034142e-07
2.215097320486362449e-07
2.154651184848516996e-07
2.095267600518798121e-07
2.036973462016750097e-07
1.979702746940532448e-07
1.923453777469963285e-07
1.868271066909880610e-07
1.814142250319074214e-07
1.761010810586005971e-07
1.708882213662775826e-07
1.657812384476925778e-07
1.607755348309063269e-07
1.558680565856788083e-07
1.510597887149888249e-07
1.463549679754609847e-07
1.417476640006661701e-07
1.372367496530624182e-07
1.328241368651234691e-07
1.285121729359633018e-07
1.242938135506541845e-07
1.201696443694596804e-07
1.161433345393669073e-07
1.122130235276796268e-07
1.083735597822986825e-07
1.046254042866345947e-07
1.009726812070554780e-07
9.741076225442506790e-08
9.393703285478900258e-08
9.055214389862566293e-08
8.725911417132972877e-08
8.405235616469262429e-08
8.093116633467189439e-08
7.789736130365379276e-08
7.495168619047478129e-08
7.208857621287990864e-08
6.930805428533573886e-08
6.661304801295107196e-08
6.400044537444717034e-08
6.146662523637756045e-08
5.901081840399496455e-08
5.663548254415967280e-08
5.433553232911876176e-08
5.210880191438049689e-08
4.995406242408054968e-08
4.787252057027318414e-08
4.585806007005291231e-08
4.390931890359217778e-08
4.202561054826021684e-08
4.020532821633339961e-08
3.844318519523608322e-08
3.673826940312284934e-08
3.509187240008108341e-08
3.350095360697715112e-08
3.196289341715378253e-08
3.047595927148256754e-08
2.904044588744108766e-08
2.765280563267840580e-08
2.631257457474142672e-08
2.501938610969197885e-08
2.377386600218733881e-08
2.257189099245977910e-08
2.141271468318137794e-08
2.029650383063236124e-08
1.922287467241609173e-08
1.819004224107840760e-08
1.719692915716702186e-08
1.624375696665124584e-08
1.532830660624101003e-08
1.445029895912141544e-08
1.360867786035756389e-08
1.280357398011932599e-08
1.203263157116275601e-08
1.129568775667480782e-08
1.059155026001482578e-08
9.920267335676908291e-09
9.280124335830404527e-09
8.670802604432371505e-09
8.091159527795934431e-09
7.540457813873314784e-09
7.018415060930731386e-09
6.523805435133928469e-09
6.055371449945871363e-09
5.612206176091326700e-09
5.194319725941164264e-09
4.799450679018294331e-09
4.426927246658998156e-09
4.076193244015985989e-09
3.745911458277166245e-09
3.434598965886783887e-09
3.142525949187229551e-09
2.868213846000650343e-09
2.610975469296626712e-09
2.370983961562257018e-09
2.146394196563805464e-09
1.937638920774451662e-09
1.743750633652863515e-09
1.563008690475501796e-09
1.395315604949707275e-09
1.239228559829786151e-09
1.094078462141103016e-09
9.590271264902447242e-10
8.338172010756047240e-10
7.184980286450211464e-10
6.122908633930869806e-10
5.148801243995325565e-10
4.261413589919386118e-10
3.452825778791947152e-10
2.707147554605595083e-10
2.019769911153391548e-10
1.388227570866581038e-10
8.104674433273216218e-11
2.853744073660893790e-11
-1.826052112795918015e-11
-5.960709465806407037e-11
-9.666895903496073762e-11
-1.306819010817596822e-10
-1.617689395083909840e-10
-1.899491970865379255e-10
-2.148085162172240675e-10
-2.359292115533367030e-10
-2.534873741591190133e-10
-2.689484454678684891e-10
-2.835272062413316029e-10
-2.966998104595257142e-10
-3.074357703680663707e-10
-3.153090569869800088e-10
-3.214039902007642689e-10
-3.268763134154833066e-10
-3.320751088215921273e-10
-3.358789114371289512e-10
-3.376273448395818786e-10
-3.379144868102697750e-10
-3.383339007514420546e-10
-3.389944692576688790e-10
-3.382968108922477425e-10
-3.357634092266940515e-10
-3.331256341258454659e-10
-3.315186677322035752e-10
-3.290081900930538755e-10
-3.247403850062619807e-10
-3.207316958967434419e-10
-3.178272698739533041e-10
-3.137282176231591093e-10
-3.084470026775899294e-10
-3.042814515383493560e-10
-3.002540850259351848e-10
-2.948082490795827930e-10
-2.898857183077762153e-10
-2.855346250675999100e-10
-2.797862581998683126e-10
-2.746358953406967821e-10
-2.701733638536804472e-10
-2.643007371592516679e-10
-2.590644839778204042e-10
-2.543538969476274989e-10
-2.485481479863611627e-10
-2.437447127386756564e-10
-2.382176877405160677e-10
-2.332035179387635171e-10
-2.282426195955525132e-10
-2.226875270673360782e-10
-2.178637601726222382e-10
-2.126283406701019270e-10
-2.076308694452218888e-10
-2.022064066481973123e-10
-1.972063295127268724e-10
-1.920237573967362076e-10
-1.867989453157278562e-10
-1.814934460104664686e-10
-1.764183869140131821e-10
-1.712554328802922623e-10
-1.660590297671192816e-10
-1.608802946053894435e-10
-1.558471189215625284e-10
-1.506560121881385580e-10
-1.453800040770451746e-10
-1.401130876107949462e-10
-1.349412071541961922e-10
-1.295366776528328989e-10
-1.242024355291456397e-10
-1.189049251411578455e-10
-1.137329770133253601e-10
-1.084033019528509522e-10
-1.031539848474681086e-10
-9.789706344992412118e-11
-9.265536064807839672e-11
-8.724265796082016076e-11
-8.198771928960088359e-11
-7.682298154163082887e-11
-7.169154204326096284e-11
-6.655513587816191558e-11
-6.157762817788739729e-11
-5.666600522446020009e-11
-5.168885735216712195e-11
-4.679606615631703126e-11
-4.215564758563359926e-11
-3.771728826416609820e-11
-3.332583845886158874e-11
-2.908658974246063708e-11
-2.505761999098546769e-11
-2.119804861612118441e-11
-1.752280418687863550e-11
-1.421359656486504829e-11
-1.121361641419938681e-11
-8.310719182127405668e-12
-5.620270378363782524e-12
-3.341775828419070219e-12
-1.477101005940779260e-12
2.422342750935477082e-13
1.718540673428952030e-12
2.843591609045968538e-12
3.575735953194021371e-12
4.125597580941587776e-12
4.405114236263245451e-12
4.407644740812486260e-12
4.121542866456261347e-12
3.680141360171075497e-12
3.041235566433287774e-12
2.226276721672545836e-12
1.300407767946833307e-12
3.634495274482054691e-13
-5.975016502535330508e-13
-1.618138254399946757e-12
-2.528902229551126657e-12
-3.296605011985607128e-12
-4.017957545077076363e-12
-4.644617157170359427e-12
-4.958797145384445480e-12
-5.151075948710290911e-12
-5.200689872138180914e-12
-4.956357047291171316e-12
-4.532811988347229529e-12
-3.991406169314628178e-12
-3.336633504089261155e-12
-2.601329485859581585e-12
-1.799705805874414780e-12
-1.062269647206818549e-12
-3.860544427782266072e-13
2.603454576639960380e-13
7.155035858004564387e-13
1.007428708700200195e-12
1.062673321984231415e-12
1.019236793686277178e-12
7.686846498215506974e-13
4.249147788183475307e-13
2.729029562595730808e-15
-4.145155417454969043e-13
-8.437668951781983857e-13
-1.180881999119420654e-12
-1.351550520130670999e-12
-1.361176649174874966e-12
-1.247465147237313853e-12
-1.015543687419696273e-12
-6.690690424834957558e-13
-2.831560089459315063e-13
6.352512024564608878e-14
3.134340008583121134e-13
4.413752189257881990e-13
4.290978185322417878e-13
2.824747499835616256e-13
4.728171311983034672e-14
-2.265112772454861196e-13
-4.452883226974025687e-13
-5.752127025757416477e-13
-5.700582931961353522e-13
-4.507691118769064121e-13
-2.233709336555033899e-13
-1.122799735471350969e-15
1.758246186354749081e-13
2.458967704537069562e-13
1.916212758058808373e-13
2.258641754098101121e-14
-1.441093848509653254e-13
-2.786411598990405517e-13
-3.145413550649115196e-13
-2.208889791514500798e-13
-6.361591461398878357e-14
7.803879202574329961e-14
1.503199397993783288e-13
9.996658217849534152e-14
-1.445653771473641794e-14
-1.431086084575650546e-13
-1.908591048098034243e-13
-1.310675301085448057e-13
-1.246911076860029121e-14
8.535388246447648468e-14
8.854779550396207096e-14
5.373515676803501480e-15
-9.631968676971323765e-14
-1.255380309710161604e-13
-5.670585630331041720e-14
3.903411317663350746e-14
7.149118489751885390e-14
1.005225064684119492e-14
-6.860094529546090328e-14
-8.281316444760755451e-14
-1.405235204344534220e-14
4.817801819882906516e-14
3.373266646685245108e-14
-4.002282065560077800e-14
-6.401966444652841587e-14
-9.269539504910657989e-15
4.399997800253243232e-14
1.005519531425143237e-14
-4.627195168182827994e-14
-3.230071126632559792e-14
2.654227167276587194e-14
2.032515198726156145e-14
-3.113429850550953211e-14
-2.854498806428889669e-14
2.391464793918356542e-14
1.133050200350315009e-14
-3.165541765692370987e-14
-8.291040158872273532e-15
2.555576371583274393e-14
-1.376017199643624685e-14
-2.021041449291199105e-14
1.773356987523744316e-14
3.524687064321755167e-16
-2.331487913201067478e-14
1.684158715980267642e-14
-2.262831826626100084e-15
-1.607230650835430765e-14
1.494683961538224471e-14
-7.222546808111759238e-15
-8.512296888326396545e-15
1.542003046459134061e-14
-1.888955127357304688e-14
1.298197062402300966e-14
-7.508530138121927809e-15
-5.519214707850935369e-16
4.417433036189188016e-15
-8.264025693575146308e-15
8.447208913619625601e-15
-8.993396063795789312e-15
7.536054048616748886e-15
-6.938052551281969510e-15
5.430997086472709267e-15
-4.744301161723355777e-15
3.693883872099223630e-15
-3.152988124463978803e-15
2.557555990457075891e-15
-2.121302046452323301e-15
1.866218989856546005e-15
-1.461311991330013088e-15
1.447420438873163551e-15
-1.025910823769896245e-15
1.186725521124539636e-15
-7.251141516468419067e-16
1.017977381883176351e-15
-5.075018951915154272e-16
9.041966692744078970e-16
-3.436944908862619061e-16
8.244955049998525890e-16
-2.163850282600499150e-16
7.667222705109571873e-16
-1.149319119804527089e-16
7.235506240090830029e-16
-3.248818628805769956e-17
6.904034861531392211e-16
3.554487458847863336e-17
6.643264937741925196e-16
9.237694165922946376e-17
6.433568751841377233e-16
1.403241216099307824e-16
6.261574255669033253e-16
1.811059442221819778e-16
6.117969461181238144e-16
2.160301303418400130e-16
5.996143658386973880e-16
2.461116145428292453e-16
5.891322583533628646e-16
2.721517009636480117e-16
5.800004123977345201e-16
2.947922507259420427e-16
5.719581990295135920e-16
3.145537565945878221e-16
5.648089897078325308e-16
3.318627294015694608e-16
5.584024727055741052e-16
3.470718136987484526e-16
5.526222483655790917e-16
3.604748418326608334e-16
5.473770142934212090e-16
3.723182897260974511e-16
5.425942294044864719e-16
3.828101247913480945e-16
5.382155131947799895e-16
3.921267306097381258e-16
5.341932742143594329e-16
4.004183904333666058e-16
5.304882187413761657e-16
4.078136750118178199e-16
5.270674955823229807e-16
4.144229864532668662e-16
5.239033046911525639e-16
4.203414441348393132e-16
5.209718463943472731e-16
4.256512522553882805e-16
5.182525225244780872e-16
4.304236548082259748e-16
5.157273250122916254e-16
4.347205595203618603e-16
5.133803647348243133e-16
4.385958938298211050e-16
5.111975059124995280e-16
4.420967425226209020e-16
5.091660802699855388e-16
4.452643062972844953e-16
5.072746618029589601e-16
4.481347125306067049e-16
5.055128877975404628e-16
4.507397034929264596e-16
5.038713153130167542e-16
4.531072223966851432e-16
5.023413049974796443e-16
4.552619139147289252e-16
5.009149260417328215e-16
4.572255528325658590e-16
4.995848776255659820e-16
4.590174120670234217e-16
4.983444232639314418e-16
4.606545793696773236e-16
4.971873353248483707e-16
4.621522304794944270e-16
4.961078476309291005e-16
4.635238651913937095e-16
4.951006145160749406e-16
4.647815117729234252e-16
4.941606751301538688e-16
4.659359043242182447e-16
4.932834219706315130e-16
4.669966368891192392e-16
4.924645729490387416e-16
4.679722976525668529e-16
4.917001463583402397e-16
4.688705859399322627e-16
4.909864383129133407e-16
4.696984144116959452e-16
4.903200022783634618e-16
4.704619984559552448e-16
4.896976304017550088e-16
4.711669344957861240e-16
4.891163364100766578e-16
4.718182687012688661e-16
4.885733398967665649e-16
4.724205573561687573e-16
4.880660518355557534e-16
4.729779199696293737e-16
4.875920611754610503e-16
4.734940860819990367e-16
4.871491224422484771e-16
4.739724365499624301e-16
4.867351442345141117e-16
4.744160400371232508e-16
4.863481785361349147e-16
4.748276852868881903e-16
4.859864107883303864e-16
4.752099097224396862e-16
4.856481506463636851e-16
4.755650248139897177e-16
4.853318233901973923e-16
4.758951386126280478e-16
4.850359619162928513e-16
4.762021757913111369e-16
4.847591992866589761e-16
4.764878955015443158e-16
4.845002617886903696e-16
4.767539072857136194e-16
4.842579624692827188e-16
4.770016852957884774e-16
4.840311951148562546e-16
4.772325810011121114e-16
4.838189286439128380e-16
4.774478345628553850e-16
4.836202018793084828e-16
4.776485850321830986e-16
4.834341186860136148e-16
4.778358794983911996e-16
4.832598434417474895e-16
4.780106813110626921e-16
4.830965968103666758e-16
4.781738774738426836e-16
4.829436518173541348e-16
4.783262853013056225e-16
4.828003301861629061e-16
4.784686584254990172e-16
4.826659989288414157e-16
4.786016922095171747e-16
4.825400671699943733e-16
4.787260286442407869e-16
4.824219831864888436e-16
4.788422607719886437e-16
4.823112316512912914e-16
4.789509366936236723e-16
4.822073310633444535e-16
4.790525631938488178e-16
4.821098313493394684e-16
4.791476090334913090e-16
4.820183116309423111e-16
4.792365079308957560e-16
4.819323781368773752e-16
4.793196612711627010e-16
4.818516622569213145e-16
4.793974405645263443e-16
4.817758187214475489e-16
4.794701896794721515e-16
4.817045238982678782e-16
4.795382268740676867e-16
4.816374742028511583e-16
4.796018466364817976e-16
4.815743846030458365e-16
4.796613213614036736e-16
4.815149872210572043e-16
4.797169028701184485e-16
4.814590300163576373e-16
4.797688237871507326e-16
4.814062755496443057e-16
4.798172987916836746e-16
