# bin_5_4
1.167932597231869426e-03
1.167604313749610314e-03
1.167769357483830874e-03
1.167448771588986897e-03
1.167591628781618511e-03
1.167277173268414575e-03
1.167398034815668624e-03
1.167088147148643467e-03
1.167187097486891475e-03
1.166880214113775885e-03
1.166957232707818660e-03
1.166651783956118007e-03
1.166706746961810323e-03
1.166401152630778962e-03
1.166433834891205572e-03
1.166126500671996451e-03
1.166136578223874723e-03
1.165825893112186745e-03
1.165812946405326298e-03
1.165497281296347257e-03
1.165460799360889220e-03
1.165138507048520166e-03
1.165077892867117521e-03
1.164747309698002751e-03
1.164661887070857519e-03
1.164321336528960794e-03
1.164210358740092044e-03
1.163858157264954134e-03
1.163720817876723627e-03
1.163355283223412202e-03
1.163190729331308815e-03
1.162810191786572533e-03
1.162617540052867347e-03
1.162220356795803889e-03
1.161998712546535471e-03
1.161583285393528791e-03
1.161331764992402362e-03
1.160896561675689269e-03
1.160614318275400092e-03
1.160157897263540579e-03
1.159844149859658906e-03
1.159365188523235309e-03
1.159019253994128529e-03
1.158516579633473657e-03
1.158137907115597319e-03
1.157610529987670609e-03
1.157198736503619717e-03
1.156645883497625735e-03
1.156200789211183190e-03
1.155621936223868084e-03
1.155143597037267683e-03
1.154538497388090659e-03
1.154027231841314553e-03
1.153395937269580509e-03
1.152852343871067472e-03
1.152195213817430080e-03
1.151620174103517094e-03
1.150937868177388801e-03
1.150332530063825952e-03
1.149625977973471559e-03
1.148991713489005756e-03
1.148262056446130476e-03
1.147600387950618601e-03
1.146848885924020784e-03
1.146161375704380508e-03
1.145389276209965402e-03
1.144677376277705369e-03
1.143885743035677558e-03
1.143150605404017828e-03
1.142340109554701401e-03
1.141582362617255594e-03
1.140753045569675196e-03
1.139972549651356928e-03
1.139123575137653130e-03
1.138319179755927424e-03
1.137448602944277510e-03
1.136617939164911778e-03
1.135722531737965108e-03
1.134861883775947636e-03
1.133937063719508845e-03
1.133041372049866389e-03
1.132081292327782700e-03
1.131144342198990007e-03
1.130142189062168694e-03
1.129157028475854911e-03
1.128105562552499065e-03
1.127065167098374862e-03
1.125957503563068977e-03
1.124855657745348547e-03
1.123686223061061201e-03
1.122518518566193975e-03
1.121284043471886850e-03
1.120048811467839545e-03
1.118749135679086284e-03
1.117448051653943978e-03
1.116086451093536080e-03
1.114724510062042829e-03
1.113307252140338568e-03
1.111891854216846831e-03
1.110426787991536466e-03
1.108965844513417048e-03
1.107460077437940607e-03
1.105959366932706767e-03
1.104416463913809052e-03
1.102876895405252577e-03
1.101294474163410199e-03
1.099710315180266488e-03
1.098079211390720535e-03
1.096438465099317926e-03
1.094744520062057580e-03
1.093032199283021800e-03
1.091260923693771140e-03
1.089464800183960165e-03
1.087607677599902170e-03
1.085724397515295788e-03
1.083783912170523415e-03
1.081821983910933585e-03
1.079811710544846667e-03
1.077788117740667573e-03
1.075725748543566139e-03
1.073655915923492615e-03
1.071551406981713535e-03
1.069437441264054281e-03
1.067283714157304074e-03
1.065109981841623693e-03
1.062885280643801125e-03
1.060628311066732577e-03
1.058312742336354768e-03
1.055961564272339150e-03
1.053556676473622758e-03
1.051126193372790537e-03
1.048657197848283261e-03
1.046176519410835747e-03
1.043667769539170743e-03
1.041148402585131017e-03
1.038593716419078340e-03
1.036012895430648249e-03
1.033380401030293150e-03
1.030709435121648877e-03
1.027986160174129866e-03
1.025235324889238334e-03
1.022452657181100854e-03
1.019662133824963436e-03
1.016850686181113364e-03
1.014025936316927850e-03
1.011162113565535143e-03
1.008262797865812918e-03
1.005313292499126782e-03
1.002335579850712182e-03
9.993319459569492778e-04
9.963254042265601556e-04
9.933029161198908292e-04
9.902631712997004600e-04
9.871802570759729677e-04
9.840614758833592449e-04
9.809080853203481793e-04
9.777487110598126648e-04
9.745809164868934936e-04
9.714035922238030071e-04
9.681878398148433375e-04
9.649366203928318392e-04
9.616557610933781615e-04
9.583746575093967648e-04
9.550852598257914645e-04
9.517749449413152570e-04
9.484194480255125643e-04
9.450393521538494324e-04
9.416506647039853605e-04
9.382604917926242079e-04
9.348346025766057473e-04
9.313703444276140832e-04
9.278843326291754193e-04
9.244001335068280150e-04
9.208870735113402518e-04
9.173313378597875269e-04
9.137486718873486348e-04
9.101656619409470399e-04
9.065478372179441207e-04
9.028854346029309809e-04
8.992037899072120172e-04
8.955134247471480602e-04
8.917713996933964056e-04
8.879984253407687683e-04
8.842152991629367636e-04
8.803936801689195984e-04
8.765261048953872742e-04
8.726547890384710052e-04
8.687392560418677120e-04
8.647862016134279760e-04
8.608227405210562783e-04
8.568152962270434662e-04
8.527766670608550887e-04
8.487273932471645077e-04
8.446227445305758141e-04
8.405153871197432831e-04
8.363625638537898303e-04
8.321889929903842362e-04
8.279902376159003910e-04
8.237549255291126606e-04
8.195044923728509118e-04
8.152128100247730061e-04
8.109060184624486021e-04
8.065595135536520648e-04
8.021941015952765682e-04
7.977917492442258580e-04
7.933667066181842057e-04
7.889069624782104381e-04
7.844219774974619782e-04
7.799040000008713655e-04
7.753595442232042497e-04
7.707836317222201443e-04
7.661810162670909747e-04
7.615484355868651009e-04
7.568894757881497199e-04
7.522018388569743112e-04
7.474881901144296613e-04
7.427466929057592116e-04
7.379792427344407726e-04
7.331842297740291279e-04
7.283630065775267099e-04
7.235142147096588778e-04
7.186389881136559608e-04
7.137363762227879205e-04
7.088075754047059706e-04
7.038521101225118405e-04
6.988712900660722874e-04
6.938649411575738410e-04
6.888342812635409257e-04
6.837791215161913424e-04
6.787003656008132584e-04
6.735976607172141847e-04
6.684716621426536583e-04
6.633220535860594614e-04
6.581495775701066671e-04
6.529542505045624837e-04
6.477370852212832727e-04
6.424983733664903131e-04
6.372391462249431260e-04
6.319595955861867856e-04
6.266604756149896874e-04
6.213417926453307458e-04
6.160042302267900718e-04
6.106479928093552041e-04
6.052740608410954459e-04
5.998829497434278240e-04
5.944757228967335926e-04
5.890527765417191220e-04
5.836149060828700694e-04
5.781623627804683297e-04
5.726960154578991007e-04
5.672164185635015111e-04
5.617247132509888604e-04
5.562215228387083895e-04
5.507077965608140517e-04
5.451839583523854877e-04
5.396509695596600140e-04
5.341095350633500230e-04
5.285608819741893956e-04
5.230057212669253063e-04
5.174450307478985342e-04
5.118793678840760902e-04
5.063098693603514285e-04
5.007374213145129134e-04
4.951632615202099632e-04
4.895880841830857434e-04
4.840129592199776177e-04
4.784387315354293214e-04
4.728667290163289212e-04
4.672978177809485175e-04
4.617331401911788482e-04
4.561735442389246902e-04
4.506203707774376617e-04
4.450745747825364551e-04
4.395373588929118525e-04
4.340095796581640362e-04
4.284925899981487964e-04
4.229874519430522036e-04
4.174954286463510391e-04
4.120173435608442524e-04
4.065545809227490842e-04
4.011083214374946320e-04
3.956797757172091806e-04
3.902697417108264922e-04
3.848797357511148445e-04
3.795108553234828879e-04
3.741642149063157427e-04
3.688408621103877430e-04
3.635422536308131935e-04
3.582693059814159127e-04
3.530232892026251160e-04
3.478052220124227905e-04
3.426164925043220072e-04
3.374579716930224227e-04
3.323308868764634203e-04
3.272362667920717338e-04
3.221753449802980287e-04
3.171490047936883095e-04
3.121584296314460763e-04
3.072045772382986048e-04
3.022886133547235139e-04
2.974113357883317941e-04
2.925738538610929613e-04
2.877770914614755657e-04
2.830219993514731559e-04
2.783093934397526956e-04
2.736403185810501199e-04
2.690156198368353940e-04
2.644361281120586682e-04
2.599025894939159271e-04
2.554159029998187384e-04
2.509767412340672662e-04
2.465859057367402862e-04
2.422440269864969335e-04
2.379518335259589738e-04
2.337098560086388853e-04
2.295187005608903118e-04
2.253788078765379748e-04
2.212908032698511788e-04
2.172550198318019376e-04
2.132719801047482675e-04
2.093419840930551873e-04
2.054655474045447060e-04
2.016428789508151035e-04
1.978743872374510721e-04
1.941602339608893154e-04
1.905006818682433419e-04
1.868957909048271908e-04
1.833457851415520477e-04
1.798506879286805268e-04
1.764106208391262023e-04
1.730254516324502331e-04
1.696952387271181593e-04
1.664198813247377785e-04
1.631993667654736712e-04
1.600335231209191859e-04
1.569222584752232258e-04
1.538652635383482264e-04
1.508623553065036537e-04
1.479131640863588174e-04
1.450174487339880890e-04
1.421748376956199675e-04
1.393850367647585090e-04
1.366475653365739628e-04
1.339620852599961414e-04
1.313280715012463302e-04
1.287450402383523516e-04
1.262123680318032518e-04
1.237296518880709158e-04
1.212962989897525514e-04
1.189118372724769771e-04
1.165755981501310031e-04
1.142869792618715668e-04
1.120452389143481733e-04
1.098497983553279982e-04
1.076999860540761052e-04
1.055951613645119433e-04
1.035344696171061499e-04
1.015172832499127391e-04
9.954286930108176474e-05
9.761056266062757164e-05
9.571957989310859874e-05
9.386917127327909331e-05
9.205845198968127011e-05
9.028675144210982623e-05
8.855326649112828165e-05
8.685726549931116057e-05
8.519795480962995163e-05
8.357454026991453669e-05
8.198624784584127327e-05
8.043234734372277253e-05
7.891192503482882337e-05
7.742429320745516463e-05
7.596866015377211681e-05
7.454431417227726079e-05
7.315044953742062361e-05
7.178635810206383751e-05
7.045120486818406969e-05
6.914429622088808349e-05
6.786490382901263596e-05
6.661231322192280981e-05
6.538574757798107156e-05
6.418458729753923509e-05
6.300803146822645244e-05
6.185545430505751845e-05
6.072623935831277328e-05
5.961968923306200076e-05
5.853510729484134775e-05
5.747187123415172975e-05
5.642940261470636961e-05
5.540714100119431540e-05
5.440437281151349523e-05
5.342056420049543246e-05
5.245517789992674220e-05
5.150768103803584123e-05
5.057740669731208556e-05
4.966393636670496668e-05
4.876681145243438729e-05
4.788545732230993106e-05
4.701932937566716053e-05
4.616815160475135863e-05
4.533140975649702667e-05
4.450858767139137588e-05
4.369927204666280139e-05
4.290320375891589394e-05
4.211990141706637103e-05
4.134893622316471954e-05
4.059000539596395180e-05
3.984283930134640861e-05
3.910698682092356171e-05
3.838213697687913885e-05
3.766802784413806617e-05
3.696446567576688245e-05
3.627096941644879756e-05
3.558735504510221513e-05
3.491348299311296878e-05
3.424908804788575164e-05
3.359378723994788080e-05
3.294742344445253813e-05
3.230994430956490165e-05
3.168106302361261829e-05
3.106048528358178315e-05
3.044813124049481774e-05
2.984395783619344622e-05
2.924764251241388505e-05
2.865900304872445839e-05
2.807807991379215456e-05
2.750475504072757507e-05
2.693871698144483182e-05
2.637988086885801144e-05
2.582838292416960078e-05
2.528402063665595204e-05
2.474654594802130496e-05
2.421594122510446249e-05
2.369234910418359987e-05
2.317552632130378450e-05
2.266532361471599861e-05
2.216178573373728708e-05
2.166502746207135742e-05
2.117473933649663433e-05
2.069089170710151611e-05
2.021364151503097836e-05
1.974297858388390729e-05
1.927859766395769616e-05
1.882054960725043006e-05
1.836906822587881051e-05
1.792399257306289971e-05
1.748513045492264782e-05
1.705257060797519560e-05
1.662649884002127492e-05
1.620670314111489625e-05
1.579308414107207615e-05
1.538577242783533306e-05
1.498490173392847233e-05
1.459017073954661866e-05
1.420159649237204322e-05
1.381940954536859866e-05
1.344355755504683139e-05
1.307379690635466676e-05
1.271016944408308842e-05
1.235295623221213917e-05
1.200194992910728221e-05
1.165702904432788672e-05
1.131825716704855348e-05
1.098584856315407021e-05
1.065952857749205073e-05
1.033926313949711396e-05
1.002516174215805940e-05
9.717334269610282814e-06
9.415459760766987945e-06
9.119580776010967847e-06
8.829889612123751466e-06
8.546298436410670863e-06
8.268576898225448585e-06
7.996761679312516872e-06
7.731059099930825203e-06
7.471256227532450494e-06
7.217235557394748094e-06
6.969035766663641037e-06
6.726797484197818081e-06
6.490242702302615466e-06
6.259330370943506816e-06
6.034148104852135019e-06
5.814708043714850122e-06
5.600733957754269128e-06
5.392218917712397618e-06
5.189311166165740286e-06
4.991850318899845449e-06
4.799669274937441119e-06
4.612742457348474506e-06
4.431203303394110711e-06
4.254818543400900205e-06
4.083505012163556901e-06
3.917235938780770491e-06
3.756100853575230181e-06
3.599829910454872898e-06
3.448401698934711770e-06
3.301850596102270792e-06
3.160157197327309511e-06
3.023124117623869875e-06
2.890753929751226724e-06
2.763149266327094532e-06
2.640182293440000345e-06
2.521764735693531752e-06
2.407859862485421604e-06
2.298498098545097231e-06
2.193452510502549879e-06
2.092584416006477571e-06
1.995735125683209205e-06
1.902787433769579897e-06
1.813383682096351869e-06
1.727315621171914848e-06
1.644397324192036466e-06
1.564391994403676184e-06
1.487038006018606693e-06
1.412164010283053108e-06
1.339712716969778850e-06
1.269501745066659967e-06
1.201469135788245906e-06
1.135554392119829458e-06
1.071799180416229071e-06
1.010116783923781622e-06
9.505374876766984099e-07
8.930525091909884219e-07
8.377126108971955552e-07
7.844628348584311865e-07
7.333319841219659813e-07
6.843254719214604846e-07
6.374320272018699265e-07
5.926337718501742231e-07
5.499100510603392971e-07
5.092545286902788576e-07
4.706080614995918484e-07
4.339545727033453019e-07
3.992352548643475806e-07
3.664211392534472105e-07
3.354461429975062696e-07
3.062790016643437061e-07
2.788479855860262910e-07
2.531032248745876754e-07
2.289901928955470995e-07
2.064468618764281613e-07
1.853947655439313603e-07
1.657648596024355810e-07
1.475222762404621827e-07
1.305902248334716043e-07
1.148998473678967739e-07
1.003871094003000641e-07
8.701351385772139902e-08
7.469134831666809345e-08
6.335935438826073108e-08
5.297451532596900668e-08
4.349499611740274895e-08
3.483541112746480271e-08
2.694523757329758119e-08
1.979907187360883124e-08
1.334876676793060741e-08
7.523479050559574723e-09
2.290413404928143568e-09
-2.379797021213624871e-09
-6.534247775736811923e-09
-1.022631596196283890e-08
-1.347509911753067865e-08
-1.631242643329540041e-08
-1.878271107123214629e-08
-2.093046321055283101e-08
-2.275271861376960081e-08
-2.428505058399254140e-08
-2.557112408759099975e-08
-2.662765155949605912e-08
-2.745232276915340619e-08
-2.807479528921453182e-08
-2.853649549940392275e-08
-2.884372367104262327e-08
-2.899954426824435126e-08
-2.902314766985576532e-08
-2.895426165966630418e-08
-2.878917163091159293e-08
-2.852746257699314239e-08
-2.819160776916914485e-08
-2.780197931567586481e-08
-2.734335823483402855e-08
-2.682486404798052869e-08
-2.626898566208666855e-08
-2.567150803535442914e-08
-2.504242822950813743e-08
-2.439876175962515794e-08
-2.374516380487673708e-08
-2.306094750092761884e-08
-2.236425964399871714e-08
-2.166019219830105220e-08
-2.095832213123045209e-08
-2.025553577747411544e-08
-1.956312168289302014e-08
-1.887024019994734833e-08
-1.818791159813822034e-08
-1.751660829796505281e-08
-1.685111036178679541e-08
-1.619606152032768197e-08
-1.556463901359795739e-08
-1.494808545452317002e-08
-1.433599216206826911e-08
-1.374708644804975879e-08
-1.317198382524217266e-08
-1.261836555961252937e-08
-1.208044964234058534e-08
-1.155281556963012344e-08
-1.104246340580767746e-08
-1.055934467906495485e-08
-1.009065188688309333e-08
-9.625942692072914349e-09
-9.185082938195768697e-09
-8.779476033967650658e-09
-8.380830493635551240e-09
-7.983281855835720274e-09
-7.609801296967661263e-09
-7.260792605756545624e-09
-6.912266572913794557e-09
-6.571181331675947307e-09
-6.267911475338575545e-09
-5.981978238858859753e-09
-5.684218196680963318e-09
-5.401036895330088198e-09
-5.148003052448511014e-09
-4.901155323078824863e-09
-4.658598654667894353e-09
-4.433242478912320123e-09
-4.220629709557577780e-09
-4.011605240254994820e-09
-3.815097802034617301e-09
-3.632332721413666273e-09
-3.454320477761319411e-09
-3.280773659591124005e-09
-3.121645122363620670e-09
-2.972203861023299308e-09
-2.831378428325957288e-09
-2.685404886199935491e-09
-2.558873954514048982e-09
-2.441979812320955950e-09
-2.326060612737048993e-09
-2.210084889309799205e-09
-2.104886743415622839e-09
-2.010676199981459116e-09
-1.914121169587919757e-09
-1.823369521017752907e-09
-1.737578785993957984e-09
-1.659344391875726848e-09
-1.580668054958449066e-09
-1.507711098833271772e-09
-1.442036398990380367e-09
-1.380654244692922611e-09
-1.312791006522632715e-09
-1.256514945377445451e-09
-1.207116569655321167e-09
-1.153518847375806946e-09
-1.101303913340280174e-09
-1.054417927899555828e-09
-1.012132533295070246e-09
-9.700663175459876499e-10
-9.261140010141076662e-10
-8.901583010949390089e-10
-8.577741171252592814e-10
-8.192124718749008615e-10
-7.858454960480564700e-10
-7.581509442573719123e-10
-7.288089506835790237e-10
-6.975175398724334343e-10
-6.709345274553133604e-10
-6.493783626162598012e-10
-6.225926142830875095e-10
-5.946553219061909127e-10
-5.730130746024116240e-10
-5.552690555403524421e-10
-5.310249722339784726e-10
-5.087553556873949440e-10
-4.908810740237397234e-10
-4.734778539678952769e-10
-4.500483533278509018e-10
-4.320143599354144350e-10
-4.179567702515727210e-10
-4.006355821598034567e-10
-3.800008599885475666e-10
-3.646859085934008110e-10
-3.514077785623834787e-10
-3.334409781497117002e-10
-3.163120319853972648e-10
-3.027146197217379271e-10
-2.901376717849292598e-10
-2.730381048992153897e-10
-2.576067522935688182e-10
-2.446982841507721332e-10
-2.332063932268581543e-10
-2.164485629244351807e-10
-2.028244328440912635e-10
-1.916064164627350422e-10
-1.786977476306674815e-10
-1.641802852990379391e-10
-1.512779901649770467e-10
-1.409325530183170021e-10
-1.279335411065521978e-10
-1.160770589780227449e-10
-1.048799847750094988e-10
-9.562834282859150760e-11
-8.469316625832259791e-11
-7.466126301865965920e-11
-6.509023338549637403e-11
-5.717395620156351746e-11
-4.705914000200959466e-11
-3.890715670723936971e-11
-3.228095569660512450e-11
-2.527136844362873857e-11
-1.826442697126070159e-11
-1.303612790709274751e-11
-9.666270556281795044e-12
-4.856407784968719322e-12
-1.769130191426892801e-12
5.614319663169142525e-13
2.401132628558902367e-12
4.602416344085027335e-12
5.589186277228690140e-12
5.942895050446140370e-12
5.190122092292818659e-12
5.101810742386864383e-12
3.503709194646635472e-12
1.802531470193089314e-12
1.175597003620679042e-13
-1.529474331156747120e-12
-3.543420924675793657e-12
-5.899814490674114402e-12
-7.588865227276169840e-12
-9.369474388258162497e-12
-1.071357011511047702e-11
-1.175692012178791553e-11
-1.185547067489455725e-11
-1.215467381859989573e-11
-1.243938207454612729e-11
-1.228590212771975935e-11
-1.121229849990686114e-11
-9.623459491123295419e-12
-8.014003235953262154e-12
-6.260578666741564483e-12
-4.634953429114820574e-12
-2.986740085142738318e-12
-1.500072784630734095e-12
4.762191461300183420e-14
8.687912557612861996e-13
1.431214696201934589e-12
1.741372515491480628e-12
1.866025710141946600e-12
1.273489460253919235e-12
3.241947744829187512e-13
-5.619473843701222883e-13
-1.152604137040776144e-12
-2.091776835171990630e-12
-2.931491942082362055e-12
-3.084162394528969095e-12
-3.096487785057223975e-12
-3.067276962045208683e-12
-2.496859674025561185e-12
-1.518132477373399816e-12
-7.834783114646125596e-13
-1.543652885977337088e-13
4.812671092765599288e-13
7.969777813429041709e-13
8.609860348475243830e-13
5.930254843748383069e-13
-1.353966431483152544e-13
-5.939216386049260860e-13
-9.464103226407282089e-13
-1.452344700614585033e-12
-1.354884900271044610e-12
-1.030859502772414191e-12
-4.808862194795528247e-13
-9.391919070503410902e-14
3.324082390223591600e-13
5.462141369860020817e-13
2.863666185638399209e-13
7.489442024206981900e-15
-3.584779188537293913e-13
-6.132867268618677744e-13
-6.985692946856987091e-13
-4.824433812000506353e-13
-1.707181794425157627e-13
1.216551471719990213e-13
3.064397303209735835e-13
2.261803480998212619e-13
-4.552152621278390222e-14
-2.904479517468252323e-13
-4.659990895517677022e-13
-2.754723943451976028e-13
-3.304784934862612547e-14
2.071984300701502404e-13
1.906618712511830462e-13
-6.998879147166122906e-15
-2.079802026496028628e-13
-2.530902002341218496e-13
-1.043825425752276430e-13
7.512016796085811739e-14
1.554375557249485147e-13
4.170578512131048857e-14
-1.294906439802438652e-13
-1.821830410075971862e-13
-2.234832984963209109e-14
1.298485220100025271e-13
8.524217332014043444e-14
-8.605395618841039406e-14
-1.176727063973198014e-13
3.733794302967117565e-15
9.849433669931389019e-14
3.744381799757649610e-14
-7.405612075251126129e-14
-6.183115194368637004e-14
7.402338916867325286e-14
6.830310408838169716e-14
-5.794705567037518553e-14
-4.018482536178899877e-14
7.234292537555839554e-14
3.567413860961736357e-14
-4.180415787447274041e-14
-4.879145577881374036e-15
7.636741955670662369e-14
-9.457630403015932524e-15
-2.741331941168389343e-14
6.186871601261464001e-14
1.634187335968399496e-14
-2.668637490484800514e-14
5.295597639846835492e-14
1.818566397102179165e-14
-1.704227412237613738e-14
5.478747009504914405e-14
3.018262642467989779e-15
3.650821687770793586e-15
5.268293078796055493e-14
-1.907032209210639572e-14
4.795103874678667065e-14
5.374157851453728788e-15
1.906526776253350675e-14
3.110713070770021185e-14
2.640146762888440541e-15
3.983319776339074278e-14
1.238428370372848586e-15
3.790004585755158024e-14
5.819596944496496016e-15
3.338781997621396766e-14
1.067851536356870957e-14
2.966667421456345834e-14
1.421954691531570081e-14
2.723919319704647262e-14
1.653782514813198374e-14
2.576916412997866060e-14
1.804132216762160160e-14
2.488445847221833440e-14
1.904951084770432605e-14
2.433824204652402924e-14
1.975822466712820095e-14
2.398793862679710570e-14
2.027977540443466599e-14
2.375397765340489871e-14
2.067867517596059856e-14
2.359152807764304743e-14
2.099319692418829860e-14
2.347460881654639542e-14
2.124708097651391908e-14
2.338763904099266875e-14
2.145575832132321092e-14
2.332095303937818895e-14
2.162970953998007679e-14
2.326836696168747329e-14
2.177633593240588841e-14
2.322581645842497121e-14
2.190104231580721235e-14
2.319056744255675079e-14
2.200788882439927272e-14
2.316074349672914396e-14
2.209999852801669053e-14
2.313503415642645458e-14
2.217982160202081283e-14
2.311250989371668321e-14
2.224931222159867773e-14
2.309250195524522932e-14
2.231005057692689335e-14
2.307452269722828317e-14
2.236332930777443464e-14
2.305821182298463482e-14
2.241021620973289782e-14
2.304329954595178004e-14
2.245160070333778457e-14
2.302958101789093659e-14
2.248822892325838127e-14
2.301689838064311338e-14
2.252073066207524622e-14
2.300512804779594424e-14
2.254964036651841846e-14
2.299417162093524349e-14
2.257541370990780176e-14
2.298394935691723176e-14
2.259844082825146249e-14
2.297439544253885375e-14
2.261905699442400466e-14
2.296545455966100442e-14
2.263755130593579746e-14
2.295707937765528097e-14
2.265417380938181820e-14
2.294922871606440707e-14
2.266914138623828950e-14
2.294186619225860155e-14
2.268264264128225715e-14
2.293495922472376535e-14
2.269484198994945910e-14
2.292847829326596707e-14
2.270588308698034450e-14
2.292239638909566026e-14
2.271589171948426611e-14
2.291668860286542197e-14
2.272497825505911788e-14
2.291133181433821942e-14
2.273323972149889118e-14
2.290630445618596153e-14
2.274076157893683764e-14
2.290158633218489437e-14
2.274761923469131989e-14
2.289715847536806059e-14
2.275387934070795512e-14
2.289300303483568707e-14
2.275960090868405372e-14
2.288910318413225670e-14
2.276483626912864715e-14
2.288544304490318155e-14
2.276963189938127788e-14
2.288200762179275038e-14
2.277402913884905585e-14
2.287878274553330161e-14
2.277806480813706861e-14
2.287575502213794252e-14
2.278177174600108095e-14
2.287291178630787461e-14
2.278517927573550643e-14
2.287024105826796956e-14
2.278831361025019735e-14
2.286773150282036338e-14
2.279119820543909692e-14
2.286537239054921738e-14
2.279385406741446289e-14
2.286315356023268568e-14
2.279630002094541673e-14
2.286106538257244443e-14
2.279855294366651497e-14
2.285909872471440125e-14
2.280062797049211062e-14
2.285724491573632093e-14
2.280253867233829751e-14
2.285549571273713111e-14
2.280429721209169853e-14
2.285384326755471660e-14
2.280591448077570885e-14
2.285228009386518792e-14
2.280740021649455197e-14
2.285079903491057221e-14
2.280876310751806345e-14
2.284939323134403806e-14
2.281001088247410830e-14
2.284805608949693696e-14
2.281115038779695036e-14
2.284678124969674829e-14
2.281218765490751794e-14
2.284556255465708527e-14
2.281312795733127840e-14
2.284439401787480054e-14
2.281397585951155622e-14
2.284326979165983608e-14
2.281473525723358994e-14
2.284218413514612779e-14
2.281540941135193622e-14
2.284113138146753234e-14
2.281600097433399846e-14
2.284010590458249324e-14
2.281651201103875241e-14
2.283910208521066720e-14
2.281694401344360546e-14
2.283811427572119545e-14
2.281729790992656001e-14
2.283713676394645492e-14
2.281757406937943525e-14
2.283616373554759649e-14
2.281777230016670326e-14
2.283518923487729066e-14
2.281789184417547406e-14
2.283420712386071255e-14
2.281793136602894298e-14
2.283321103898632787e-14
2.281788893739152324e-14
2.283219434592261460e-14
2.281776201661775242e-14
2.283115009157931395e-14
2.281754742336607959e-14
2.283007095335776165e-14
2.281724130845143817e-14
2.282894918538355489e-14
2.281683911858902640e-14
2.282777656138176736e-14
2.281633555618302819e-14
2.282654431397283088e-14
2.281572453383720786e-14
2.282524307021765180e-14
2.281499912362800476e-14
2.282386278306245543e-14
2.281415150104344198e-14
2.282239265865058951e-14
2.281317288346070061e-14
2.282082107924195016e-14
2.281205346319874790e-14
2.281913552165507937e-14
2.281078233514943061e-14
2.281732247131706177e-14
2.280934741913810343e-14
2.281536733189516920e-14
2.280773537715664885e-14
2.281325433076937180e-14
2.280593152584999044e-14
2.281096642064577320e-14
2.280391974481663563e-14
2.280848517797218025e-14
2.280168238128111459e-14
2.280579069880714768e-14
2.279920015231530533e-14
