# bin_5_5
2.015089623210812239e-03
2.014741471454918088e-03
2.014770201143511932e-03
2.014418488657684653e-03
2.014420990297984080e-03
2.014063718700115010e-03
2.014039254050709743e-03
2.013674363224242370e-03
2.013622048845607315e-03
2.013247410026382765e-03
2.013166215975196321e-03
2.012779625733771352e-03
2.012668374908868282e-03
2.012267550268870275e-03
2.012124918707049355e-03
2.011707493693510717e-03
2.011532012155137911e-03
2.011095536121319284e-03
2.010885593364544147e-03
2.010427531500604340e-03
2.010181379699870711e-03
2.009699116185595640e-03
2.009414879005032555e-03
2.008905723332270882e-03
2.008581407220987134e-03
2.008042604259990382e-03
2.007676113587308301e-03
2.007104858016583570e-03
2.006694014694750030e-03
2.006087470439491330e-03
2.005630038697934180e-03
2.004985364021688587e-03
2.004479080969966825e-03
2.003793459814657511e-03
2.003236072362774445e-03
2.002506752433957839e-03
2.001896060995699347e-03
2.001120398906515354e-03
2.000454308081158709e-03
1.999629821581913776e-03
1.998906397660375062e-03
1.998030824563746741e-03
1.997248359211778457e-03
1.996319722046677961e-03
1.995476800843933203e-03
1.994493475497239633e-03
1.993589049138419500e-03
1.992549834761938102e-03
1.991583289621992083e-03
1.990487475864986724e-03
1.989458699303627096e-03
1.988306125494350169e-03
1.987215559740038249e-03
1.986006659022297900e-03
1.984855335797706694e-03
1.983591155529263340e-03
1.982380701896414420e-03
1.981062889994261028e-03
1.979795494410017606e-03
1.978426240059991559e-03
1.977104566675774808e-03
1.975686483291979288e-03
1.974313522556849464e-03
1.972849461605871192e-03
1.971428306834698170e-03
1.969921093802162997e-03
1.968454637278419829e-03
1.966906726404676464e-03
1.965397275584403192e-03
1.963810328827287309e-03
1.962259154029207843e-03
1.960633562637872310e-03
1.959040402690488594e-03
1.957374786978403891e-03
1.955737358462996192e-03
1.954028102189714605e-03
1.952341679881981241e-03
1.950582578029202594e-03
1.948839735941355553e-03
1.947021854594489527e-03
1.945212473449967581e-03
1.943324331488956690e-03
1.941435981755811014e-03
1.939464157116985122e-03
1.937482946823466555e-03
1.935413174451679425e-03
1.933325096988271858e-03
1.931143850978751624e-03
1.928936571396302037e-03
1.926633004752066223e-03
1.924297882964266099e-03
1.921865840806390906e-03
1.919399821305398492e-03
1.916839472865114512e-03
1.914246311432522005e-03
1.911564815234436743e-03
1.908855030752760681e-03
1.906065636666875659e-03
1.903254661518778180e-03
1.900373858494845648e-03
1.897478205640579186e-03
1.894521019786031026e-03
1.891552930763277770e-03
1.888527256001982504e-03
1.885489161150182350e-03
1.882390892144535826e-03
1.879271824030752120e-03
1.876083167457326612e-03
1.872859525739714506e-03
1.869552621513958807e-03
1.866194803250361247e-03
1.862741169011391910e-03
1.859225210505996038e-03
1.855608505569741364e-03
1.851928464859934047e-03
1.848154670128321613e-03
1.844328675270908748e-03
1.840426272976519468e-03
1.836489660537890837e-03
1.832495510867207002e-03
1.828480503069544738e-03
1.824415836537132338e-03
1.820327723680239705e-03
1.816179305480465373e-03
1.811987482791991210e-03
1.807712375951944003e-03
1.803370385268597944e-03
1.798929430298784127e-03
1.794416125738058487e-03
1.789813571615811016e-03
1.785160185674592717e-03
1.780448167898231356e-03
1.775714662623552017e-03
1.770943527624270963e-03
1.766154158743359634e-03
1.761312342827811616e-03
1.756421876338591734e-03
1.751445685898693873e-03
1.746396764723824298e-03
1.741260630815454676e-03
1.736074638994435267e-03
1.730842632948856969e-03
1.725601307063889507e-03
1.720335703118069763e-03
1.715050227282135468e-03
1.709703260772416165e-03
1.704291783257929575e-03
1.698795705634933420e-03
1.693249963258705408e-03
1.687668004749849843e-03
1.682087484155361714e-03
1.676490010100813079e-03
1.670864558513081039e-03
1.665165901734084238e-03
1.659400982247807724e-03
1.653578865751356838e-03
1.647750157807235938e-03
1.641915765814732676e-03
1.636066538347595275e-03
1.630149173569124576e-03
1.624163195980549580e-03
1.618125051925659724e-03
1.612088218518304165e-03
1.606040540659447102e-03
1.599950841349200318e-03
1.593773705237078089e-03
1.587545643220863610e-03
1.581302445439136022e-03
1.575053811301054853e-03
1.568733551720088559e-03
1.562332122794891269e-03
1.555886137272473367e-03
1.549439702028651252e-03
1.542933607383825331e-03
1.536336864749605598e-03
1.529684270400494001e-03
1.523027266013381609e-03
1.516299030881995994e-03
1.509478020518437722e-03
1.502618602675306631e-03
1.495740883407792841e-03
1.488761035699645401e-03
1.481720281569283903e-03
1.474663829225229903e-03
1.467533914732013691e-03
1.460318357148008813e-03
1.453102411760569604e-03
1.445806708756252256e-03
1.438444509915576004e-03
1.431072784163577418e-03
1.423622972044018666e-03
1.416122371739392217e-03
1.408611590396613477e-03
1.401000690333554111e-03
1.393394892260554343e-03
1.385707584401459427e-03
1.377987092364832585e-03
1.370223972335591007e-03
1.362393466175146166e-03
1.354538476998030667e-03
1.346604769603917430e-03
1.338645165555980452e-03
1.330609305519155506e-03
1.322539935675940987e-03
1.314400988826324931e-03
1.306222715852915252e-03
1.297982082784629237e-03
1.289700091948656115e-03
1.281362642130627182e-03
1.272984557430070210e-03
1.264556909701887834e-03
1.256090031091761181e-03
1.247577430702461474e-03
1.239025811398428416e-03
1.230429584910193962e-03
1.221792712653643970e-03
1.213110243463270043e-03
1.204384754335013040e-03
1.195612619842315255e-03
1.186796564023092932e-03
1.177935051887730837e-03
1.169031774915690490e-03
1.160087081380476977e-03
1.151105037627364255e-03
1.142086406649489095e-03
1.133034076137206343e-03
1.123947612873851852e-03
1.114827894188174118e-03
1.105673309221289358e-03
1.096483954624970095e-03
1.087258991456493962e-03
1.077999974700731209e-03
1.068708381061711944e-03
1.059387508206122326e-03
1.050039767384341842e-03
1.040667656494513376e-03
1.031271738193343529e-03
1.021852075940994121e-03
1.012407781967598636e-03
1.002939025199707339e-03
9.934469585158756545e-04
9.839344695795966718e-04
9.744047724067809004e-04
9.648606277383668228e-04
9.553030869618820429e-04
9.457319407589315869e-04
9.361467637573577102e-04
9.265484952513491738e-04
9.169399256558854626e-04
9.073246806961737321e-04
8.977054967788946575e-04
8.880830309648654521e-04
8.784568923468546184e-04
8.688274992345535125e-04
8.591976505007880216e-04
8.495711468673637851e-04
8.399507010221816082e-04
8.303364807766951345e-04
8.207283604732722778e-04
8.111281031906686194e-04
8.015397834749023436e-04
7.919663078324421131e-04
7.824081628149149323e-04
7.728651419099585775e-04
7.633400192482653552e-04
7.538367669899333949e-04
7.443573328358294968e-04
7.349012029062463192e-04
7.254702831445872897e-04
7.160686086524534590e-04
7.066984300085583448e-04
6.973591931643957631e-04
6.880532787284026567e-04
6.787847098902904160e-04
6.695545625602040887e-04
6.603626659858080096e-04
6.512131481487204920e-04
6.421085193642258465e-04
6.330482876436987778e-04
6.240350913630835460e-04
6.150727857981661559e-04
6.061605459227304262e-04
5.973010352569576784e-04
5.884973674608589417e-04
5.797493178201041731e-04
5.710597010423674492e-04
5.624306523951965071e-04
5.538621174714762488e-04
5.453582268943387313e-04
5.369181843372934203e-04
5.285450726639991147e-04
5.202401063084163271e-04
5.120042882491467051e-04
5.038400072995308536e-04
4.957474965840600548e-04
4.877294933369112585e-04
4.797860522581589584e-04
4.719195470870394139e-04
4.641303801972897648e-04
4.564205195080193642e-04
4.487904103722574066e-04
4.412416797381931268e-04
4.337751076747477664e-04
4.263919066209546655e-04
4.190927627284671145e-04
4.118787654010111965e-04
4.047506399652923471e-04
3.977091918595836639e-04
3.907549945178439925e-04
3.838887680389182523e-04
3.771110957445851812e-04
3.704224985699438189e-04
3.638234003542769549e-04
3.573142680447435882e-04
3.508954404454550581e-04
3.445672052796399081e-04
3.383297677782748283e-04
3.321833746809125989e-04
3.261280609359660902e-04
3.201639117149808998e-04
3.142908987067021573e-04
3.085090134992758584e-04
3.028180887022562063e-04
2.972179980894335948e-04
2.917085301722133748e-04
2.862894663402767883e-04
2.809604180471281308e-04
2.757210302453692906e-04
2.705708700169760848e-04
2.655094187426937672e-04
2.605360631232555516e-04
2.556502183886284231e-04
2.508512908450997005e-04
2.461385843106686641e-04
2.415114033674825892e-04
2.369690317437859724e-04
2.325107104788330279e-04
2.281355448524160297e-04
2.238426298769995463e-04
2.196310588485265005e-04
2.154999137184631871e-04
2.114481357992494892e-04
2.074747191661171738e-04
2.035786873284453472e-04
1.997589670235513980e-04
1.960143974547610762e-04
1.923439139425233172e-04
1.887464816763579777e-04
1.852209148431165910e-04
1.817659683440573293e-04
1.783804174691901948e-04
1.750630448671686970e-04
1.718126435093743690e-04
1.686280134890904723e-04
1.655080052040264747e-04
1.624514115095703772e-04
1.594568654256733301e-04
1.565231483320583795e-04
1.536491167977105604e-04
1.508334531968232874e-04
1.480749024225344232e-04
1.453722865398475710e-04
1.427244668242293353e-04
1.401301477658187884e-04
1.375879944843754062e-04
1.350968641122871994e-04
1.326557480399071941e-04
1.302633534862384995e-04
1.279184638999223593e-04
1.256199787534830912e-04
1.233667293778855875e-04
1.211574561375328748e-04
1.189910966263863759e-04
1.168666390123559035e-04
1.147828250916782078e-04
1.127384804063809125e-04
1.107326366306007583e-04
1.087642870803105235e-04
1.068322540917623567e-04
1.049354395160675404e-04
1.030729938074952058e-04
1.012441053279988947e-04
9.944760972374192584e-05
9.768266777240709026e-05
9.594862252432020283e-05
9.424458760140647074e-05
9.256955755156180514e-05
9.092282874558116118e-05
8.930382017896172934e-05
8.771152924293636904e-05
8.614506749490817735e-05
8.460372519126358294e-05
8.308687291264685261e-05
8.159363727752861597e-05
8.012325309848965433e-05
7.867517396296550784e-05
7.724901169961816757e-05
7.584397545863930383e-05
7.445960565693289035e-05
7.309566812462381315e-05
7.175161770243189971e-05
7.042671891093203913e-05
6.912046349177461229e-05
6.783257501920257908e-05
6.656237371254564107e-05
6.530921587769430916e-05
6.407283924830952542e-05
6.285316966570309353e-05
6.164973888984662492e-05
6.046222171512007743e-05
5.929055976153836687e-05
5.813449764818971548e-05
5.699324678347495008e-05
5.586644253037411078e-05
5.475412075808920858e-05
5.365596590778319396e-05
5.257160342547138990e-05
5.150108491241592545e-05
5.044459388712168408e-05
4.940161852257341998e-05
4.837162318650687590e-05
4.735450531501745084e-05
4.635043062140997168e-05
4.535906154218055566e-05
4.438042500787558483e-05
4.341468148166937588e-05
4.246163952568602837e-05
4.152059709635861240e-05
4.059159962880590293e-05
3.967516775878683789e-05
3.877117860114719620e-05
3.787915343056523742e-05
3.699897364359488008e-05
3.613093253508482518e-05
3.527483847662533819e-05
3.443062255210481860e-05
3.359835885866793937e-05
3.277815167705905238e-05
3.196955678310166440e-05
3.117271925944245043e-05
3.038793936079630043e-05
2.961503985355431513e-05
2.885357925227323238e-05
2.810378134445209224e-05
2.736600892780307204e-05
2.663984341525383961e-05
2.592515702556376548e-05
2.522217268395645585e-05
2.453106474826479699e-05
2.385144553436259303e-05
2.318337965470275774e-05
2.252687143580158548e-05
2.188206872768233655e-05
2.124869648735569795e-05
2.062669121818034467e-05
2.001627374243506401e-05
1.941762701547019866e-05
1.883018939387384207e-05
1.825393945112088252e-05
1.768947415355050825e-05
1.713623444921684241e-05
1.659417293467701623e-05
1.606336382247623376e-05
1.554400220456499693e-05
1.503574855303841817e-05
1.453838605479643292e-05
1.405210758338992545e-05
1.357700781646555235e-05
1.311262355155027582e-05
1.265893624002457518e-05
1.221616381539282482e-05
1.178410037621386571e-05
1.136244990331539199e-05
1.095120431751835426e-05
1.055061530297930230e-05
1.016028133876654090e-05
9.780046367468312360e-06
9.409899750685233184e-06
9.050010056660616047e-06
8.699884854982797749e-06
8.359453169768475746e-06
8.028774713621364065e-06
7.707851355218960738e-06
7.396239143439482855e-06
7.093926247630536395e-06
6.801076860956953586e-06
6.517447804028231435e-06
6.242769222105239740e-06
5.976996324954542940e-06
5.720234306333633175e-06
5.472123180429024201e-06
5.232546390185586845e-06
5.001438514460169111e-06
4.778830753530495838e-06
4.564359394257943299e-06
4.357893976269210349e-06
4.159287208237995407e-06
3.968321688702151016e-06
3.784535633060628415e-06
3.607660807378357351e-06
3.437582696819964991e-06
3.273865813174597292e-06
3.116181823595007761e-06
2.964146418203242332e-06
2.817492705969414204e-06
2.675719602896825587e-06
2.538596195820345899e-06
2.405981333513760919e-06
2.277900794549011979e-06
2.154117516281647624e-06
2.034499705051516387e-06
1.918890104949297835e-06
1.807206237339781658e-06
1.699475967992206086e-06
1.595812372204011931e-06
1.496274289144276377e-06
1.400651935786858049e-06
1.308840430287006087e-06
1.220822841258398602e-06
1.136740453070912912e-06
1.056536551070541425e-06
9.801206730514528813e-07
9.073407511994268086e-07
8.381952742762368038e-07
7.726234173340247427e-07
7.105480186304681460e-07
6.518708047796682364e-07
5.965290323485984124e-07
5.444205327360959550e-07
4.953601679118520181e-07
4.492936247800292387e-07
4.061789077947701216e-07
3.658923205089466825e-07
3.281984687431519684e-07
2.930471984006377899e-07
2.604092554618182824e-07
2.301579735960340530e-07
2.020492546614181770e-07
1.760337693685694553e-07
1.521183755087712097e-07
1.301016072410145295e-07
1.097925673420971258e-07
9.122486059320840034e-08
7.428196039441961160e-08
5.880114891145101962e-08
4.470000727234071541e-08
3.193267215206680607e-08
2.038878611408550719e-08
1.000115833510038411e-08
6.601159237793054113e-10
-7.689841958184149580e-09
-1.509986956485212401e-08
-2.167613898853116693e-08
-2.746007864745574312e-08
-3.253441059147723444e-08
-3.688373389029411496e-08
-4.069937685710466540e-08
-4.390585872657112825e-08
-4.659487920794057906e-08
-4.880259077676583885e-08
-5.061719720374647889e-08
-5.205241270497398198e-08
-5.310639171058055324e-08
-5.385440430427358747e-08
-5.433502052701582939e-08
-5.456989714412092406e-08
-5.454993669518554424e-08
-5.434096715189515214e-08
-5.397291840185143213e-08
-5.344055568094083312e-08
-5.273373935838001761e-08
-5.192851923033765654e-08
-5.102433688956387648e-08
-5.003184478910225056e-08
-4.896322260527547464e-08
-4.784413458654902551e-08
-4.664131177893721950e-08
-4.540994907252266442e-08
-4.415897580031669184e-08
-4.286822341438425282e-08
-4.155396056725381883e-08
-4.024904100649702241e-08
-3.892400250181053372e-08
-3.760509963404559287e-08
-3.628913098772780315e-08
-3.499170762334838977e-08
-3.372123855697565756e-08
-3.245745339938417363e-08
-3.120482885642346414e-08
-2.996669342913359678e-08
-2.877951264650962004e-08
-2.762445452289884489e-08
-2.649592288155118704e-08
-2.539060294520429848e-08
-2.431314881025084750e-08
-2.328026014397995161e-08
-2.228369795545175722e-08
-2.130094562536742825e-08
-2.034263117714542698e-08
-1.943221595711793227e-08
-1.856116314280420842e-08
-1.770220219445963382e-08
-1.686874367129950924e-08
-1.610008458617863161e-08
-1.536033296376260058e-08
-1.461252180089044139e-08
-1.390424221979573511e-08
-1.326101970145597693e-08
-1.262845500766424042e-08
-1.198548891675005482e-08
-1.139504420404666317e-08
-1.085769555267391269e-08
-1.032753485901892858e-08
-9.808191854984525841e-09
-9.327516234938489964e-09
-8.866822015124152545e-09
-8.411735182111379943e-09
-7.975648463944931072e-09
-7.579678484633997604e-09
-7.211251600770694914e-09
-6.834194226048273226e-09
-6.474718293070629042e-09
-6.146666981927170790e-09
-5.840125461848829541e-09
-5.540175667411772270e-09
-5.254027043071598667e-09
-4.992430841804090340e-09
-4.731894101374194270e-09
-4.496416859815606284e-09
-4.266880802046706535e-09
-4.052220731786668803e-09
-3.837889063663540147e-09
-3.641522004277301597e-09
-3.458349644259995668e-09
-3.289122430588466400e-09
-3.110776954351267543e-09
-2.960829287522409544e-09
-2.823023183314365206e-09
-2.683430259303788990e-09
-2.542717248078744024e-09
-2.418718779985761370e-09
-2.306994498005659995e-09
-2.193926027309878768e-09
-2.078753825344263949e-09
-1.979217777595176839e-09
-1.890631738338659864e-09
-1.793933366540467993e-09
-1.706073404144653529e-09
-1.635409111623400069e-09
-1.564252358303817162e-09
-1.479979640157637609e-09
-1.414193465894210244e-09
-1.362893057820151424e-09
-1.299672705384264349e-09
-1.235346971879516712e-09
-1.181844205116622273e-09
-1.133134193072534723e-09
-1.082656028634654190e-09
-1.029072487984603360e-09
-9.891293607348009972e-10
-9.548315074361747903e-10
-9.091560234297859624e-10
-8.726005372292839805e-10
-8.403381974694045534e-10
-8.063339417205057103e-10
-7.706693367865198945e-10
-7.408548208348075763e-10
-7.153532746288762422e-10
-6.828328771675842935e-10
-6.497496505557203535e-10
-6.265705453974839483e-10
-6.114352389655756981e-10
-5.838635434744481267e-10
-5.590057782452824675e-10
-5.379398312955782239e-10
-5.181745090534438980e-10
-4.898308212626052671e-10
-4.704137627779588370e-10
-4.570980740763413938e-10
-4.374363196264022597e-10
-4.131386053832664566e-10
-3.971465355372760801e-10
-3.838148946006985463e-10
-3.631815095455627774e-10
-3.447216934946138763e-10
-3.308722867145339209e-10
-3.174349111882494607e-10
-2.981035358840715766e-10
-2.799000166076520418e-10
-2.641449579586073242e-10
-2.525830205664169718e-10
-2.345657386082113312e-10
-2.207064579267901120e-10
-2.082823822563949921e-10
-1.934135540675851060e-10
-1.777481893330982801e-10
-1.652914904687270633e-10
-1.547947320818165191e-10
-1.382048818487227141e-10
-1.251333797615003562e-10
-1.143390301288539421e-10
-1.048544077479754416e-10
-9.192008758713961924e-11
-8.019188681024733323e-11
-7.083029018409761631e-11
-6.351854376782736286e-11
-5.079133368741188541e-11
-4.176994605446942597e-11
-3.615568596206007390e-11
-2.873852809680381212e-11
-2.064479169095991383e-11
-1.563105156266482323e-11
-1.195161580565914194e-11
-4.661761143081670956e-12
-2.030710676444796878e-12
-3.734300932739398958e-14
2.288996039399071558e-12
3.879124187836939712e-12
5.301357793818631029e-12
6.444686426782070190e-12
4.213369011414584025e-12
4.824401439810594082e-12
3.320471999965935174e-12
1.620351782479676556e-12
1.823196589735056753e-13
-2.473309882683324895e-12
-4.161351570052517984e-12
-6.697965697264130341e-12
-8.068897268425389284e-12
-9.953881335555969208e-12
-1.139859032811329334e-11
-1.279048490144328218e-11
-1.290259350501805550e-11
-1.355000229609135586e-11
-1.364080513782316340e-11
-1.291570088790070206e-11
-1.168018204434525963e-11
-1.050712664425048886e-11
-8.840392550286916072e-12
-6.882976230557971598e-12
-5.094589655593760631e-12
-3.395530339263003770e-12
-1.706414680123180352e-12
-2.179145692724629707e-13
9.514949710978348957e-13
1.772847407129519154e-12
1.774886397369419709e-12
1.781693608063202436e-12
1.245055087591522748e-12
4.429559708017104965e-13
-3.846640517363638480e-13
-1.406769343738619095e-12
-2.349810630298129404e-12
-3.110339703349764908e-12
-3.459887649219540924e-12
-3.394759331861909467e-12
-3.181411871222562748e-12
-2.614221520597244972e-12
-1.812428552846794740e-12
-8.130758289828816349e-13
-4.821917498511396638e-14
5.209012814124186746e-13
8.445178890508733902e-13
8.857513048903129662e-13
4.955656578498406063e-13
-5.312537628183328369e-14
-6.451661869017242411e-13
-1.098738350951481744e-12
-1.447002068087898643e-12
-1.417231257373213659e-12
-1.084312862456294620e-12
-5.848590896009464375e-13
-9.773616174666595851e-14
3.869052647696891959e-13
5.131522348000169168e-13
3.757747865780371416e-13
4.275332816544431526e-14
-3.694985689369999926e-13
-6.910612277733171629e-13
-7.164798440251447915e-13
-5.540263238601764301e-13
-1.544908169986372564e-13
1.743381524345049115e-13
3.366177581456703184e-13
2.419584374822624867e-13
-5.255188890071718015e-14
-3.221951041313297183e-13
-4.394511448404037455e-13
-2.941510756165910292e-13
-1.972795108210777128e-14
2.118783255451684372e-13
2.175370802163661141e-13
2.112643142419938365e-14
-2.052005940714379366e-13
-2.689400734937556074e-13
-1.114733675218172863e-13
1.086006420894643843e-13
1.877336270993039901e-13
4.735260454998391466e-14
-1.352700970911300848e-13
-1.677169599638417547e-13
-5.801381365822472062e-15
1.415220251560554627e-13
1.026883552208112568e-13
-6.602116777915483998e-14
-1.162360700961934521e-13
9.397871252553950961e-15
1.301260650009843391e-13
5.308166615159136998e-14
-7.320380918086563162e-14
-4.366753039931053058e-14
9.347685405655300407e-14
7.962244696506068201e-14
-3.859996773769326064e-14
-3.233186294589224371e-14
8.904655695820216517e-14
5.955662547375975289e-14
-3.741995261082236589e-14
1.454903967708582269e-14
9.414634493504316414e-14
3.851773467046546617e-15
-1.189651661776962448e-14
7.695974103870483268e-14
3.641713573549556550e-14
-1.779436707649078244e-14
7.484335592255675631e-14
3.134774146888341924e-14
-1.107388511257651661e-15
7.147337411689295031e-14
1.963826278206062068e-14
1.735197790610968390e-14
7.238313531872236115e-14
-6.633904793480015613e-15
6.711681715244944703e-14
1.971444658739455466e-14
3.608015866311903215e-14
4.739683442414461591e-14
1.839800517752734885e-14
5.686208027582144279e-14
1.680604051324989349e-14
5.490140326111418209e-14
2.163366667557555781e-14
5.015996872548423387e-14
2.677521857749622166e-14
4.624718369471811313e-14
3.051956971403879339e-14
4.370518585144763990e-14
3.296477606306143735e-14
4.217782976988747148e-14
3.454462151058344761e-14
4.126947635623856930e-14
3.559911884421644451e-14
4.071773228914014661e-14
3.633662143430885659e-14
4.037122164425582589e-14
3.687651244596350417e-14
4.014564282208876166e-14
3.728727584424943226e-14
3.999364519636148501e-14
3.760947555055212525e-14
3.988790043947095860e-14
3.786822750215679076e-14
3.981210624605768405e-14
3.807982561101521207e-14
3.975621582361862066e-14
3.825531502374142871e-14
3.971385322994766148e-14
3.840248064826901106e-14
3.968086863640864060e-14
3.852699660913923649e-14
3.965450305469532733e-14
3.863311735318889507e-14
3.963288938248634866e-14
3.872410932791075057e-14
3.961474528255174919e-14
3.880253041319485488e-14
3.959917904124556015e-14
3.887041682134887013e-14
3.958556396336704959e-14
3.892941187735307791e-14
3.957345546729618236e-14
3.898085715733553576e-14
3.956253542791816153e-14
3.902585854740396736e-14
3.955257426700750794e-14
3.906533515846683774e-14
3.954340482265384514e-14
3.910005623614307725e-14
3.953490415626078391e-14
3.913066948164541138e-14
3.952698078575903236e-14
3.915772310839867097e-14
3.951956566829693386e-14
3.918168324126758894e-14
3.951260580079307471e-14
3.920294780252856953e-14
3.950605966439026310e-14
3.922185770542409942e-14
3.949989397442611619e-14
3.923870595604745789e-14
3.949408136126363010e-14
3.925374511467935821e-14
3.948859871517450372e-14
3.926719345239922731e-14
3.948342600937317058e-14
3.927924006268160213e-14
3.947854546479937232e-14
3.929004912855791620e-14
3.947394096075205430e-14
3.929976350098269547e-14
3.946959762155223321e-14
3.930850771256452749e-14
3.946550152897775791e-14
3.931639052583621679e-14
3.946163952371911127e-14
3.932350709431204112e-14
3.945799907064292676e-14
3.932994080158483982e-14
3.945456816693730238e-14
3.933576483000282092e-14
3.945133528104684789e-14
3.934104350262518172e-14
3.944828931208705344e-14
3.934583343303745368e-14
3.944541956221098424e-14
3.935018451325515323e-14
3.944271571750315158e-14
3.935414076340480887e-14
3.944016783362744442e-14
3.935774106423497951e-14
3.943776632397348465e-14
3.936101978902495846e-14
3.943550194866523866e-14
3.936400734980068495e-14
3.943336580302726518e-14
3.936673066978068138e-14
3.943134930533164166e-14
3.936921359231686392e-14
3.942944418297235654e-14
3.937147723519684629e-14
3.942764245736149437e-14
3.937354029775883707e-14
3.942593642668773409e-14
3.937541932681386781e-14
3.942431864734299763e-14
3.937712894740491854e-14
3.942278191333975630e-14
3.937868206202267010e-14
3.942131923448627872e-14
3.938009002332990622e-14
3.941992381265471604e-14
3.938136278280797496e-14
3.941858901632062259e-14
3.938250901869369489e-14
3.941730835418275296e-14
3.938353624553367552e-14
3.941607544677452028e-14
3.938445090720786180e-14
3.941488399658986523e-14
3.938525845564869534e-14
3.941372775677534212e-14
3.938596341635421396e-14
3.941260049807772408e-14
3.938656944203751635e-14
3.941149597411073514e-14
3.938707935558471274e-14
3.941040788460453866e-14
3.938749518326430291e-14
3.940932983671071527e-14
3.938781817846591942e-14
3.940825530418250382e-14
3.938804883726403568e-14
3.940717758394278317e-14
3.938818690557786323e-14
3.940608975008149700e-14
3.938823137865890138e-14
3.940498460497281502e-14
3.938818049318805919e-14
3.940385462702447018e-14
3.938803171184960674e-14
3.940269191511419567e-14
3.938778170067169467e-14
3.940148812891985059e-14
3.938742629927755114e-14
3.940023442507476751e-14
3.938696048363867582e-14
3.939892138878791976e-14
3.938637832145206451e-14
3.939753896027304942e-14
3.938567291987748631e-14
3.939607635571185394e-14
3.938483636562400268e-14
3.939452198231374152e-14
3.938385965671323414e-14
3.939286334692248982e-14
3.938273262606028389e-14
3.939108695779460665e-14
3.938144385636100408e-14
3.938917821901970735e-14
3.937998058591143853e-14
3.938712131705412586e-14
3.937832860522053287e-14
3.938489909914354007e-14
3.937647214396353958e-14
3.938249294302805300e-14
3.937439374808309299e-14
3.937988261771231991e-14
3.937207414680259614e-14
3.937704613498816813e-14
3.936949210948888627e-14
3.937395959158136538e-14
3.936662429227066425e-14
3.937059700199424685e-14
3.936344507469438068e-14
3.936693012211771690e-14
3.935992638672443934e-14
3.936292826415345557e-14
3.935603752674531224e-14
3.935855810364148910e-14
3.935174497161011938e-14
3.935378347958118235e-14
3.934701218004793983e-14
3.934856518944542330e-14
3.934179939151374099e-14
