# bin_2_2
1.853750573688645075e-04
1.852582198721152730e-04
1.853634396740117376e-04
1.852530026724547290e-04
1.853512425180682305e-04
1.852467532215725920e-04
1.853383808065981755e-04
1.852394101309383725e-04
1.853247646176444036e-04
1.852309052952743056e-04
1.853102988807363218e-04
1.852211637066445750e-04
1.852948830893114390e-04
1.852101032997381994e-04
1.852784110589530541e-04
1.851976348414202732e-04
1.852607707456753157e-04
1.851836618805496415e-04
1.852418441409975239e-04
1.851680807770802149e-04
1.852215072632080355e-04
1.851507808318136503e-04
1.851996302670570911e-04
1.851316445407853273e-04
1.851760776964775921e-04
1.851105480005796691e-04
1.851507089082524680e-04
1.850873614932497342e-04
1.851233786943357192e-04
1.850619502810750300e-04
1.850939381339184201e-04
1.850341756404830240e-04
1.850622357030428831e-04
1.850038961639223576e-04
1.850281186687686909e-04
1.849709693530086278e-04
1.849914347874442118e-04
1.849352535192408148e-04
1.849520343172554994e-04
1.848966099953870332e-04
1.849097723398421744e-04
1.848549056426913493e-04
1.848645113634818024e-04
1.848100156122779237e-04
1.848161241505418169e-04
1.847618262854819869e-04
1.847644966718494763e-04
1.847102382721677147e-04
1.847095310408352980e-04
1.846551692904664784e-04
1.846511482189233590e-04
1.845965566855355925e-04
1.845892902122420187e-04
1.845343592682246591e-04
1.845239214006076352e-04
1.844685580743593177e-04
1.844550285583371272e-04
1.843991555648015674e-04
1.843826190518813685e-04
1.843261727213400347e-04
1.843067166453547334e-04
1.842496434565217794e-04
1.842273543333522879e-04
1.841696057742106378e-04
1.841445636749096360e-04
1.840860892186618628e-04
1.840583602609488587e-04
1.839990983722737715e-04
1.839687252419284808e-04
1.839085925405391654e-04
1.838755833136338695e-04
1.838144623314971412e-04
1.837787782294186801e-04
1.837165046104304543e-04
1.836780477789341011e-04
1.836143982683194678e-04
1.835730011979170087e-04
1.835076843051726024e-04
1.834631030324130067e-04
1.833957547290982707e-04
1.833476683521560269e-04
1.832778554295073675e-04
1.832258745512799138e-04
1.831531080975242853e-04
1.830967943330928422e-04
1.830205549372069650e-04
1.829594523301599895e-04
1.828792268334233505e-04
1.828129037107455027e-04
1.827282304765781736e-04
1.826563269180782280e-04
1.825668428185996876e-04
1.824891148757152573e-04
1.823945931113856638e-04
1.823109411013560592e-04
1.822113058369129992e-04
1.821217720672425357e-04
1.820170756124538276e-04
1.819217989384016372e-04
1.818121521178828247e-04
1.817112749917292394e-04
1.815967332273041638e-04
1.814902723776306486e-04
1.813706986342360000e-04
1.812584112850994342e-04
1.811333582925311306e-04
1.810146552324118786e-04
1.808833239283615742e-04
1.807572869115036741e-04
1.806186122091611983e-04
1.804841520096692718e-04
1.803370282515288068e-04
1.801931629962955658e-04
1.800367492135962282e-04
1.798829007996503089e-04
1.797168644880646146e-04
1.795530037466669783e-04
1.793775256489843148e-04
1.792040088783622117e-04
1.790194458235723019e-04
1.788365295837268947e-04
1.786428413152712081e-04
1.784501142875624875e-04
1.782464149858446929e-04
1.780425864826543796e-04
1.778272624501848792e-04
1.776106466546217247e-04
1.773821629470358457e-04
1.771516703876439825e-04
1.769095262332227381e-04
1.766653191768348678e-04
1.764101632168577267e-04
1.761530982635874988e-04
1.758855486939913391e-04
1.756156444088743842e-04
1.753348608200794691e-04
1.750505013262566574e-04
1.747544325153860560e-04
1.744537560204286657e-04
1.741413171789871206e-04
1.738244089442499856e-04
1.734967333758178449e-04
1.731652044525280410e-04
1.728234738015287542e-04
1.724773468765453729e-04
1.721202202507548888e-04
1.717574129900308207e-04
1.713832056595859007e-04
1.710035433373936883e-04
1.706138642896428261e-04
1.702199199399437931e-04
1.698167273529842811e-04
1.694086357339713675e-04
1.689903475130435625e-04
1.685664256351536536e-04
1.681331870410637060e-04
1.676960410638168452e-04
1.672514086845819056e-04
1.668030827042796314e-04
1.663464682299648336e-04
1.658853897918696817e-04
1.654171852006636211e-04
1.649467997670866928e-04
1.644711254109483274e-04
1.639929082314936048e-04
1.635084550303424872e-04
1.630219544675616376e-04
1.625318376486985250e-04
1.620414610281844083e-04
1.615469575477213049e-04
1.610510160746126968e-04
1.605523369991032688e-04
1.600546679105762347e-04
1.595544813697409266e-04
1.590534808990165549e-04
1.585504209564207680e-04
1.580487175408983773e-04
1.575446934087878213e-04
1.570397477632905897e-04
1.565330901880171704e-04
1.560268547140194226e-04
1.555169263466657634e-04
1.550057067559557859e-04
1.544921768902153363e-04
1.539761759148880211e-04
1.534553596397763881e-04
1.529328664800426018e-04
1.524048549373172295e-04
1.518726947321519596e-04
1.513359934234617655e-04
1.507942001812341852e-04
1.502464632061204712e-04
1.496949523850344907e-04
1.491363010534729934e-04
1.485743634777547889e-04
1.480061401986088043e-04
1.474342352777103713e-04
1.468577193943020162e-04
1.462774716808171215e-04
1.456939152655809520e-04
1.451071130041921905e-04
1.445176695737144384e-04
1.439254854170660960e-04
1.433307325454107495e-04
1.427333040756730378e-04
1.421328287507393946e-04
1.415291782992783836e-04
1.409215939203336643e-04
1.403099806594410232e-04
1.396934701546950210e-04
1.390721589941031338e-04
1.384453590163377159e-04
1.378135181122173037e-04
1.371762988942596328e-04
1.365345145008878616e-04
1.358881169475842636e-04
1.352380695629238705e-04
1.345843229870728622e-04
1.339276280942576145e-04
1.332675972812375268e-04
1.326045113822384278e-04
1.319375533797263679e-04
1.312666418115366425e-04
1.305908462787815441e-04
1.299101873654153188e-04
1.292241308938075876e-04
1.285332122382056995e-04
1.278374731211065853e-04
1.271378225045813022e-04
1.264344182828940825e-04
1.257278819627428122e-04
1.250178346130635014e-04
1.243042149566843098e-04
1.235861566204796526e-04
1.228634499455564730e-04
1.221355892252750665e-04
1.214030381956911604e-04
1.206660521926334614e-04
1.199254996871387948e-04
1.191815120790125717e-04
1.184342677982309629e-04
1.176830607630342438e-04
1.169275184554689593e-04
1.161671011493243231e-04
1.154022090771755527e-04
1.146332516402254876e-04
1.138610323701889264e-04
1.130855295197163020e-04
1.123065150035410659e-04
1.115231930258315341e-04
1.107354581526988601e-04
1.099435295688301541e-04
1.091482752597872595e-04
1.083499360751932723e-04
1.075483366787092522e-04
1.067427034899493882e-04
1.059329751289351607e-04
1.051195884846108081e-04
1.043033531267199842e-04
1.034841584841455126e-04
1.026614749007421834e-04
1.018348915913002073e-04
1.010050680993973906e-04
1.001726048296367621e-04
9.933741815039247303e-05
9.849878005378554001e-05
9.765686925900426952e-05
9.681241861781785354e-05
9.596565489074651101e-05
9.511586571397815174e-05
9.426310150886662187e-05
9.340812863537940468e-05
9.255107961491398807e-05
9.169128164877556400e-05
9.082908595477070645e-05
8.996515903436175330e-05
8.909915905030173276e-05
8.823087084110331729e-05
8.736104804002138915e-05
8.648955512677601381e-05
8.561613625149141419e-05
8.474151020576860499e-05
8.386550634455120542e-05
8.298792647941675505e-05
8.210959801927695731e-05
8.123010598464629097e-05
8.034954623454754262e-05
7.946862625209772475e-05
7.858675420652952816e-05
7.770463081635714433e-05
7.682205509202698671e-05
7.593929598020238928e-05
7.505664302190881204e-05
7.417387290011259369e-05
7.329158137638187799e-05
7.240952164503660520e-05
7.152821783220691336e-05
7.064746262504493785e-05
6.976775895532046307e-05
6.888902703414619979e-05
6.801159924462249354e-05
6.713546963745866943e-05
6.626102008163695014e-05
6.538823370660027388e-05
6.451740362086592938e-05
6.364860466880078614e-05
6.278213670466468793e-05
6.191805270240561686e-05
6.105660639863778503e-05
6.019790193967647569e-05
5.934222633338192936e-05
5.848965331946078152e-05
5.764042845211431968e-05
5.679468630988567754e-05
5.595267714844799335e-05
5.511450326322592090e-05
5.428039054024839705e-05
5.345052613433669839e-05
5.262512218792135294e-05
5.180431657007285697e-05
5.098832224185856349e-05
5.017731815077567363e-05
4.937149442750087268e-05
4.857100524945038981e-05
4.777605472387886195e-05
4.698679877390272806e-05
4.620340525635640444e-05
4.542602165159317207e-05
4.465483043971615510e-05
4.388997824320988616e-05
4.313162651328130857e-05
4.237992375876203802e-05
4.163505877579260660e-05
4.089716532795234250e-05
4.016641641240918756e-05
3.944294618350104888e-05
3.872692543900992448e-05
3.801845854588136082e-05
3.731768438468056838e-05
3.662471027070599304e-05
3.593967117662788904e-05
3.526264731568036221e-05
3.459376224517896878e-05
3.393312336129908303e-05
3.328084225677545261e-05
3.263700693267220236e-05
3.200171374364184698e-05
3.137503629783326627e-05
3.075704962740881469e-05
3.014781036154514808e-05
2.954738135979254420e-05
2.895582977153241899e-05
2.837321417137934237e-05
2.779958250129589882e-05
2.723496412186029992e-05
2.667937182231730654e-05
2.613280804797925646e-05
2.559528308467343399e-05
2.506682754125702720e-05
2.454745481449396570e-05
2.403717194367103939e-05
2.353595533729507889e-05
2.304377225214115048e-05
2.256058420426773644e-05
2.208637990084326823e-05
2.162114134704435121e-05
2.116482575401526801e-05
2.071736349973423769e-05
2.027868929150248846e-05
1.984874189247945382e-05
1.942746736052591947e-05
1.901479305620714852e-05
1.861063653498745568e-05
1.821491430791589270e-05
1.782755038737542609e-05
1.744846193022923217e-05
1.707753037889754856e-05
1.671463846137872250e-05
1.635969893865243179e-05
1.601263229439152939e-05
1.567331292304258787e-05
1.534160489858660799e-05
1.501739932877577936e-05
1.470058655048875837e-05
1.439102977506339285e-05
1.408860577259520356e-05
1.379319583751217326e-05
1.350465717858791365e-05
1.322286707460040390e-05
1.294771443677723149e-05
1.267903580461379050e-05
1.241668479552590249e-05
1.216055684867508128e-05
1.191051013569908060e-05
1.166639808239933648e-05
1.142809739606229778e-05
1.119545713407716760e-05
1.096836056969323071e-05
1.074665168360007384e-05
1.053021057305511444e-05
1.031890314278884874e-05
1.011257762278200866e-05
9.911122342400659088e-06
9.714411338311127009e-06
9.522304820693811876e-06
9.334665834010604969e-06
9.151385723979079607e-06
8.972332907734848189e-06
8.797387606958147552e-06
8.626423666460083931e-06
8.459323652535820636e-06
8.295983806378848805e-06
8.136272143473973156e-06
7.980087819083978248e-06
7.827330175612233175e-06
7.677880797021440428e-06
7.531633618626196846e-06
7.388488311750867730e-06
7.248359434689101054e-06
7.111138483396103448e-06
6.976727638238230703e-06
6.845039230138283960e-06
6.715995018002151549e-06
6.589492733558292942e-06
6.465451314468619678e-06
6.343801763334103547e-06
6.224465944434354679e-06
6.107351294303187708e-06
5.992391564025792896e-06
5.879533794422319377e-06
5.768700479600250822e-06
5.659814796676268030e-06
5.552819230527293357e-06
5.447669154319224773e-06
5.344296224059662121e-06
5.242636099351243576e-06
5.142642566561072230e-06
5.044279905962525448e-06
4.947478470629307890e-06
4.852191981141719121e-06
4.758395093884342135e-06
4.666046897411210841e-06
4.575084647988898616e-06
4.485475334389830155e-06
4.397208508204394092e-06
4.310239098745237367e-06
4.224515490290948225e-06
4.140018463380103408e-06
4.056739501525975787e-06
3.974631723572287659e-06
3.893658897689394996e-06
3.813815112970247857e-06
3.735090157288608488e-06
3.657433593442293194e-06
3.580827896424959032e-06
3.505283346785364786e-06
3.430778907207533315e-06
3.357267375417602436e-06
3.284742064166415915e-06
3.213224552222117150e-06
3.142680912826753920e-06
3.073080501685268028e-06
3.004425442320270940e-06
2.936734478513125047e-06
2.869966120279444610e-06
2.804104823756012264e-06
2.739165563528267432e-06
2.675156951801637525e-06
2.612030091258394743e-06
2.549787038198011652e-06
2.488459567078350496e-06
2.428032732331574463e-06
2.368465507297775901e-06
2.309766305631797170e-06
2.251971242619128006e-06
2.195050016347358375e-06
2.138978278978850710e-06
2.083771310076856982e-06
2.029456697612828918e-06
1.975990765093762812e-06
1.923366446065547773e-06
1.871612897624982508e-06
1.820737396276576494e-06
1.770691002814185027e-06
1.721480420728723483e-06
1.673148789402501134e-06
1.625674099028302459e-06
1.579021492673494398e-06
1.533201186827279774e-06
1.488253537002516450e-06
1.444141256361050986e-06
1.400846387982998488e-06
1.358383575460614203e-06
1.316782142233189710e-06
1.275990176201690068e-06
1.236006364247421401e-06
1.196859293440981408e-06
1.158550075513987496e-06
1.121029468357149433e-06
1.084303994509497753e-06
1.048412454652780404e-06
1.013324693939272930e-06
9.790126567954683634e-07
9.454833133298323207e-07
9.127666555436051282e-07
8.808224141788472916e-07
8.496368556054609010e-07
8.192186102068119745e-07
7.895879151516234755e-07
7.606924317782314735e-07
7.325316853536787461e-07
7.051266344030917373e-07
6.784668309521095038e-07
6.525137456713997032e-07
6.272660801677898144e-07
6.027529672428939341e-07
5.789399410187674103e-07
5.558097175316695888e-07
5.333607412167943183e-07
5.116146325619349260e-07
4.905320087623940971e-07
4.701073673387741591e-07
4.503434460012980263e-07
4.312517788883822284e-07
4.127915629342366112e-07
3.949638204780397969e-07
3.777798276481764977e-07
3.612234902019465864e-07
3.452653016558539797e-07
3.298941437400823770e-07
3.151159685053022334e-07
3.008906610297358910e-07
2.871940820560384329e-07
2.740050385928963845e-07
2.613176275300293130e-07
2.490839358848237834e-07
2.372826479214484557e-07
2.258944833662491082e-07
2.149041986856143617e-07
2.042737803051439792e-07
1.939912101953988548e-07
1.840548683821185724e-07
1.744463430374061654e-07
1.651523462473675084e-07
1.561658524408197580e-07
1.474945962364737336e-07
1.391227267801116863e-07
1.310510693035914964e-07
1.232754220836213616e-07
1.158042205542029635e-07
1.086232845945751252e-07
1.017353264501841500e-07
9.513730702953597478e-08
8.882845608102434559e-08
8.280052798628955067e-08
7.705255140198098617e-08
7.158288359851059425e-08
6.638002460690061270e-08
6.144048175589552150e-08
5.675854585357860225e-08
5.233170988191344464e-08
4.814668638525590947e-08
4.419992594230795231e-08
4.048197104065409951e-08
3.698779259820961402e-08
3.370603560394153113e-08
3.063192397128596180e-08
2.775408344825537604e-08
2.506394546463409421e-08
2.255755310267536751e-08
2.022491438639111864e-08
1.805513908318513029e-08
1.604105315987259656e-08
1.417826611535989207e-08
1.245483857585919326e-08
1.086403701988840880e-08
9.397377982111169822e-09
8.052583960300122407e-09
6.818251860466879057e-09
5.685605982035919846e-09
4.653150629146093098e-09
3.714595465014778756e-09
2.859801886573560165e-09
2.084242035283247216e-09
1.385619917669567386e-09
7.574723777784695924e-10
1.914993961558444703e-10
-3.151941062697977824e-10
-7.638105166855322762e-10
-1.160772363424786935e-09
-1.513702864489727477e-09
-1.821693003257745654e-09
-2.087508589206649096e-09
-2.317918679398732864e-09
-2.517677914560088241e-09
-2.684896896018994311e-09
-2.822147985362024113e-09
-2.936553965296458161e-09
-3.029459529353625121e-09
-3.099907771159847522e-09
-3.150410559731377329e-09
-3.186748604075277290e-09
-3.207541408142721180e-09
-3.213473562286180188e-09
-3.207092899892727941e-09
-3.192041896961339464e-09
-3.166216264012552792e-09
-3.132161556841693301e-09
-3.091525339581245085e-09
-3.045378795857292667e-09
-2.992672430215107528e-09
-2.935737622431322238e-09
-2.875656872766548457e-09
-2.811314621350842383e-09
-2.744684941014740260e-09
-2.675925938572232900e-09
-2.606559804611068364e-09
-2.535605651031328326e-09
-2.464284446648188746e-09
-2.391826345017887526e-09
-2.320670994055166177e-09
-2.249216844346565078e-09
-2.177665907347918922e-09
-2.106782880217010881e-09
-2.037585627380806173e-09
-1.969398929097778630e-09
-1.901843505536349204e-09
-1.836288512794163433e-09
-1.771756255315065088e-09
-1.708822026173718752e-09
-1.647548284813605265e-09
-1.588220999673288504e-09
-1.530612875499218841e-09
-1.475734092511843998e-09
-1.422198361992650224e-09
-1.369344767888008028e-09
-1.319108923171723716e-09
-1.272416419083916303e-09
-1.225920688621917321e-09
-1.179177165137732543e-09
-1.135373498050910867e-09
-1.094355419697041793e-09
-1.053047801731540402e-09
-1.012350052030520512e-09
-9.755038930473025138e-10
-9.404005057424128546e-10
-9.052578630456814090e-10
-8.722313984060493545e-10
-8.421115014472461216e-10
-8.121280749351795146e-10
-7.821654152131962336e-10
-7.542407830066553571e-10
-7.279137475448372396e-10
-7.017606842454076041e-10
-6.759710176465925626e-10
-6.522719770971748623e-10
-6.303119128341960196e-10
-6.083373366218411453e-10
-5.872541330767414124e-10
-5.674171700516871028e-10
-5.485982147043126656e-10
-5.288242090332368754e-10
-5.105826334247817214e-10
-4.936173157985228675e-10
-4.771584657324499461e-10
-4.613023328914735114e-10
-4.463402036788093046e-10
-4.317016999246825090e-10
-4.163557390526292629e-10
-4.013918816767631332e-10
-3.878729286811972038e-10
-3.756114415817036576e-10
-3.625816385425189469e-10
-3.497826052030001301e-10
-3.370165082918097427e-10
-3.247311756781620469e-10
-3.122585692640934992e-10
-3.013127632746918341e-10
-2.909036179979980739e-10
-2.795443087950650446e-10
-2.673345213347434648e-10
-2.565796324268169260e-10
-2.468571147947699078e-10
-2.360807796350670278e-10
-2.249179683778468501e-10
-2.146433886817438940e-10
-2.050734126363639533e-10
-1.947011188332436876e-10
-1.841269359331871004e-10
-1.743902928728656092e-10
-1.653494391200725511e-10
-1.552901490148178450e-10
-1.452005441025099640e-10
-1.360828711323204571e-10
-1.273321989714804386e-10
-1.178371536446111835e-10
-1.084623444049720556e-10
-1.003291702725753762e-10
-9.175468999150314852e-11
-8.280094048267888752e-11
-7.468738412934089919e-11
-6.753420204457023048e-11
-5.950660751129321861e-11
-5.207685535738280512e-11
-4.544531169501308331e-11
-3.888502816493386880e-11
-3.229093124706692613e-11
-2.661745460405578132e-11
-2.159150629687043025e-11
-1.682587849311830375e-11
-1.178638270178601345e-11
-8.042747352459716791e-12
-5.001092662832374712e-12
-1.722977584897758875e-12
7.494906416064695236e-13
2.617331513593831836e-12
3.784159360003305105e-12
5.121535809490963320e-12
5.602978378148346238e-12
5.641511681637551304e-12
5.061396106973153962e-12
4.753597216688214832e-12
3.705453002307339381e-12
2.371978106663949445e-12
9.376232777752503982e-13
-4.244197976270842925e-13
-1.975198010654831844e-12
-3.653817828076987712e-12
-5.012641854620421474e-12
-6.243931407170524629e-12
-7.347213273372835998e-12
-8.321576375954183227e-12
-8.766044955239999052e-12
-9.024217149319755082e-12
-9.024813965056112148e-12
-8.640581826510112888e-12
-7.864374556373621443e-12
-6.927998736576398767e-12
-5.909401191335231111e-12
-4.619660089322133262e-12
-3.283195314270768827e-12
-2.020176324647412931e-12
-9.447733808594707412e-13
1.806707047472890978e-13
9.297585548348329559e-13
1.403447681174374484e-12
1.516168761826087598e-12
1.478808891777473531e-12
1.077211696061058600e-12
5.144603515850553756e-13
-1.874738489496754355e-13
-8.463967373816864578e-13
-1.534098063178487414e-12
-2.062218709200359306e-12
-2.330045377406321220e-12
-2.355173430468110062e-12
-2.163693808715484536e-12
-1.770289270354193109e-12
-1.171393039880842550e-12
-5.414305967473608287e-13
2.323934102406980844e-14
4.390322757928544841e-13
6.704091958592233274e-13
6.439564051940998687e-13
3.899286569829007709e-13
1.790198285616924503e-14
-4.171541397636978457e-13
-7.785697565847926128e-13
-9.955345178104357974e-13
-9.684461225641424862e-13
-7.684230864516750301e-13
-4.019430989635440800e-13
-3.631926575637324332e-14
2.636309663456851583e-13
3.727405684096421484e-13
2.883096104478549580e-13
1.721022065393515977e-14
-2.594979862717475130e-13
-4.786221646739514862e-13
-5.284856654657286802e-13
-3.809294720972238301e-13
-1.241326993154647916e-13
1.180184967711994623e-13
2.352340880689978586e-13
1.554351616144305806e-13
-3.953594666342331125e-14
-2.450587852518860419e-13
-3.197644786271099437e-13
-2.252980799536965423e-13
-2.446000795181153468e-14
1.335947341087532304e-13
1.393744597219920840e-13
-2.552341597452792773e-16
-1.599659109795932001e-13
-2.100246835820595866e-13
-9.609515261833249385e-14
5.917462524640377932e-14
1.150531973472362224e-13
1.485285488659539294e-14
-1.149655504269130384e-13
-1.385261765243884818e-13
-2.398304705702179727e-14
7.923810391893752345e-14
5.378148743072588875e-14
-6.779117005155348472e-14
-1.035364288296829732e-13
-1.541774389744076920e-14
7.184644111697626597e-14
1.608960168490408622e-14
-7.401582796242745429e-14
-5.338684843246497697e-14
4.469212780570291405e-14
3.423328842131660339e-14
-5.009408946359908317e-14
-4.564160476889724965e-14
4.084567314987819551e-14
1.928875127429656708e-14
-4.960521682699073629e-14
-1.260128729927855337e-14
4.383290801581101420e-14
-2.076697732205693682e-14
-3.146170845170545978e-14
3.112158823024296012e-14
2.475455418165560598e-15
-3.618059278411628959e-14
2.968744169714895646e-14
-1.540856035988842548e-15
-2.422272988236937596e-14
2.679482956901506147e-14
-9.606895839577730577e-15
-1.164432434358982422e-14
2.766516355110208782e-14
-2.865413531013616201e-14
2.377875409945205499e-14
-9.956982047258373835e-15
1.650810695539053674e-15
9.655092827110547609e-15
-1.095670799880379743e-14
1.632104056165736101e-14
-1.212310168424109905e-14
1.487768414161145591e-14
-8.726145877475019496e-15
1.146825373257355719e-14
-5.104346597712846924e-15
8.655250304316045291e-15
-2.472794059660333606e-15
6.821973472486472280e-15
-7.614406089246426543e-16
5.714052395945457874e-15
3.379485965445548987e-16
5.049480980381371632e-15
1.066790171382838550e-15
4.641186476924179098e-15
1.572876483288424935e-15
4.381133945649737729e-15
1.940766326760704853e-15
4.209047823891661105e-15
2.218862270235854732e-15
4.090977539575331440e-15
2.435749041789865799e-15
4.007250991445801788e-15
2.609058874678518714e-15
3.946070863390985346e-15
2.750179594011050566e-15
3.900117124362299519e-15
2.866792145873744109e-15
3.864704787415666225e-15
2.964281522598421680e-15
3.836752975481587091e-15
3.046551338795675174e-15
3.814187943035918705e-15
3.116512785600602526e-15
3.795585712845269623e-15
3.176389397155808587e-15
3.779951506573300190e-15
3.227913820268081884e-15
3.766579830564383230e-15
3.272459027311359009e-15
3.754963563780676563e-15
3.311128414542264756e-15
3.744733636336156575e-15
3.344819322932003415e-15
3.735618272780710298e-15
3.374268893015411841e-15
3.727415021700580034e-15
3.400087874096852855e-15
3.719971300316200834e-15
3.422786025101215267e-15
3.713170704301202770e-15
3.442791519881129115e-15
3.706923279269753131e-15
3.460465993641226468e-15
3.701158547852650249e-15
3.476116363327511968e-15
3.695820475642688218e-15
3.490004222190689158e-15
3.690863814096028007e-15
3.502353383395176071e-15
3.686251429101997067e-15
3.513355992221671228e-15
3.681952340779667695e-15
3.523177518792923542e-15
3.677940278820599218e-15
3.531960865018644085e-15
3.674192613831817079e-15
3.539829764691461726e-15
3.670689564199204195e-15
3.546891613863919640e-15
3.667413605024240424e-15
3.553239839044191040e-15
3.664349026135813618e-15
3.558955887444439050e-15
3.661481600208601050e-15
3.564110906410170201e-15
3.658798332019660344e-15
3.568767165611911047e-15
3.656287268100227101e-15
3.572979265479977748e-15
3.653937350975070785e-15
3.576795167031470012e-15
3.651738306290797284e-15
3.580257071807309578e-15
3.649680554706784023e-15
3.583402175784299922e-15
3.647755141793536821e-15
3.586263316604009235e-15
3.645953681423184885e-15
3.588869530563489226e-15
3.644268309331610639e-15
3.591246532913114981e-15
3.642691643953124517e-15
3.593417132613617316e-15
3.641216753036669000e-15
3.595401591377219122e-15
3.639837124311543064e-15
3.597217934782678369e-15
3.638546639411592341e-15
3.598882222491934500e-15
3.637339550294461401e-15
3.600408783077810130e-15
3.636210457505521524e-15
3.601810418577783156e-15
3.635154290004133562e-15
3.603098582868838596e-15
3.634166286304932450e-15
3.604283537391209790e-15
3.633241976577010541e-15
3.605374487267136969e-15
3.632377165739196379e-15
3.606379700516330067e-15
3.631567917390326978e-15
3.607306612516065208e-15
3.630810538340468804e-15
3.608161917668147173e-15
3.630101564051694602e-15
3.608951649881361729e-15
3.629437744541572099e-15
3.609681253424618430e-15
3.628816030989768387e-15
3.610355645216533398e-15
3.628233562926772113e-15
3.610979269773079713e-15
3.627687655966921025e-15
3.611556147594028435e-15
3.627175790094467545e-15
3.612089917928180588e-15
3.626695598491875785e-15
3.612583876478551064e-15
3.626244856805754919e-15
3.613041008770145191e-15
3.625821472950241127e-15
3.613464019572356349e-15
3.625423477325184692e-15
3.613855358948281927e-15
3.625049013447265542e-15
3.614217245252021623e-15
3.624696328997867177e-15
3.614551685441240695e-15
3.624363767232864976e-15
3.614860492986836872e-15
3.624049758721670066e-15
3.615145303658682882e-15
3.623752813408588348e-15
3.615407589411806920e-15
3.623471512934886210e-15
3.615648670537684965e-15
3.623204503253700353e-15
3.615869726273550627e-15
3.622950487401056079e-15
3.616071804034382263e-15
3.622708218522067888e-15
3.616255827341465461e-15
3.622476492997728521e-15
3.616422602625128749e-15
3.622254143747017597e-15
3.616572824928627611e-15
3.622040033587385965e-15
3.616707082657560456e-15
3.621833048699994471e-15
3.616825861388229531e-15
3.621632092088202439e-15
3.616929546863492459e-15
3.621436077101607345e-15
3.617018427146038545e-15
3.621243920889631313e-15
3.617092694054421699e-15
3.621054537856023489e-15
3.617152443885887375e-15
3.620866833024749667e-15
3.617197677453267595e-15
3.620679695332248839e-15
3.617228299499159429e-15
3.620491990820526792e-15
3.617244117508123721e-15
3.620302555724331700e-15
3.617244839955009981e-15
3.620110189433180892e-15
3.617230074022851995e-15
3.619913647359685133e-15
3.617199322836832770e-15
3.619711633695780509e-15
3.617151982273914885e-15
3.619502794103852468e-15
3.617087337383986819e-15
