# bin_3_2
2.591652985148721667e-04
2.590218555902717664e-04
2.591454963564981799e-04
2.590094380434204788e-04
2.591244331570270731e-04
2.589951958102009897e-04
2.591019562370196596e-04
2.589790021684515637e-04
2.590779032010288602e-04
2.589607183915578034e-04
2.590521014022651781e-04
2.589401933827652430e-04
2.590243674754574041e-04
2.589172633807091707e-04
2.589945069636567310e-04
2.588917517625366331e-04
2.589623140675801618e-04
2.588634689772288688e-04
2.589275715512958710e-04
2.588322126468616175e-04
2.588900508440402509e-04
2.587977678782013005e-04
2.588495123829652272e-04
2.587599078326015809e-04
2.588057062465402803e-04
2.587183946077286668e-04
2.587583731344196211e-04
2.586729804882036956e-04
2.587072457508661103e-04
2.586234096252291699e-04
2.586520506536216539e-04
2.585694202056412760e-04
2.585925106251843681e-04
2.585107471669543817e-04
2.585283476207609547e-04
2.584471255073174031e-04
2.584592863337828016e-04
2.583782942225615418e-04
2.583850584005366042e-04
2.583040008794451701e-04
2.583054072351949619e-04
2.582240067957881479e-04
2.582200934432817897e-04
2.581380927486021885e-04
2.581289007012945737e-04
2.580460650616439545e-04
2.580316419129515958e-04
2.579477618359479123e-04
2.579281653524149076e-04
2.578430589760998329e-04
2.578183603846053947e-04
2.577318755343135362e-04
2.577021622106745870e-04
2.576141777438413234e-04
2.575795549312831847e-04
2.574899809531891351e-04
2.574505720579285304e-04
2.573593485152945049e-04
2.573152934568112993e-04
2.572223865550896799e-04
2.571738376018665269e-04
2.570792334675621872e-04
2.570263479908281449e-04
2.569300430342723210e-04
2.568729726876401256e-04
2.567749602480420834e-04
2.567138362662098653e-04
2.566140893746406159e-04
2.565490040158387272e-04
2.564474545303115885e-04
2.563784392004461710e-04
2.562749541806939499e-04
2.562019554921497115e-04
2.560963124975978219e-04
2.560191684251704740e-04
2.559110324073927381e-04
2.558294517453269163e-04
2.557183572677991599e-04
2.556319066262735464e-04
2.555172500898924529e-04
2.554253534490102820e-04
2.553064005235877233e-04
2.552083565197634592e-04
2.550842696538755490e-04
2.549792908307189497e-04
2.548491800227464105e-04
2.547364557177666188e-04
2.545994521936863512e-04
2.544782321479581227e-04
2.543335789459962655e-04
2.542032680812075069e-04
2.540504140719393564e-04
2.539106608761269759e-04
2.537493366620581481e-04
2.536000900809060976e-04
2.534303380139335386e-04
2.532718438406250964e-04
2.530939738894047463e-04
2.529266856989293832e-04
2.527411386312573100e-04
2.525655346522417554e-04
2.523726575182308365e-04
2.521889854856820780e-04
2.519887612717050984e-04
2.517967744325796280e-04
2.515885898525499595e-04
2.513873757064173631e-04
2.511699398690595128e-04
2.509579554404534280e-04
2.507294705511125513e-04
2.505048560721253237e-04
2.502634645973396302e-04
2.500245951969119426e-04
2.497689848494522458e-04
2.495150578093511227e-04
2.492449444920744224e-04
2.489762666623753233e-04
2.486924037812935674e-04
2.484100674309710870e-04
2.481135776356262895e-04
2.478184987116883379e-04
2.475097377652065432e-04
2.472015293762249376e-04
2.468791963610017103e-04
2.465557478795103556e-04
2.462171158417012125e-04
2.458755489468270679e-04
2.455180589495032273e-04
2.451566871423937208e-04
2.447798358609931950e-04
2.443994572511143750e-04
2.440050195024227810e-04
2.436078065826244895e-04
2.431974918262117652e-04
2.427839491659254049e-04
2.423565649066360855e-04
2.419239428483854195e-04
2.414758754794466434e-04
2.410209090819798530e-04
2.405504237836435862e-04
2.400736630231595583e-04
2.395833691236381221e-04
2.390883303396276532e-04
2.385808694489160303e-04
2.380678526334044007e-04
2.375407913002627338e-04
2.370058402826611180e-04
2.364559674688954409e-04
2.358987987760128734e-04
2.353293117457205970e-04
2.347549607073728896e-04
2.341696166359370280e-04
2.335781508285893833e-04
2.329735490639199883e-04
2.323612832501817393e-04
2.317372847424229256e-04
2.311088643004317585e-04
2.304719187093042117e-04
2.298307081006851973e-04
2.291788894043064089e-04
2.285209272017060529e-04
2.278540920762639488e-04
2.271852040540631710e-04
2.265104537102886298e-04
2.258324401960724664e-04
2.251460182221930303e-04
2.244567806305152737e-04
2.237636346872178537e-04
2.230706688621126048e-04
2.223721109874415185e-04
2.216708818992169669e-04
2.209661938939059341e-04
2.202632321257838740e-04
2.195567263828935147e-04
2.188479960140016223e-04
2.181362474041680208e-04
2.174263859945105531e-04
2.167127844346462893e-04
2.159965569885046995e-04
2.152777918647298672e-04
2.145592604634724218e-04
2.138344713927277894e-04
2.131069151722078344e-04
2.123762268212886538e-04
2.116409836310979592e-04
2.108981671860837154e-04
2.101530071683703677e-04
2.093994514232444938e-04
2.086392911730490973e-04
2.078731873469742177e-04
2.070991327372098450e-04
2.063167129708850839e-04
2.055292616696288396e-04
2.047311837999608896e-04
2.039290710998995870e-04
2.031178489094923165e-04
2.023015602591452563e-04
2.014790561481973519e-04
2.006509374401866730e-04
1.998186329870684853e-04
1.989811836563084885e-04
1.981403772062429358e-04
1.972950852496377805e-04
1.964463331454073341e-04
1.955932015540982633e-04
1.947357831829584255e-04
1.938733454849438814e-04
1.930053246079873534e-04
1.921312005447044398e-04
1.912501857646796942e-04
1.903621344137523905e-04
1.894664511582716895e-04
1.885635296936782597e-04
1.876531954636888550e-04
1.867363563684648576e-04
1.858131664302717226e-04
1.848847304415824234e-04
1.839511414887049629e-04
1.830132120331671379e-04
1.820705443913038426e-04
1.811233354085837945e-04
1.801706101709598241e-04
1.792121221775371486e-04
1.782467680252727339e-04
1.772744858919208524e-04
1.762947187864861856e-04
1.753081143017658835e-04
1.743148667526015611e-04
1.733161047753359416e-04
1.723121324034043614e-04
1.713036665187523907e-04
1.702902652640447497e-04
1.692717414773996069e-04
1.682470197575516098e-04
1.672157596470722060e-04
1.661773994144217213e-04
1.651325245525611543e-04
1.640815785567960349e-04
1.630256623337741895e-04
1.619650089529651852e-04
1.608997737518312620e-04
1.598290658691834841e-04
1.587523376859786405e-04
1.576689585322654916e-04
1.565794469275479280e-04
1.554844345258831341e-04
1.543849498510695205e-04
1.532810051296048962e-04
1.521722370405655404e-04
1.510576406052779581e-04
1.499370615751108391e-04
1.488108769395748098e-04
1.476802265663753569e-04
1.465454753513698797e-04
1.454063431117755332e-04
1.442618481316877037e-04
1.431119060284283815e-04
1.419571764644263060e-04
1.407987234265182369e-04
1.396364329305376678e-04
1.384695698079577944e-04
1.372976475297484728e-04
1.361215520726282878e-04
1.349421326336487572e-04
1.337592492459658037e-04
1.325719758910086029e-04
1.313805654386583307e-04
1.301860594970949848e-04
1.289887465614186616e-04
1.277877148219376188e-04
1.265830424229998368e-04
1.253758058104625169e-04
1.241661655845583702e-04
1.229532652757836530e-04
1.217375959619374230e-04
1.205200951059626880e-04
1.193002946375973871e-04
1.180779630922959106e-04
1.168541276478116217e-04
1.156286341092113858e-04
1.144011434254395661e-04
1.131726792502068011e-04
1.119430219442795729e-04
1.107119472879724740e-04
1.094805755001178186e-04
1.082483883197950589e-04
1.070155303122782668e-04
1.057829809627886311e-04
1.045499533310310518e-04
1.033174445111793843e-04
1.020851870328072741e-04
1.008535803897410871e-04
9.962303315905752230e-05
9.839328866263135980e-05
9.716515688826645250e-05
9.593833260442238592e-05
9.471354625786085736e-05
9.349055559325478073e-05
9.227004264639717876e-05
9.105192086316116218e-05
8.983665941790924543e-05
8.862427481006668122e-05
8.741528321116021451e-05
8.620969903193217944e-05
8.500793378542885763e-05
8.381011741019246133e-05
8.261666731655124319e-05
8.142767988817351595e-05
8.024349761317399812e-05
7.906428409081409276e-05
7.789043246628254004e-05
7.672206620146125252e-05
7.555951948446079148e-05
7.440299401341660471e-05
7.325282268191691637e-05
7.210916986996952804e-05
7.097234691991624004e-05
6.984259845193477691e-05
6.872020589047489556e-05
6.760537107459981346e-05
6.649837374060787846e-05
6.539944443367615580e-05
6.430883947632937429e-05
6.322676987114557413e-05
6.215349874985204575e-05
6.108924288298108591e-05
6.003421071666193484e-05
5.898859496262934612e-05
5.795262977292503596e-05
5.692650295203171044e-05
5.591043493232634499e-05
5.490460417945218377e-05
5.390922509149386014e-05
5.292446357137681835e-05
5.195054053922874956e-05
5.098762063705030925e-05
5.003589172901511676e-05
4.909546905453981416e-05
4.816652085871465146e-05
4.724917039137821348e-05
4.634356292271298022e-05
4.544978369524522581e-05
4.456796061931318916e-05
4.369820392195054084e-05
4.284063119795278145e-05
4.199531726563317865e-05
4.116234248910631961e-05
4.034177529163313086e-05
3.953369139816630151e-05
3.873813098033550582e-05
3.795513353579087592e-05
3.718474341177039082e-05
3.642699912499314122e-05
3.568191427469069734e-05
3.494949810670238961e-05
3.422973206274778344e-05
3.352257446941451114e-05
3.282799805190163143e-05
3.214600436364700362e-05
3.147655956971498101e-05
3.081962572808107526e-05
3.017513121582193492e-05
2.954298783739817041e-05
2.892312367394983216e-05
2.831546396274410798e-05
2.771993577904041767e-05
2.713645038124158781e-05
2.656488284908375410e-05
2.600511091349378160e-05
2.545701806721560118e-05
2.492048557258179925e-05
2.439537986097700976e-05
2.388155774544103280e-05
2.337888176164209768e-05
2.288721148610058385e-05
2.240640765736951604e-05
2.193629144148129102e-05
2.147668145133471807e-05
2.102742656318610029e-05
2.058837796365183494e-05
2.015934411890155434e-05
1.974013990331305291e-05
1.933059313225344932e-05
1.893054241729687942e-05
1.853979247905046735e-05
1.815815229249322666e-05
1.778543547887120489e-05
1.742144346222321275e-05
1.706600644168894073e-05
1.671895758083867040e-05
1.638007439074282899e-05
1.604915591657461209e-05
1.572604483643302980e-05
1.541054551022381851e-05
1.510245645171604982e-05
1.480160877472114071e-05
1.450780900651152837e-05
1.422088190548551461e-05
1.394061917364003670e-05
1.366686885303953098e-05
1.339946071716700600e-05
1.313818673813601381e-05
1.288288170435039768e-05
1.263339424535659347e-05
1.238955056225929537e-05
1.215116956525716624e-05
1.191810169644267094e-05
1.169018624119038068e-05
1.146726590579492324e-05
1.124918020671616402e-05
1.103578048494230066e-05
1.082693879989049026e-05
1.062248944850161820e-05
1.042229863923904284e-05
1.022624221842739680e-05
1.003418752507254833e-05
9.845987871455691857e-06
9.661520638027413650e-06
9.480691537274957726e-06
9.303361596329390540e-06
9.129412072395876049e-06
8.958738539976622659e-06
8.791247728996690242e-06
8.626817619213666388e-06
8.465349891960226094e-06
8.306760396817494094e-06
8.150966044481720805e-06
7.997847802818032524e-06
7.847329377516732842e-06
7.699354734982835033e-06
7.553834277983318148e-06
7.410671729271302413e-06
7.269802110449528510e-06
7.131185739850801028e-06
6.994736084010219612e-06
6.860378231613530436e-06
6.728065196949831795e-06
6.597761333791899558e-06
6.469380028106466351e-06
6.342869809088101526e-06
6.218209824673578476e-06
6.095357941666536913e-06
5.974231758988382119e-06
5.854800642273119675e-06
5.737065455955784603e-06
5.620971794003313609e-06
5.506455903892241157e-06
5.393502683036761018e-06
5.282113228942762836e-06
5.172228358633585686e-06
5.063805377857251590e-06
4.956847041319478367e-06
4.851351655553241590e-06
4.747251582297124940e-06
4.644531019992274676e-06
4.543215055698526951e-06
4.443280676889486322e-06
4.344665011911768619e-06
4.247366869932053217e-06
4.151427352799107698e-06
4.056802269361323432e-06
3.963451819256789968e-06
3.871385308170766467e-06
3.780636701519343324e-06
3.691149695746375013e-06
3.602906900078962838e-06
3.515934973955022659e-06
3.430250413869805022e-06
3.345783944600326978e-06
3.262542410150753651e-06
3.180576369559107629e-06
3.099866364060418141e-06
3.020354905540938661e-06
2.942055965185540869e-06
2.865025475611936699e-06
2.789220439413273346e-06
2.714607942870544920e-06
2.641210103617002226e-06
2.569069208108155732e-06
2.498123068553782190e-06
2.428362655325784188e-06
2.359828564618761070e-06
2.292532942459029104e-06
2.226406228795361097e-06
2.161457315642497183e-06
2.097746315043588554e-06
2.035242082629371302e-06
1.973895812540182889e-06
1.913720590619334751e-06
1.854772253403341259e-06
1.796996608979024915e-06
1.740369828086145286e-06
1.684910042053581145e-06
1.630656019786937154e-06
1.577535498221039763e-06
1.525546614604648274e-06
1.474724526167650763e-06
1.425070301428774082e-06
1.376516060747612768e-06
1.329069009533648367e-06
1.282778353687824168e-06
1.237600924658842537e-06
1.193499714662552038e-06
1.150479843571881999e-06
1.108579329775520436e-06
1.067741561776179332e-06
1.027948727420562848e-06
9.892076616995369170e-07
9.515438262140905069e-07
9.148867180307779096e-07
8.792350761197691442e-07
8.446124483735569650e-07
8.110041944856756850e-07
7.783605083615050123e-07
7.466779439551932471e-07
7.159918652232371578e-07
6.862575304031948750e-07
6.574550820129703637e-07
6.295820637348893016e-07
6.026670683708632524e-07
5.766619145897284103e-07
5.515614018580997473e-07
5.273649547490906893e-07
5.040815044727150069e-07
4.816513476717204116e-07
4.600624885930443780e-07
4.393103755791245967e-07
4.193566823304791147e-07
4.001481965807889063e-07
3.816527401258292518e-07
3.638609364382759013e-07
3.467113483477087506e-07
3.301675432901421153e-07
3.141970353586311944e-07
2.987910767969344189e-07
2.838954139612255134e-07
2.694917922525456280e-07
2.555634954942769898e-07
2.421020195416483958e-07
2.290737368924764491e-07
2.164741289716853047e-07
2.043085049318941415e-07
1.925643224323478308e-07
1.812353662523715861e-07
1.703183046237210697e-07
1.598251530678859743e-07
1.497416359178123880e-07
1.400715016688062053e-07
1.308071590581222186e-07
1.219546648610260453e-07
1.134973366087463681e-07
1.054382695494567375e-07
9.777132476988932217e-08
9.049135960803676931e-08
8.358388613590999585e-08
7.704194860088622420e-08
7.086117610859213009e-08
6.502875579202170840e-08
5.953661711732879961e-08
5.437013243718135064e-08
4.952106314748510622e-08
4.497324543893925991e-08
4.071999921182102943e-08
3.674615262373246289e-08
3.304096939113284688e-08
2.958964746618622710e-08
2.638524102681699867e-08
2.341260121030425957e-08
2.065773272857265925e-08
1.811322550501195240e-08
1.576670928059877633e-08
1.360254135310771226e-08
1.161238621674365004e-08
9.791137699929619185e-09
8.124469077096939954e-09
6.602743072290796591e-09
5.216829061780058367e-09
3.962226140912082065e-09
2.826676972148851397e-09
1.801467657200974356e-09
8.818539643947209185e-10
6.069374125789376414e-11
-6.741742280233364142e-10
-1.331217453568402666e-09
-1.908182043134988372e-09
-2.413533490984579925e-09
-2.860128490487970202e-09
-3.248841730246992590e-09
-3.581121801381685986e-09
-3.864626386171328742e-09
-4.105692843116313985e-09
-4.304752703347405635e-09
-4.461607769702104194e-09
-4.583498102697902876e-09
-4.678461175611652040e-09
-4.744005823226904393e-09
-4.783975612498338922e-09
-4.805813839826765753e-09
-4.811718143101505427e-09
-4.798485687119846931e-09
-4.768117845499244535e-09
-4.725922511820274182e-09
-4.669601133303359376e-09
-4.600300140333796876e-09
-4.520954779256097015e-09
-4.435692677459152579e-09
-4.343743417220451943e-09
-4.250224034174135965e-09
-4.153826691128160883e-09
-4.052289271481975677e-09
-3.945045712794721782e-09
-3.834333279025229340e-09
-3.720970346876345493e-09
-3.608776757599659239e-09
-3.499611233112442390e-09
-3.390801809570790366e-09
-3.283964097405424722e-09
-3.174970976319125342e-09
-3.064014400556814361e-09
-2.953747699474756597e-09
-2.851860923371155641e-09
-2.753595954029590538e-09
-2.655270611856253783e-09
-2.556503993510286308e-09
-2.457942353834831051e-09
-2.364599938359201667e-09
-2.278215951507353000e-09
-2.193398138077188351e-09
-2.106824429899481896e-09
-2.021820908668714919e-09
-1.943516334004205894e-09
-1.869502501165999765e-09
-1.796029369218567993e-09
-1.723951661777860717e-09
-1.654355203848234237e-09
-1.589630237971316029e-09
-1.528120691161126521e-09
-1.467339126198286666e-09
-1.407547196694746436e-09
-1.352265301618184973e-09
-1.300095450467743014e-09
-1.247490952425867509e-09
-1.198150074585390676e-09
-1.151777025268157696e-09
-1.105982017057902653e-09
-1.062774768698954076e-09
-1.022601880081285451e-09
-9.812530925140785843e-10
-9.436273950735113905e-10
-9.101053483556328123e-10
-8.731479607706489595e-10
-8.401322140345697097e-10
-8.115819908208126422e-10
-7.793183439452073274e-10
-7.505310384717250606e-10
-7.230184493890798375e-10
-6.967133710191302364e-10
-6.717245436605012636e-10
-6.461989241571500745e-10
-6.236187142554703717e-10
-6.017626605274972728e-10
-5.797615800093825844e-10
-5.598136351762370479e-10
-5.404917655482411094e-10
-5.218375158770058606e-10
-5.027833052065223218e-10
-4.858034911153114567e-10
-4.695800773395715561e-10
-4.529032630904256634e-10
-4.362320286611466032e-10
-4.212553226289495466e-10
-4.074623163065361005e-10
-3.925172853784946439e-10
-3.779434996572354505e-10
-3.643777476259737991e-10
-3.514370311054393964e-10
-3.375781667918297309e-10
-3.249294000191533659e-10
-3.134965706048707828e-10
-3.013601619637300528e-10
-2.881793418665704698e-10
-2.763526527607362314e-10
-2.655746280814932682e-10
-2.534973280245521801e-10
-2.414858829878844854e-10
-2.306979505883136586e-10
-2.202286713554809331e-10
-2.084780287576215594e-10
-1.973219793246465044e-10
-1.873007337941697135e-10
-1.773126354517273993e-10
-1.658580753173626181e-10
-1.554252386897214483e-10
-1.460149934629947558e-10
-1.362639182662726733e-10
-1.258337785839228112e-10
-1.164181033773259786e-10
-1.078180663517114358e-10
-9.822141253871407764e-11
-8.897972395821665957e-11
-8.042211426351995302e-11
-7.257256009353066159e-11
-6.412146007703225123e-11
-5.621307315667281825e-11
-4.888710420494826629e-11
-4.209027194098851069e-11
-3.477208757690899122e-11
-2.864868081382931633e-11
-2.343035406967164353e-11
-1.804373810973595391e-11
-1.280862474479449416e-11
-8.736405985886423097e-12
-5.707720193158820063e-12
-2.259853402798707292e-12
3.905241356993348406e-13
2.278756927092263813e-12
3.517685147457711032e-12
4.852605567830578981e-12
5.519151797796998101e-12
5.627039645670677656e-12
5.196459782868659504e-12
4.910766169995296679e-12
3.890372169762564341e-12
2.428544763568115134e-12
9.124597971816276493e-13
-6.405892399996385985e-13
-2.332544011194244481e-12
-4.203905057731131693e-12
-5.584966633949212371e-12
-6.797605327032488464e-12
-7.858314367626122226e-12
-8.847168743179352447e-12
-9.214034356774068556e-12
-9.544883800195003174e-12
-9.665111756490525588e-12
-9.327128189956048100e-12
-8.519930405303208647e-12
-7.513099457621920904e-12
-6.330974997766103124e-12
-4.882095765523439999e-12
-3.434100364916385497e-12
-2.145640126990012180e-12
-1.065951001676724877e-12
7.550708864023471953e-14
8.782650590380868003e-13
1.450968558380927926e-12
1.596265504557384553e-12
1.588470471237457576e-12
1.131564021584278807e-12
5.027374930609978324e-13
-2.543838439108295484e-13
-9.510872550247863481e-13
-1.653037001781128751e-12
-2.192329009970066122e-12
-2.457726422853584880e-12
-2.511536528315755942e-12
-2.345330347480583008e-12
-1.921059088232948841e-12
-1.219982426526254661e-12
-5.274373970220517851e-13
4.169252535034410104e-15
3.796039295056818388e-13
6.845995631436418169e-13
7.409184556622827775e-13
4.226684780077559181e-13
-6.207910957405359014e-14
-4.613248597966679141e-13
-7.550213222368739521e-13
-1.060694081123627896e-12
-1.097069244605833108e-12
-8.001415484421173447e-13
-3.896747118630295680e-13
-8.654809134289413574e-14
2.654387404899830183e-13
4.351937797500766853e-13
2.890347963274026719e-13
-6.464582294960931074e-15
-2.569212911055454046e-13
-5.125007644002231161e-13
-5.799652111033137798e-13
-3.925579047515443959e-13
-1.192340953247204062e-13
1.007105996193738181e-13
2.635666488467942487e-13
1.530729914396438157e-13
-4.685483298429722947e-14
-2.402179884374023380e-13
-3.614896823417455016e-13
-2.211965462796777319e-13
-4.231860797120272844e-14
1.493023233877284388e-13
1.480200067506836682e-13
-7.681065368321652511e-16
-1.713513493317803818e-13
-2.245419164810959525e-13
-9.671259786507450371e-14
6.097275997562207716e-14
1.220561689975273325e-13
1.379293411920077102e-14
-1.177793317164439078e-13
-1.476119454914202936e-13
-2.574650422369205422e-14
8.474411363589533399e-14
5.892293871403494067e-14
-7.238854203129669199e-14
-1.095578998410776740e-13
-1.378140995389698633e-14
7.565393332316814434e-14
1.759924305018436728e-14
-7.670069237535688689e-14
-5.606957312817385712e-14
4.775276857915423557e-14
3.808485708762296161e-14
-5.301543967146486416e-14
-4.687243870072703896e-14
4.416470560706299013e-14
2.109601783489191775e-14
-5.105021245161246211e-14
-1.275864128247124952e-14
4.768275536916233644e-14
-2.095489897575161164e-14
-3.241963069794487463e-14
3.427004898079343254e-14
3.431930396194628930e-15
-3.694945216663709120e-14
3.226276082572707764e-14
-2.481878314511598186e-16
-2.479649089567115396e-14
2.973865302195539135e-14
-9.246071821033321455e-15
-1.102169671211492564e-14
3.030225046821975670e-14
-2.907600670802926957e-14
2.623656605289417781e-14
-9.291731632699628471e-15
2.830165135382406718e-15
1.147455202335060139e-14
-1.050391212029205400e-14
1.853409831246738639e-14
-1.172508425412208777e-14
1.700589541640514718e-14
-8.115309337159010383e-15
1.339530004059769521e-14
-4.268871206365952163e-15
1.041616170876018175e-14
-1.472459609984005786e-15
8.474479047926009516e-15
3.482611697069214590e-16
7.300887424348167257e-15
1.519881009579785602e-15
6.596738553944963469e-15
2.298210851976111724e-15
6.163920886598600612e-15
2.839888866924384656e-15
5.888029192690042999e-15
3.234567103031792977e-15
5.705239088713168832e-15
3.533590680671890357e-15
5.579606137685734406e-15
3.767303748766118614e-15
5.490307279432366029e-15
3.954440631131261549e-15
5.424858551633806492e-15
4.107113761700308338e-15
5.375516715869462798e-15
4.233502516808924521e-15
5.337328125667425075e-15
4.339348628448928324e-15
5.307036898921625679e-15
4.428819811469924051e-15
5.282452728796083065e-15
4.505028368715936451e-15
5.262072489727091475e-15
4.570354596430101249e-15
5.244846730849796284e-15
4.626655708205230319e-15
5.230031593165659386e-15
4.675405244907044622e-15
5.217092621891720063e-15
4.717788871507679537e-15
5.205640970942433725e-15
4.754771969616799960e-15
5.195390321861934335e-15
4.787148473267274886e-15
5.186127336141689407e-15
4.815576908147165918e-15
5.177691117686814218e-15
4.840607492308853914e-15
5.169958773778754495e-15
4.862702859836395957e-15
5.162835163989857474e-15
4.882254143942388430e-15
5.156245561216014225e-15
4.899593623696355825e-15
5.150130359567338847e-15
4.915004784385583377e-15
5.144441235472519995e-15
4.928730402878742620e-15
5.139138347657997031e-15
4.940979104324476552e-15
5.134188285819476818e-15
4.951930722685266599e-15
5.129562561996087886e-15
4.961740713490196657e-15
5.125236496352417884e-15
4.970543810240484059e-15
5.121188392239002008e-15
4.978457070092539476e-15
5.117398922572798930e-15
4.985582424496247237e-15
5.113850672083798897e-15
4.992008823924663321e-15
5.110527794143955204e-15
4.997814048993850428e-15
5.107415752227899833e-15
5.003066245366127058e-15
5.104501123652604088e-15
5.007825228518826911e-15
5.101771449657160069e-15
5.012143596568393110e-15
5.099215119247973523e-15
5.016067681742022506e-15
5.096821278366652870e-15
5.019638365901589870e-15
5.094579757532593059e-15
5.022891781242968224e-15
5.092481013235989559e-15
5.025859913663779278e-15
5.090516079371633289e-15
5.028571123257208431e-15
5.088676526384885080e-15
5.031050594103736735e-15
5.086954425720733644e-15
5.033320723916003529e-15
5.085342318735601408e-15
5.035401461813450282e-15
5.083833188499084680e-15
5.037310601804987602e-15
5.082420434275813245e-15
5.039064038086753109e-15
5.081097847658025074e-15
5.040675987517369957e-15
5.079859590397586437e-15
5.042159183671757839e-15
5.078700173311885230e-15
5.043525046341907066e-15
5.077614436418516345e-15
5.044783829852522458e-15
5.076597529807781564e-15
5.045944752926063419e-15
5.075644895474268385e-15
5.047016112483322718e-15
5.074752249809177175e-15
5.048005383631023211e-15
5.073915566868839321e-15
5.048919307420571700e-15
5.073131062253767193e-15
5.049763968051979301e-15
5.072395177633783540e-15
5.050544860798347091e-15
5.071704565918328680e-15
5.051266951875361686e-15
5.071056076959808094e-15
5.051934731115261540e-15
5.070446743818609776e-15
5.052552258490174676e-15
5.069873769629010347e-15
5.053123205042321374e-15
5.069334514830482325e-15
5.053650889037866019e-15
5.068826485039304020e-15
5.054138307737390760e-15
5.068347319201836156e-15
5.054588165470397259e-15
5.067894778283084004e-15
5.055002898234978719e-15
5.067466734257756120e-15
5.055384695304462110e-15
5.067061159458119346e-15
5.055735518143485680e-15
5.066676116222997522e-15
5.056057116883130186e-15
5.066309746817742333e-15
5.056351044604880104e-15
5.065960263551211920e-15
5.056618669632117831e-15
5.065625939097744460e-15
5.056861186037646807e-15
5.065305096918349149e-15
5.057079622432861030e-15
5.064996101826735988e-15
5.057274849289354013e-15
5.064697350548529031e-15
5.057447584811759458e-15
5.064407262340127762e-15
5.057598399474252877e-15
5.064124269509744206e-15
5.057727719328008703e-15
5.063846807928718113e-15
5.057835828133530766e-15
5.063573307350715327e-15
5.057922868363051531e-15
5.063302181616674637e-15
5.057988841137387727e-15
5.063031818642040858e-15
5.058033605137861346e-15
5.062760570163428460e-15
5.058056874534146639e-15
5.062486741222876935e-15
5.058058215954765770e-15
5.062208579364905571e-15
5.058037044563064327e-15
5.061924263522734147e-15
5.057992619243033034e-15
5.061631892590609575e-15
5.057924036971469129e-15
5.061329473669168621e-15
5.057830226414318294e-15
5.061014910046080991e-15
5.057709940827230222e-15
5.060685988887200989e-15
5.057561750321985970e-15
5.060340368754992540e-15
5.057384033630626822e-15
