# bin_4_4
8.393900995357985199e-04
8.390705413586504275e-04
8.392805362970542655e-04
8.389723292552550083e-04
8.391617241908112118e-04
8.388634654534772150e-04
8.390327542113932896e-04
8.387430672314262394e-04
8.388926516187808968e-04
8.386101809530720208e-04
8.387403731268958454e-04
8.384637797269095701e-04
8.385748045824697929e-04
8.383027616235565107e-04
8.383947593099787265e-04
8.381259486397907472e-04
8.381989773224565385e-04
8.379320866270109028e-04
8.379861256371412982e-04
8.377198464448575715e-04
8.377547999691453045e-04
8.374878266295570544e-04
8.375035281146645970e-04
8.372345579105559300e-04
8.372307753709945207e-04
8.369585099389423690e-04
8.369349523735795287e-04
8.366581006238566843e-04
8.366144257562366454e-04
8.363317084891451177e-04
8.362675320499618351e-04
8.359776884689714034e-04
8.358925952298794631e-04
8.355943915340399404e-04
8.354879482815417155e-04
8.351801884901393323e-04
8.350519590788704240e-04
8.347334981817610810e-04
8.345830607345795446e-04
8.342528201703304763e-04
8.340797863795485498e-04
8.337367717110162309e-04
8.335408080354429370e-04
8.331841285057949237e-04
8.329649788438862109e-04
8.325938682502702533e-04
8.323513773875126790e-04
8.319652153939298455e-04
8.316993521698788508e-04
8.312976847905126452e-04
8.310085635043198624e-04
8.305911210293330299e-04
8.302790191104174149e-04
8.298457292272873407e-04
8.295110986603530063e-04
8.290620919786198008e-04
8.287055614306258408e-04
8.282411660991147824e-04
8.278635302204349119e-04
8.273842519201300661e-04
8.269864439839934907e-04
8.264929274070090042e-04
8.260759714596218467e-04
8.255689396223021056e-04
8.251338788288741779e-04
8.246140474160283413e-04
8.241618465415893359e-04
8.236298121973908157e-04
8.231612344011101636e-04
8.226173387099232695e-04
8.221328003020180646e-04
8.215769753467063634e-04
8.210763869890602739e-04
8.205079938884514076e-04
8.199906028656036173e-04
8.194082813654183627e-04
8.188725365913203163e-04
8.182740909567670943e-04
8.177175593698706585e-04
8.170999122128487198e-04
8.165192804787030139e-04
8.158785296778544444e-04
8.152697261747661288e-04
8.146013378228777200e-04
8.139598035083791400e-04
8.132589623982996964e-04
8.125800818428058911e-04
8.118421970902627407e-04
8.111218699741827966e-04
8.103431952135246429e-04
8.095784836843936778e-04
8.087567607691956801e-04
8.079464939565082163e-04
8.070814744500838956e-04
8.062266404385747334e-04
8.053202972242992034e-04
8.044240263871024451e-04
8.034802642911642286e-04
8.025472352541529898e-04
8.015709753254382898e-04
8.006061852844050452e-04
7.996018563014671695e-04
7.986089045143779158e-04
7.975786245119208685e-04
7.965579356901455197e-04
7.954999507350303837e-04
7.944476245714290723e-04
7.933557663858340631e-04
7.922638219238120789e-04
7.911286676081140737e-04
7.899871677755826221e-04
7.887990662380846459e-04
7.875998489679115339e-04
7.863530116997923371e-04
7.850936589233400986e-04
7.837894231562394457e-04
7.824752003012572753e-04
7.811220878017366724e-04
7.797637464433485868e-04
7.783729389801531196e-04
7.769802060183195148e-04
7.755578539092174931e-04
7.741318017513130773e-04
7.726729912080457273e-04
7.712031700819955071e-04
7.696934553940751019e-04
7.681643232585310538e-04
7.665904643092209987e-04
7.649945888207819152e-04
7.633572620527783381e-04
7.617040056637937448e-04
7.600192506674838559e-04
7.583272037856830360e-04
7.566105159061806314e-04
7.548868601186349211e-04
7.531339376741903692e-04
7.513636355435449922e-04
7.495535329560479168e-04
7.477177340431766760e-04
7.458418096838568710e-04
7.439469951747439309e-04
7.420254458878522462e-04
7.400975599781273433e-04
7.381501411153670303e-04
7.361926624276519992e-04
7.342040232243305731e-04
7.321907861386456849e-04
7.301393596027593372e-04
7.280679844983589145e-04
7.259743973755259294e-04
7.238772646409911363e-04
7.217646689165453742e-04
7.196392666033532169e-04
7.174810618987042176e-04
7.152980938870275550e-04
7.130882617232889428e-04
7.108732511990116737e-04
7.086488103619218619e-04
7.064171480201750924e-04
7.041570686148663528e-04
7.018732525350544933e-04
6.995672521270537240e-04
6.972607390941413597e-04
6.949464511145469732e-04
6.926186282006880713e-04
6.902596533656958893e-04
6.878851530568266034e-04
6.855037901552942349e-04
6.831222757484234267e-04
6.807167858972780743e-04
6.782875214290492094e-04
6.758437461526698971e-04
6.734024903725399115e-04
6.709423905721550226e-04
6.684560223383784324e-04
6.659521857650047613e-04
6.634494759889908271e-04
6.609241240652372670e-04
6.583709359594576427e-04
6.558049680670871703e-04
6.532340032468517219e-04
6.506288036917116978e-04
6.480036011477391953e-04
6.453705557070897559e-04
6.427119398697713317e-04
6.400216391023740535e-04
6.373276413622255138e-04
6.346025175304556174e-04
6.318511870553697885e-04
6.290902450908779408e-04
6.262985147281105707e-04
6.234834990376789988e-04
6.206592229243977675e-04
6.177960720551425519e-04
6.149290128557913628e-04
6.120299124336977615e-04
6.091156619661193148e-04
6.061831387606744391e-04
6.032258016012085732e-04
6.002573615470854383e-04
5.972615883483054855e-04
5.942551752855744886e-04
5.912226678679210947e-04
5.881771369359833348e-04
5.851071244664737695e-04
5.820212640833993031e-04
5.789117704359895153e-04
5.757840638503414384e-04
5.726330193388602836e-04
5.694622046312922342e-04
5.662683818183044922e-04
5.630542190718925777e-04
5.598178367981849948e-04
5.565614805892805158e-04
5.532841536705719512e-04
5.499877486737542219e-04
5.466716422720014094e-04
5.433372091203913243e-04
5.399837533404135527e-04
5.366120025201016452e-04
5.332210158116830814e-04
5.298110315243488187e-04
5.263810875533123925e-04
5.229313995044358515e-04
5.194614293682009660e-04
5.159718226012727400e-04
5.124626788658854766e-04
5.089350566343813940e-04
5.053893349384086823e-04
5.018264261921933289e-04
4.982463276736329508e-04
4.946493117470921169e-04
4.910348253801145174e-04
4.874028023947154565e-04
4.837528182155260937e-04
4.800853150007506850e-04
4.764006363253487828e-04
4.726998653280769700e-04
4.689835950674578935e-04
4.652525780480771611e-04
4.615066790811983197e-04
4.577458896817906031e-04
4.539697689820694580e-04
4.501786758490597938e-04
4.463730560466133311e-04
4.425541138247529593e-04
4.387225271886093414e-04
4.348789131623696466e-04
4.310229695144434259e-04
4.271547218481263676e-04
4.232742178915326297e-04
4.193825434539508851e-04
4.154806075374585734e-04
4.115693397692948147e-04
4.076486064298689245e-04
4.037184902241347908e-04
3.997791842631677212e-04
3.958319917193710378e-04
3.918778316217806103e-04
3.879173318327863934e-04
3.839501696970005194e-04
3.799768525242394309e-04
3.759983158130923665e-04
3.720159653784046658e-04
3.680299465536467389e-04
3.640404329231449691e-04
3.600479439933338636e-04
3.560540632088630194e-04
3.520593169449730861e-04
3.480639170539370384e-04
3.440682855557688092e-04
3.400740416669463658e-04
3.360817018182202481e-04
3.320915520173561581e-04
3.281042918590982107e-04
3.241214377271696380e-04
3.201431703030672223e-04
3.161702216652500152e-04
3.122036238900187952e-04
3.082441973192435168e-04
3.042923093437901734e-04
3.003494840759549870e-04
2.964159285115749868e-04
2.924924829322253419e-04
2.885804169080895178e-04
2.846801981407611143e-04
2.807924339356609273e-04
2.769187106821794134e-04
2.730589900697522705e-04
2.692148094753619449e-04
2.653864760453638781e-04
2.615751680943430258e-04
2.577815910741892719e-04
2.540064444088540978e-04
2.502507938381827815e-04
2.465152767398576402e-04
2.428008161204184170e-04
2.391080835282535972e-04
2.354380420700734225e-04
2.317914320090968888e-04
2.281689811255762919e-04
2.245714778557478795e-04
2.209997602721019364e-04
2.174545556395800097e-04
2.139365397102643200e-04
2.104465238220811266e-04
2.069852255903137611e-04
2.035532966117543170e-04
2.001513471754472195e-04
1.967801182145668211e-04
1.934402112038080958e-04
1.901322990099707565e-04
1.868569053714506630e-04
1.836146877106260161e-04
1.804061582773188572e-04
1.772318782430255563e-04
1.740923036920623691e-04
1.709880756517407686e-04
1.679195209267941489e-04
1.648871949098858474e-04
1.618914434486803629e-04
1.589327858626741726e-04
1.560114804410979103e-04
1.531279727026238231e-04
1.502824777055319330e-04
1.474753734626081355e-04
1.447067969539341675e-04
1.419770787539888170e-04
1.392863310989415795e-04
1.366348134362710930e-04
1.340225548589132898e-04
1.314497727552539456e-04
1.289165284131002195e-04
1.264229500512959923e-04
1.239690152326396991e-04
1.215548359680624691e-04
1.191803292939828767e-04
1.168455078358244419e-04
1.145502093268539658e-04
1.122944199302075563e-04
1.100779250425943599e-04
1.079005977746418321e-04
1.057621804776226959e-04
1.036626002911055720e-04
1.016015780947007632e-04
9.957891671327950606e-05
9.759428096459227763e-05
9.564748738627711707e-05
9.373811892590458157e-05
9.186589428138749710e-05
9.003038319512114565e-05
8.823131347293370285e-05
8.646824225368087368e-05
8.474083010413254553e-05
8.304859030505981957e-05
8.139115697544020852e-05
7.976792622040496279e-05
7.817852384508542870e-05
7.662246295699766104e-05
7.509930151355492106e-05
7.360851070586421272e-05
7.214961518032150909e-05
7.072197359738831345e-05
6.932512144775611253e-05
6.795845960912602862e-05
6.662153615434948531e-05
6.531381317380964991e-05
6.403471036500063161e-05
6.278359222106724192e-05
6.155997058488910947e-05
6.036323770335555233e-05
5.919287508645178621e-05
5.804823253319328646e-05
5.692882904602333409e-05
5.583406027640557879e-05
5.476341791820177833e-05
5.371625812531323003e-05
5.269205684122159941e-05
5.169021651934686644e-05
5.071026803779013145e-05
4.975159206351794831e-05
4.881366671951236426e-05
4.789589963814101629e-05
4.699784777492707323e-05
4.611894261770212909e-05
4.525870691792679003e-05
4.441655948722655016e-05
4.359201850124116686e-05
4.278459678995085417e-05
4.199388586777789902e-05
4.121928824336030498e-05
4.046036918199929101e-05
3.971672073206174343e-05
3.898786592542525441e-05
3.827328997490479659e-05
3.757266879739756810e-05
3.688555087838769588e-05
3.621154142058005026e-05
3.555015770261454086e-05
3.490113690177482531e-05
3.426407966450797097e-05
3.363855170489501762e-05
3.302420571733178788e-05
3.242079371968279778e-05
3.182791263674746371e-05
3.124522394665682208e-05
3.067244402084655993e-05
3.010931646429913168e-05
2.955547863160727971e-05
2.901066264967557088e-05
2.847461683921564005e-05
2.794715089000431331e-05
2.742788445236875192e-05
2.691664123795026541e-05
2.641325292163669753e-05
2.591749176078479572e-05
2.542905096967927267e-05
2.494777241135768698e-05
2.447355622348046324e-05
2.400617263438004108e-05
2.354537119854750499e-05
2.309105357057830477e-05
2.264313756338826559e-05
2.220137532998745357e-05
2.176559526442057579e-05
2.133578888355202444e-05
2.091182739779379651e-05
2.049348077574095371e-05
2.008064609655972106e-05
1.967338305144024707e-05
1.927151968874641846e-05
1.887486558668646325e-05
1.848337228248338727e-05
1.809710826965160567e-05
1.771588156131461472e-05
1.733957011037832405e-05
1.696817346953846119e-05
1.660174812404100432e-05
1.624006190462114242e-05
1.588307810878027089e-05
1.553087851148053059e-05
1.518344392154951575e-05
1.484054359851181586e-05
1.450220306993997941e-05
1.416856300312913347e-05
1.383950787935180212e-05
1.351488463106549494e-05
1.319475170565123271e-05
1.287922094622507427e-05
1.256814538996734233e-05
1.226143834632843280e-05
1.195919315968458056e-05
1.166148947500572606e-05
1.136811696928426647e-05
1.107907607697774747e-05
1.079453343414627803e-05
1.051444361790051779e-05
1.023863105395919408e-05
9.967120761422349333e-06
9.700117153379047625e-06
9.437469088474745399e-06
9.179086578715560876e-06
8.925016806914140268e-06
8.675418728190056560e-06
8.430092782078083994e-06
8.189015101511354114e-06
7.952270930005214629e-06
7.719945583037868570e-06
7.491803248064988524e-06
7.267881811504570426e-06
7.048330127452173764e-06
6.833092078906965734e-06
6.621993379665731575e-06
6.415074085476769129e-06
6.212494914971840072e-06
6.014108255922604937e-06
5.819823707873720710e-06
5.629686940348252645e-06
5.443808993195323455e-06
5.261989641740919822e-06
5.084198363390561442e-06
4.910519489643805715e-06
4.740966563120579323e-06
4.575334700755879640e-06
4.413624703139650228e-06
4.255967951680078404e-06
4.102247002157386676e-06
3.952336950272054952e-06
3.806229801084271390e-06
3.664045799964350608e-06
3.525610909449521912e-06
3.390865867675933951e-06
3.259803556351083605e-06
3.132505273472250556e-06
3.008758843246978491e-06
2.888548850564110309e-06
2.771907772002744296e-06
2.658817145835738717e-06
2.549103632009426122e-06
2.442763399100840582e-06
2.339875790935601558e-06
2.240335832190238866e-06
2.144071631941375525e-06
2.051083739502908585e-06
1.961441932772415314e-06
1.875021496290439436e-06
1.791779754765056439e-06
1.711684424107973294e-06
1.634734838037155049e-06
1.560725643134064455e-06
1.489566786576241071e-06
1.421183088986325295e-06
1.355422962947092362e-06
1.292081878780416555e-06
1.231010926753354048e-06
1.172139113014675558e-06
1.115258858069180551e-06
1.060252960536196074e-06
1.007016911737396700e-06
9.555414894538834983e-07
9.057027255595997303e-07
8.574826459779679211e-07
8.108399776393124066e-07
7.657833789713893386e-07
7.222269705395929650e-07
6.801842412521009059e-07
6.396718700456595397e-07
6.006884228243505240e-07
5.632127349116197290e-07
5.272286152861226958e-07
4.927422326987802121e-07
4.597170125266404092e-07
4.281642582672423140e-07
3.980636195017962455e-07
3.694041490963716780e-07
3.421245817681089485e-07
3.162172161341683459e-07
2.916630735821265521e-07
2.684435317408991739e-07
2.465016362341196377e-07
2.257912437071120459e-07
2.062867235750706531e-07
1.879555780439423456e-07
1.707613537214735606e-07
1.546345189457147273e-07
1.395491316827050348e-07
1.254672366208448460e-07
1.123483455760541657e-07
1.001231290924255294e-07
8.878036714307300952e-08
7.828086673696866713e-08
6.856883380990849883e-08
5.959104496522764828e-08
5.132385695410064210e-08
4.372015048906833876e-08
3.675397496840796209e-08
3.038933213163096641e-08
2.457052576841436623e-08
1.928047868459473385e-08
1.449057982412555694e-08
1.013917255327726998e-08
6.220544551221698108e-09
2.697711234054668635e-09
-4.725360695548207748e-10
-3.300086671307151107e-09
-5.805673746807876337e-09
-8.013357371907345104e-09
-9.971847323017052471e-09
-1.169000417107757410e-08
-1.315270838673768097e-08
-1.440288348372894467e-08
-1.547643425861351050e-08
-1.637643343806004877e-08
-1.710196342083662152e-08
-1.769080210393594787e-08
-1.815517903982608985e-08
-1.849445784315730181e-08
-1.872631474157681517e-08
-1.887279004915688762e-08
-1.893656330013540370e-08
-1.892483866446232466e-08
-1.884194869063751266e-08
-1.869886638573444115e-08
-1.850492067405177975e-08
-1.825414134987607223e-08
-1.795751386605954858e-08
-1.764424903160035643e-08
-1.728269049268026114e-08
-1.690080596179250563e-08
-1.650677360993326205e-08
-1.610053670900168641e-08
-1.567560242103476609e-08
-1.524086214436567466e-08
-1.479401756924082138e-08
-1.433491702439420212e-08
-1.387743022297339363e-08
-1.342193356257747528e-08
-1.296698876281142970e-08
-1.252345833604624101e-08
-1.208776434257747239e-08
-1.164656112182028577e-08
-1.121455204754897797e-08
-1.078375455612887017e-08
-1.036637269534980203e-08
-9.962913474389401484e-09
-9.572379495819662274e-09
-9.186194466997137461e-09
-8.802174412650800376e-09
-8.431350825080492222e-09
-8.075151929354942525e-09
-7.736344410942970372e-09
-7.411536808544144633e-09
-7.093923361511507878e-09
-6.779504716249396781e-09
-6.477863131427981628e-09
-6.194041609390203054e-09
-5.916832385025059337e-09
-5.639329249605093195e-09
-5.382561758659794583e-09
-5.150387268818102497e-09
-4.916153280568612594e-09
-4.676774683950803135e-09
-4.460409696677756263e-09
-4.263793180718252421e-09
-4.067313429567809159e-09
-3.874058653330966312e-09
-3.692595863873096213e-09
-3.515980067644117437e-09
-3.352100094575080363e-09
-3.195503171143436406e-09
-3.045367207967443093e-09
-2.905398298850793211e-09
-2.763545357234935436e-09
-2.636910306375075438e-09
-2.520340450209969193e-09
-2.390591648789165390e-09
-2.279683988858811619e-09
-2.181966394939479157e-09
-2.079891435911544167e-09
-1.978315793442564317e-09
-1.889460915963588330e-09
-1.803619565171360854e-09
-1.722430509947093129e-09
-1.643038072695179253e-09
-1.570098335849023881e-09
-1.499372978845059205e-09
-1.433006904830050535e-09
-1.368974852340879748e-09
-1.308162670483480929e-09
-1.257689698526785471e-09
-1.195930426942386916e-09
-1.146955000962744137e-09
-1.101258197017986621e-09
-1.052999139170839198e-09
-1.008620512976098831e-09
-9.669656413567499512e-10
-9.275459170542132689e-10
-8.913697606436269186e-10
-8.527007290345432308e-10
-8.198276359486118244e-10
-7.892143600861927279e-10
-7.557575614286411843e-10
-7.256712918528941831e-10
-6.999165671127619725e-10
-6.746647047268513084e-10
-6.468388380205302355e-10
-6.210746575061582797e-10
-6.008014736239427492e-10
-5.784238525009179657e-10
-5.542302114095582217e-10
-5.335797677938874285e-10
-5.159201625481805441e-10
-4.934610035372048090e-10
-4.733167763558434063e-10
-4.578223477207073392e-10
-4.416503280033629060e-10
-4.209654490974111133e-10
-4.037249584772845144e-10
-3.898446790539227549e-10
-3.740511205994923155e-10
-3.561684278766180695e-10
-3.417510138794772642e-10
-3.278580801365809826e-10
-3.120406344756737592e-10
-2.960034862355104904e-10
-2.834592860830227069e-10
-2.721435810543854928e-10
-2.568236802756880824e-10
-2.426013279507438359e-10
-2.300137789484142313e-10
-2.181388351526283829e-10
-2.030592271839815062e-10
-1.908961102966605958e-10
-1.802221643836630485e-10
-1.675347881437918175e-10
-1.541005478427030207e-10
-1.420937530984410188e-10
-1.317704381144928685e-10
-1.199272167556714578e-10
-1.084471212572451409e-10
-9.838214940690847722e-11
-8.973377185786842744e-11
-7.902183106331306902e-11
-6.984323398690684944e-11
-6.110743455919200908e-11
-5.275938254219500280e-11
-4.399350212614019690e-11
-3.650928062311139729e-11
-2.996199216199864947e-11
-2.332617666620315307e-11
-1.688305963780421824e-11
-1.199855419330911819e-11
-8.576392856752165077e-12
-4.245414871405438351e-12
-1.091243055999851425e-12
1.209626398493168445e-12
2.765771217063397244e-12
4.905338077619819413e-12
5.644231901428818354e-12
5.749632692437461619e-12
5.470847178921315371e-12
4.952355388106855196e-12
3.404502357593997880e-12
1.766825829272363497e-12
2.098872138957603860e-13
-1.188008449047674410e-12
-3.060688221730383384e-12
-5.298388116876246009e-12
-6.889735884164172575e-12
-8.687406366956872927e-12
-1.008058481868640645e-11
-1.111058301991814384e-11
-1.112821131269674039e-11
-1.148223933482007797e-11
-1.185939241329963909e-11
-1.153887882942189544e-11
-1.049648218904060751e-11
-8.955301091144663843e-12
-7.437852784705996191e-12
-5.905800598035567700e-12
-4.410239169188320222e-12
-2.853967145502235082e-12
-1.401287486964929399e-12
1.303376941703697486e-13
9.354109493824465565e-13
1.462829895049914815e-12
1.678869972299304050e-12
1.767831791050577230e-12
1.193156824261651761e-12
2.940094589397100030e-13
-4.239035741653290560e-13
-9.731494557970376712e-13
-1.962821358729696117e-12
-2.881933425719292893e-12
-2.959008483188089085e-12
-2.872991826365477789e-12
-2.821271603741632622e-12
-2.338658901538705608e-12
-1.481872418585482751e-12
-7.884735845393762175e-13
-8.293031144185171581e-14
5.357446467474845891e-13
7.358660823918695549e-13
7.495973716068875134e-13
5.819023223659422977e-13
-7.250540987593606448e-14
-5.562628813196728432e-13
-9.233748416775950033e-13
-1.386682045519098277e-12
-1.229148346921933031e-12
-9.921631592885416439e-13
-4.932620392636924749e-13
-6.589622825064766527e-14
3.415415152531124337e-13
4.814389007466761960e-13
2.666787596431273557e-13
5.990176011959127629e-14
-3.708550987649125104e-13
-5.982741569196027164e-13
-6.340437608170846288e-13
-4.864820391971368509e-13
-1.591589079040878375e-13
1.369559489695389327e-13
2.601918171533510963e-13
2.302719679501407963e-13
-4.839911982723764565e-14
-2.887871169570211233e-13
-4.314804813288897966e-13
-2.769882642001090697e-13
-2.456952412398805177e-14
1.894087721942872439e-13
1.742672140209401376e-13
-3.610468058022946572e-15
-2.068609750177784474e-13
-2.407604680786031786e-13
-1.060366376242302300e-13
7.153624542382272017e-14
1.383411308431312591e-13
4.075561346653000025e-14
-1.314316112419739272e-13
-1.758101026342429858e-13
-2.578450053755712092e-14
1.201290248276074184e-13
7.491133390181729185e-14
-8.662852236394829316e-14
-1.157550223887841054e-13
8.197255236842576411e-16
8.530025750614758142e-14
3.264961704750184431e-14
-7.452662529817451032e-14
-6.435954255689187235e-14
6.469191971907611283e-14
6.203744941441841313e-14
-6.200953696643003718e-14
-4.188919985427974316e-14
6.353303821012367029e-14
2.846039599741815044e-14
-4.414358886618015969e-14
-9.880145417821388894e-15
6.720175755588507361e-14
-1.334851042458940615e-14
-3.195483537502484600e-14
5.448279727100280139e-14
9.740702215870749687e-15
-2.991100464094016231e-14
4.473821505412019996e-14
1.248302650160874324e-14
-2.160446104529827918e-14
4.709913002865647186e-14
-2.468787570299921043e-15
-1.563922650509592012e-15
4.474492510925735256e-14
-2.320175168395859403e-14
4.026668569804495215e-14
-1.498017079900149861e-17
1.282726883640218694e-14
2.441487701049847902e-14
-2.787891206266013094e-15
3.270011521614572365e-14
-4.134878356371999656e-15
3.086156875944728826e-14
2.047426845933629451e-16
2.657084032211511990e-14
4.812882399950332316e-15
2.302916469695637861e-14
8.172846563864015936e-15
2.071498099153784512e-14
1.037371190578757423e-14
1.930984400789765718e-14
1.180205943530119659e-14
1.846083600382787690e-14
1.276076371995245104e-14
1.793377952280376961e-14
1.343549604067929505e-14
1.759336704334800486e-14
1.393273276539293614e-14
1.736405206174589811e-14
1.431362641737607004e-14
1.720324258493004795e-14
1.461445167208880147e-14
1.708623080911516452e-14
1.485770656330456872e-14
1.699817883686327117e-14
1.505801342704353598e-14
1.692986453488567840e-14
1.522530345028656170e-14
1.687537343063310949e-14
1.536659037872763384e-14
1.683080623277692384e-14
1.548699676123497437e-14
1.679352989143223434e-14
1.559037159137629156e-14
1.676172896389790738e-14
1.567967648690221802e-14
1.673412853728328599e-14
1.575723591482389507e-14
1.670981837029172246e-14
1.582490471362138074e-14
1.668813857136740055e-14
1.588418362107916983e-14
1.666860371542405025e-14
1.593630109810508317e-14
1.665085155962893412e-14
1.598227267926705629e-14
1.663460783964964905e-14
1.602294494785432269e-14
1.661966178016698966e-14
1.605902873937998805e-14
1.660584886114502928e-14
1.609112463378148542e-14
1.659303856814580669e-14
1.611974281889997823e-14
1.658112561108560957e-14
1.614531877124260862e-14
1.657002358139830757e-14
1.616822577722260653e-14
1.655966034093147010e-14
1.618878503399497881e-14
1.654997464884263944e-14
1.620727386991815535e-14
1.654091368253532414e-14
1.622393248902354765e-14
1.653243120474047748e-14
1.623896954174623331e-14
1.652448620233117738e-14
1.625256675594071301e-14
1.651704187005930295e-14
1.626488280706244412e-14
1.651006484730539297e-14
1.627605656879285613e-14
1.650352464128619546e-14
1.628620985561424266e-14
1.649739318757786556e-14
1.629544974504466393e-14
1.649164451272335598e-14
1.630387055182572973e-14
1.648625447150418578e-14
1.631155551098890140e-14
1.648120054072919578e-14
1.631857821770588572e-14
1.647646165408652748e-14
1.632500386149806748e-14
1.647201806813229227e-14
1.633089028756693578e-14
1.646785125123943787e-14
1.633628891106636368e-14
1.646394378991581747e-14
1.634124550669463598e-14
1.646027930809954439e-14
1.634580089188302806e-14
1.645684239619839466e-14
1.634999151859086662e-14
1.645361854792501063e-14
1.635384998764765512e-14
1.645059410275377991e-14
1.635740549562554472e-14
1.644775619303856634e-14
1.636068422444512299e-14
1.644509269473224115e-14
1.636370968077844505e-14
1.644259218121761708e-14
1.636650299276681352e-14
1.644024387954465448e-14
1.636908316930328747e-14
1.643803762865509196e-14
1.637146732698096921e-14
1.643596383975070245e-14
1.637367088888328921e-14
1.643401345787237189e-14
1.637570775883049952e-14
1.643217792531908230e-14
1.637759047427706367e-14
1.643044914605877394e-14
1.637933034028631489e-14
1.642881945143217569e-14
1.638093754715554935e-14
1.642728156701092506e-14
1.638242127347863977e-14
1.642582858021966540e-14
1.638378977650137780e-14
1.642445390904387433e-14
1.638505047100593313e-14
1.642315127119589737e-14
1.638620999825207758e-14
1.642191465426559988e-14
1.638727428587226654e-14
1.642073828618661067e-14
1.638824859972351043e-14
1.641961660612935515e-14
1.638913758857713075e-14
1.641854423583380900e-14
1.638994532207505174e-14
1.641751595099034084e-14
1.639067532282854122e-14
1.641652665275196016e-14
1.639133059301233355e-14
1.641557133909711712e-14
1.639191363584719272e-14
1.641464507602301721e-14
1.639242647234168336e-14
1.641374296826679628e-14
1.639287065362027119e-14
1.641286012959170828e-14
1.639324726903718342e-14
1.641199165230580490e-14
1.639355695017392041e-14
1.641113257589145229e-14
1.639379987105389834e-14
1.641027785467955926e-14
1.639397574442310265e-14
1.640942232423199844e-14
1.639408381443436548e-14
1.640856066634529422e-14
1.639412284553359984e-14
1.640768737245197954e-14
1.639409110771784780e-14
1.640679670529633844e-14
1.639398635809878393e-14
1.640588265862828387e-14
1.639380581876435313e-14
1.640493891476667041e-14
1.639354615093463354e-14
1.640395879988352492e-14
1.639320342531443364e-14
1.640293523683316200e-14
1.639277308869899893e-14
1.640186069538941499e-14
1.639224992676478093e-14
1.640072713980016249e-14
1.639162802307524214e-14
1.639952597358398442e-14
1.639090071431375691e-14
1.639824798150803516e-14
1.639006054187502321e-14
1.639688326888158073e-14
1.638909919994570878e-14
1.639542119817411740e-14
1.638800748028075154e-14
1.639385032325231365e-14
1.638677521408333503e-14
1.639215832157922342e-14
1.638539121136048369e-14
1.639033192482214607e-14
1.638384319853001550e-14
