# bin_4_3
5.658424663371279788e-04
5.656678067486512309e-04
5.657803885218734129e-04
5.656117317790542798e-04
5.657130363841445268e-04
5.655496051974761608e-04
5.656398925740298202e-04
5.654809240732023299e-04
5.655604021928354588e-04
5.654051449116608485e-04
5.654739711549276737e-04
5.653216822920573018e-04
5.653799648231257668e-04
5.652299078133312272e-04
5.652777070134850724e-04
5.651291494546456431e-04
5.651664794844817171e-04
5.650186914736592863e-04
5.650455220420663900e-04
5.648977749877536272e-04
5.649140334160651818e-04
5.647655994029982147e-04
5.647711730825778287e-04
5.646213248761055778e-04
5.646160642260317089e-04
5.644640760155171045e-04
5.644477980571766971e-04
5.642929470433748033e-04
5.642654397127723704e-04
5.641070086508523851e-04
5.640680359718846853e-04
5.639053167806060488e-04
5.638546250180646738e-04
5.636869235587634117e-04
5.636242484558461573e-04
5.634508905650135058e-04
5.633759657450226541e-04
5.631963045732031039e-04
5.631088711427650103e-04
5.629222957992001180e-04
5.628221131259794358e-04
5.626280585550696685e-04
5.625149161045069936e-04
5.623128740137694863e-04
5.621866040070531414e-04
5.619761345278173267e-04
5.618366250238779423e-04
5.616173686082995232e-04
5.614645764146055165e-04
5.612362652515992274e-04
5.610702278269384061e-04
5.608326958010027927e-04
5.606535410354499894e-04
5.604067309596323957e-04
5.602146834146318113e-04
5.599586499598959571e-04
5.597540318444289842e-04
5.594889382976675572e-04
5.592721631892250264e-04
5.589982699394842889e-04
5.587698270842764766e-04
5.584874696427370071e-04
5.582478966735677497e-04
5.579574511639105771e-04
5.577072933648170904e-04
5.574091279019103380e-04
5.571488828539979555e-04
5.568432941961911796e-04
5.565733419044676137e-04
5.562604783621975541e-04
5.559809989199518280e-04
5.556607728392866288e-04
5.553716564131630073e-04
5.550436526658979620e-04
5.547444100518313841e-04
5.544078007272116746e-04
5.540974866988705814e-04
5.537509662395700060e-04
5.534281318526862274e-04
5.530698904807304942e-04
5.527325834689744222e-04
5.523603387358621717e-04
5.520061717297754331e-04
5.516172767712271535e-04
5.512435794742893882e-04
5.508352201066305746e-04
5.504392817970657232e-04
5.500087611007637356e-04
5.495881523442549925e-04
5.491332398527013284e-04
5.486861769815440555e-04
5.482054710998874670e-04
5.477311564944723063e-04
5.472243779455493321e-04
5.467232203837036264e-04
5.461913308091162272e-04
5.456649352580633357e-04
5.451099731655210424e-04
5.445608048335545421e-04
5.439853681794379770e-04
5.434160579610004902e-04
5.428224523216288160e-04
5.422348276128055979e-04
5.416240395057471879e-04
5.410181211569644417e-04
5.403889365517312859e-04
5.397622891404025387e-04
5.391109868613897871e-04
5.384588560012398481e-04
5.377798615341134207e-04
5.370963720713199706e-04
5.363839646890356623e-04
5.356642254942686971e-04
5.349148460916196670e-04
5.341571893212120840e-04
5.333712816324814822e-04
5.325783573428952058e-04
5.317604017218154717e-04
5.309379390033373142e-04
5.300939008685143705e-04
5.292470359286461767e-04
5.283800280534206497e-04
5.275090015722232618e-04
5.266158828483038200e-04
5.257144246767837988e-04
5.247866674927295595e-04
5.238456276099638870e-04
5.228753795115725694e-04
5.218901805602086091e-04
5.208774403312382622e-04
5.198529829950022463e-04
5.188064228923635083e-04
5.177528236395809213e-04
5.166808222885107670e-04
5.156017787353007163e-04
5.145015679725787987e-04
5.133882694570539307e-04
5.122477233160495965e-04
5.110892458373018487e-04
5.099032236210058544e-04
5.087029846686974728e-04
5.074826722509976707e-04
5.062551335652523340e-04
5.050115387198784739e-04
5.037585660785077286e-04
5.024829766939815012e-04
5.011898050788531674e-04
4.998701032205475842e-04
4.985354957668088277e-04
4.971834841134920241e-04
4.958259378076071552e-04
4.944549735310198703e-04
4.930734358662820999e-04
4.916689479694518611e-04
4.902474001283878583e-04
4.888065763925053889e-04
4.873600752214310222e-04
4.859045313755489784e-04
4.844425622195101182e-04
4.829613044833000230e-04
4.814647726776623824e-04
4.799529921221653618e-04
4.784395586393497225e-04
4.769195700664257786e-04
4.753911305240263500e-04
4.738435284154367830e-04
4.722869033899208509e-04
4.707253859139261579e-04
4.691640381338473670e-04
4.675886585236569467e-04
4.660005683167622458e-04
4.644042075747888132e-04
4.628103030104956236e-04
4.612059686265405347e-04
4.595880253504917032e-04
4.579605385966886103e-04
4.563348840539196679e-04
4.546966740278011142e-04
4.530437309390506926e-04
4.513834897891179799e-04
4.497209666357770345e-04
4.480385367431264482e-04
4.463447466828242890e-04
4.446452842045691897e-04
4.429305943894878408e-04
4.411960558903120543e-04
4.394578859100898931e-04
4.376994958167718607e-04
4.359241305182200610e-04
4.341401577348280886e-04
4.323362019129745287e-04
4.305156734009399030e-04
4.286872021554279468e-04
4.268334579526851026e-04
4.249750409775900442e-04
4.230956435015311009e-04
4.212057869658031414e-04
4.193033970662223432e-04
4.173858076622391066e-04
4.154604570358889893e-04
4.135191239274887097e-04
4.115708174498687458e-04
4.096075452065033539e-04
4.076360593901142033e-04
4.056503455128183011e-04
4.036544152729319625e-04
4.016440807473156183e-04
3.996213926120784966e-04
3.975835642016409916e-04
3.955316426998105989e-04
3.934640225601262380e-04
3.913814983382882229e-04
3.892835268522501740e-04
3.871710299630516357e-04
3.850442742913158111e-04
3.829042505405040250e-04
3.807515397428067375e-04
3.785868118161996965e-04
3.764103734725352153e-04
3.742221857766086786e-04
3.720219638971553381e-04
3.698089862787640159e-04
3.675826360494055057e-04
3.653420943288121221e-04
3.630871183652741268e-04
3.608175275783185817e-04
3.585339472538963249e-04
3.562369639086049615e-04
3.539276977502013415e-04
3.516067189738206048e-04
3.492746265722313317e-04
3.469310834592933797e-04
3.445757269128176046e-04
3.422075741904706406e-04
3.398262337050696148e-04
3.374313847316311177e-04
3.350237410080389943e-04
3.326040618192019002e-04
3.301735637722092668e-04
3.277326515548908904e-04
3.252814381085724965e-04
3.228190811223693611e-04
3.203450180982041792e-04
3.178588079084848682e-04
3.153611642497812615e-04
3.128530309253034231e-04
3.103356117585507885e-04
3.078090595482023948e-04
3.052730154130317477e-04
3.027265682173998509e-04
3.001697174704910371e-04
2.976031513455457589e-04
2.950282796714346332e-04
2.924456743801443479e-04
2.898551175813704169e-04
2.872557346406669708e-04
2.846476492001889010e-04
2.820318710952247313e-04
2.794097533069693148e-04
2.767813476387114154e-04
2.741459989794289083e-04
2.715034325587553947e-04
2.688548790620482083e-04
2.662015217881841473e-04
2.635433858467235843e-04
2.608796886437471092e-04
2.582109773149214647e-04
2.555386873037596195e-04
2.528633581310598365e-04
2.501842261208672854e-04
2.475016479280714530e-04
2.448171074329826328e-04
2.421310420115964075e-04
2.394427803293643054e-04
2.367531379495360459e-04
2.340634285041517156e-04
2.313734281061378018e-04
2.286831942449407218e-04
2.259941253073334164e-04
2.233063307176447231e-04
2.206197814369948340e-04
2.179359106043901974e-04
2.152547266261243511e-04
2.125763190688762113e-04
2.099022544616882221e-04
2.072322275130359011e-04
2.045667308473011819e-04
2.019071801806151146e-04
1.992530080454300021e-04
1.966056298405535513e-04
1.939650498779951705e-04
1.913320336995731651e-04
1.887073267330280108e-04
1.860909512426001805e-04
1.834841255108583054e-04
1.808868020139385536e-04
1.783000969362706124e-04
1.757240375658653355e-04
1.731596844651042374e-04
1.706072270477120402e-04
1.680674683625332073e-04
1.655407125826263866e-04
1.630278462451387926e-04
1.605291507658755266e-04
1.580453582860611068e-04
1.555768661707302087e-04
1.531244195461542261e-04
1.506883499838805314e-04
1.482693032335232516e-04
1.458676880188395644e-04
1.434841877788592586e-04
1.411191684771427341e-04
1.387732306649880809e-04
1.364467809568176344e-04
1.341404006396688605e-04
1.318544424410971209e-04
1.295894387352426573e-04
1.273458083735230762e-04
1.251240034514584964e-04
1.229243918972660536e-04
1.207474332657302603e-04
1.185934925286230102e-04
1.164629626541757582e-04
1.143561800095399761e-04
1.122735205614035946e-04
1.102152725752326767e-04
1.081817605161730270e-04
1.061732692514312650e-04
1.041901120308298884e-04
1.022325118748133892e-04
1.003007114575461681e-04
9.839491865800714828e-05
9.651539575480371793e-05
9.466226433713564523e-05
9.283573069016775627e-05
9.103591322443388412e-05
8.926296297199533009e-05
8.751694380036734741e-05
8.579796599105619383e-05
8.410608568727424936e-05
8.244138733861256516e-05
8.080383091881868714e-05
7.919343639707511864e-05
7.761020481834953377e-05
7.605411260340159279e-05
7.452505288642932149e-05
7.302296906932094316e-05
7.154779439172664597e-05
7.009943254415893171e-05
6.867774066310983010e-05
6.728259117661148617e-05
6.591382084307751386e-05
6.457127319904143545e-05
6.325472438744198585e-05
6.196397839524125158e-05
6.069881384757018082e-05
5.945894938110027718e-05
5.824415758355658919e-05
5.705422641499529961e-05
5.588883089271208700e-05
5.474771737635635320e-05
5.363056047474315437e-05
5.253702731180874785e-05
5.146681186682872052e-05
5.041957239710287360e-05
4.939495670679100003e-05
4.839268867441620003e-05
4.741236557579449616e-05
4.645363666655543766e-05
4.551611858806212265e-05
4.459941964206440854e-05
4.370315368503365758e-05
4.282695025083244772e-05
4.197046206873691015e-05
4.113328879300207948e-05
4.031500618242106010e-05
3.951522213364389371e-05
3.873356213459300067e-05
3.796962821781652112e-05
3.722301146664857305e-05
3.649331504373348278e-05
3.578015184824530148e-05
3.508311776951822066e-05
3.440182754356492896e-05
3.373591347455951817e-05
3.308499716968736832e-05
3.244865827390887780e-05
3.182650671366894535e-05
3.121820997464648723e-05
3.062340229049951163e-05
3.004168860916667274e-05
2.947268925516611713e-05
2.891608585486887088e-05
2.837150959563400791e-05
2.783858188352433561e-05
2.731698190294121553e-05
2.680641994837337514e-05
2.630652106076324041e-05
2.581694838611977392e-05
2.533744133222133255e-05
2.486769790680306915e-05
2.440737266530335271e-05
2.395619078704965392e-05
2.351390861008319217e-05
2.308022764291839358e-05
2.265486349480223894e-05
2.223758222344760600e-05
2.182813411269424888e-05
2.142624253439781608e-05
2.103167200687783704e-05
2.064419426528683787e-05
2.026361855657896928e-05
1.988965993159232923e-05
1.952214229198116318e-05
1.916089987486017040e-05
1.880572696628814535e-05
1.845640336207773828e-05
1.811276020507467696e-05
1.777468709245620646e-05
1.744198164570519755e-05
1.711444938564891436e-05
1.679195607335792279e-05
1.647440973300963820e-05
1.616160098644534913e-05
1.585339243309761683e-05
1.554972349477737662e-05
1.525048707698561861e-05
1.495550506729391287e-05
1.466468498878380081e-05
1.437800508502807993e-05
1.409533414289664868e-05
1.381650628183688465e-05
1.354146764185160831e-05
1.327021326791770638e-05
1.300261897289842035e-05
1.273857377135388204e-05
1.247805832687025164e-05
1.222105848959335871e-05
1.196741483722544068e-05
1.171706508852538955e-05
1.147005016523622314e-05
1.122633545270886985e-05
1.098577444710405892e-05
1.074835160484590181e-05
1.051413758374575186e-05
1.028303357259328800e-05
1.005494152850192117e-05
9.829885853338099060e-06
9.607931166795252687e-06
9.388957788573365916e-06
9.172894503176857886e-06
8.959787790474405504e-06
8.749695351166375087e-06
8.542470735106033478e-06
8.338104736833830324e-06
8.136689881874481462e-06
7.938210811611667915e-06
7.742548188049185384e-06
7.549716622746775009e-06
7.359828922916992702e-06
7.172797811907520377e-06
6.988556761419405454e-06
6.807138363427215411e-06
6.628632025670403673e-06
6.452924926533220452e-06
6.279996502069255348e-06
6.109905483859438832e-06
5.942702871090356196e-06
5.778243713357407743e-06
5.616536261192560727e-06
5.457694243319784414e-06
5.301692479644570819e-06
5.148408439115643216e-06
4.997870320103771649e-06
4.850214429326080888e-06
4.705321439531628399e-06
4.563130093959804570e-06
4.423685636952827872e-06
4.287068615794819479e-06
4.153151019683243655e-06
4.021908427952662778e-06
3.893409991644004438e-06
3.767679197061455388e-06
3.644565504745407231e-06
3.524095415288374328e-06
3.406364322078028753e-06
3.291301050932602269e-06
3.178800082000236788e-06
3.068882681450498417e-06
2.961644923224319478e-06
2.856972428082362796e-06
2.754811138787485930e-06
2.655180528705368056e-06
2.558147612894538830e-06
2.463561120564878654e-06
2.371402700921710674e-06
2.281723952492937774e-06
2.194518365917649592e-06
2.109655344239902711e-06
2.027125458233686076e-06
1.947003610844469743e-06
1.869195487527112490e-06
1.793630914708435892e-06
1.720306230841508400e-06
1.649281303096434143e-06
1.580441444940223651e-06
1.513762144272067954e-06
1.449245675506911756e-06
1.386934986015975756e-06
1.326718035963281685e-06
1.268597508337219570e-06
1.212597549197874886e-06
1.158701093766954095e-06
1.106821811328122524e-06
1.056930850399772752e-06
1.009038918011704652e-06
9.630232158185984409e-07
9.187986809852598019e-07
8.762705764875511810e-07
8.353937145686613305e-07
7.960067012592561812e-07
7.580226560647520760e-07
7.213460278248076214e-07
6.859245892467985216e-07
6.516306607290811520e-07
6.184213178421050298e-07
5.862753341070904759e-07
5.551543921686609244e-07
5.250149786752038100e-07
4.958441203403521730e-07
4.676709771873806835e-07
4.404585456980889045e-07
4.142127051049798010e-07
3.889265289010390608e-07
3.646218585372573898e-07
3.412705349957833837e-07
3.188830719275207478e-07
2.974570309644801445e-07
2.770005538834381055e-07
2.574798291094509655e-07
2.388791250411473597e-07
2.211838610600176337e-07
2.043802157642669692e-07
1.884602714980659197e-07
1.734020881636692463e-07
1.591917112407803889e-07
1.457865504631925979e-07
1.331613090364266978e-07
1.212877285712025574e-07
1.101573738434682370e-07
9.973152400655262348e-08
8.999272152980028615e-08
8.090441702698597831e-08
7.242921602326015566e-08
6.455282357194370031e-08
5.725274279154945069e-08
5.048568701539691068e-08
4.422637672297453230e-08
3.845413762578333115e-08
3.314146002247838151e-08
2.825815087316333017e-08
2.376940466694611510e-08
1.967238823780579398e-08
1.593672647811268473e-08
1.253198863827400659e-08
9.439389398500820574e-09
6.642925776369075142e-09
4.116058436861144083e-09
1.844183613540179877e-09
-1.851580414372704034e-10
-1.994847145421529164e-09
-3.604336825158253512e-09
-5.023405627646167713e-09
-6.267911842847179292e-09
-7.359751589449657502e-09
-8.305333150084152467e-09
-9.110669883917438683e-09
-9.796657850771221117e-09
-1.037101179602660102e-08
-1.084688840265364531e-08
-1.122709975252729460e-08
-1.151933046367781266e-08
-1.173488124708922576e-08
-1.189659443739313502e-08
-1.199367891890181810e-08
-1.202370949725501673e-08
-1.201933049008187228e-08
-1.197025475599192923e-08
-1.187829766821630907e-08
-1.175211182668237083e-08
-1.159866443923886652e-08
-1.142379200196099886e-08
-1.122278897376949352e-08
-1.100425937462668513e-08
-1.076906148483176421e-08
-1.051527111964848489e-08
-1.025313146186434643e-08
-9.983230213632996660e-09
-9.708645260016543146e-09
-9.426610237869713600e-09
-9.140704875442062261e-09
-8.854188288184262495e-09
-8.567809544301591503e-09
-8.282923361354197077e-09
-7.998160466704807165e-09
-7.718127754419829715e-09
-7.441659108402852470e-09
-7.168049632294624332e-09
-6.898526808832479870e-09
-6.637951036642651630e-09
-6.381452537458875377e-09
-6.130811579374344009e-09
-5.890972814734693197e-09
-5.654917962109884792e-09
-5.423309817859947255e-09
-5.197930625821480771e-09
-4.980677274822485562e-09
-4.768491289307800063e-09
-4.568894118561700913e-09
-4.377728758344602934e-09
-4.187255378496355600e-09
-4.000723160077050870e-09
-3.830770988120062964e-09
-3.666039462827023294e-09
-3.500316244068696258e-09
-3.345239389218345642e-09
-3.201255901005998555e-09
-3.055242525946515340e-09
-2.914923178751316066e-09
-2.788661959863297039e-09
-2.666079464989640757e-09
-2.543919175119677510e-09
-2.426146034995169017e-09
-2.321166999554942951e-09
-2.219225204579719911e-09
-2.114624036216521465e-09
-2.019820056737661308e-09
-1.933412540220100342e-09
-1.848021501161099422e-09
-1.762229910475887590e-09
-1.685656008856244502e-09
-1.613922749552554839e-09
-1.541354370291490677e-09
-1.474491523110397721e-09
-1.410988600425699479e-09
-1.350775484700668576e-09
-1.292773971471144005e-09
-1.237348689612670640e-09
-1.185152996610086580e-09
-1.137553568924558132e-09
-1.086853095112384128e-09
-1.043164966713535694e-09
-1.002834367042827415e-09
-9.597723968363236966e-10
-9.204401954526447270e-10
-8.836603295848649841e-10
-8.499796350044350558e-10
-8.158076549991258722e-10
-7.829425534587966638e-10
-7.535300351081231903e-10
-7.261729203193535130e-10
-6.964583510904294811e-10
-6.701672280728224481e-10
-6.469361423253733551e-10
-6.239042698905348290e-10
-5.981506421346807132e-10
-5.758834437183988493e-10
-5.569122902883590483e-10
-5.356905401754643065e-10
-5.138205360688597246e-10
-4.951720423021000442e-10
-4.784685572638302554e-10
-4.593375231968968372e-10
-4.410514537602007708e-10
-4.260336765021370476e-10
-4.113057531103946684e-10
-3.934129251027535036e-10
-3.776778210897010009e-10
-3.644236695843685536e-10
-3.497674485080028382e-10
-3.333852555848245313e-10
-3.196788991989877499e-10
-3.076704538976469452e-10
-2.931031262267238561e-10
-2.786608464986404814e-10
-2.662979920053739128e-10
-2.548335380044425810e-10
-2.403395865098207513e-10
-2.269462800754777495e-10
-2.151197842246605555e-10
-2.039854186560646958e-10
-1.904349046839323908e-10
-1.791474487432980846e-10
-1.687122017343274196e-10
-1.568327295981161625e-10
-1.441892099855902210e-10
-1.334139711917256343e-10
-1.241074281690588505e-10
-1.131414631407112620e-10
-1.024052216414349045e-10
-9.257977525381632340e-11
-8.382490359223984512e-11
-7.378539772101965507e-11
-6.524710472506076146e-11
-5.710444727152023648e-11
-4.898973206680264487e-11
-4.027978549709497177e-11
-3.343980814048290295e-11
-2.785500551552365039e-11
-2.188245560591027204e-11
-1.568893190056449923e-11
-1.079329619489463186e-11
-7.544832290308795551e-12
-3.658560482315485559e-12
-4.537078374867227577e-13
2.003115683954037450e-12
3.117607941847621821e-12
4.596278447878059781e-12
5.415411949675330963e-12
5.724720754020956759e-12
5.206008300453106130e-12
4.766372489646114684e-12
3.832427649865577814e-12
2.278112733976104607e-12
5.684996539513565143e-13
-9.727914300338194848e-13
-2.953070148537474947e-12
-5.264112211057310515e-12
-6.484601139571353459e-12
-7.878634222430076195e-12
-9.230163900444205027e-12
-1.026216123840577355e-11
-1.054581066805647253e-11
-1.088558670748298034e-11
-1.105342069988409815e-11
-1.075234600376992132e-11
-9.673062651361327139e-12
-8.570451785858927302e-12
-7.283493022733758399e-12
-5.667040173716659727e-12
-3.975707573941308218e-12
-2.466116935392898194e-12
-1.323279300716201077e-12
2.081994228452454725e-14
8.259102581869066224e-13
1.528729519937094869e-12
1.710564312407641527e-12
1.701337216021985510e-12
1.175924916064526752e-12
4.986726543287807907e-13
-3.813417000875172544e-13
-1.094297789917686995e-12
-1.897405037726576052e-12
-2.542149738385395344e-12
-2.778652234087713728e-12
-2.865801350825729955e-12
-2.672595906432539133e-12
-2.173579743615712162e-12
-1.397059310169058867e-12
-6.340576372034473450e-13
-2.389485059293641051e-14
3.991809098078719766e-13
7.385047018015353773e-13
7.989972244032148777e-13
4.622761948066699678e-13
-8.749906317744038080e-14
-5.259455978213251940e-13
-8.528260953117290921e-13
-1.221151056565687448e-12
-1.238525842387698759e-12
-9.033665756883268143e-13
-4.515365856419166317e-13
-1.106836656686541964e-13
3.001374977429979069e-13
4.769694580141875514e-13
3.078156950339556974e-13
7.439552480111203663e-15
-2.996522397651477439e-13
-5.875255235635670029e-13
-6.442132138317650019e-13
-4.514094710247447038e-13
-1.312582753485428827e-13
1.181913806582446519e-13
2.844786064980553489e-13
1.778954160754336027e-13
-5.704379376603916654e-14
-2.693204305172390999e-13
-4.029918733674574350e-13
-2.469335265367050361e-13
-4.394414311102971002e-14
1.640493365469444894e-13
1.679947060022339001e-13
4.278222658663440701e-15
-1.891146093613779490e-13
-2.520118549913512108e-13
-1.062559247951185618e-13
7.191681251481454347e-14
1.414780826780498016e-13
1.930712241350402312e-14
-1.320497120915672167e-13
-1.617354484251338148e-13
-2.191461930541729365e-14
9.709765908392580998e-14
6.875250697423125306e-14
-7.641083825135162017e-14
-1.181352324397223419e-13
-1.173165284957566217e-14
8.864766654657718154e-14
2.484126215618366260e-14
-8.248877952682165513e-14
-5.765309393886345407e-14
5.798934840992913798e-14
4.671496896836977523e-14
-5.430270538533449363e-14
-4.775290459699936809e-14
5.383921404274643218e-14
2.867972397943041068e-14
-5.243324463603698366e-14
-9.262097487261383408e-15
5.783427172059501473e-14
-1.785715777813654927e-14
-3.188049999025073673e-14
4.350494233232187880e-14
9.157527817190879653e-15
-3.683146198085047211e-14
4.167363660481808068e-14
4.507016815717178890e-15
-2.249776232497614182e-14
3.835630646753902308e-14
-5.115637823188606578e-15
-7.305635962678787891e-15
3.929481800772769973e-14
-2.756234571642305090e-14
3.479107012921294155e-14
-5.360859610858168820e-15
8.558010967594862716e-15
1.796965990408064752e-14
-6.403351664634491462e-15
2.593595371604260733e-14
-7.785131734833271915e-15
2.426531588606632575e-14
-3.745159804467321216e-15
2.024989460493226341e-14
5.652156723658955515e-16
1.693452735019244180e-14
3.701479833348511390e-15
1.477675203852312832e-14
5.745412768407252663e-15
1.347625383043721878e-14
7.062224108269423624e-15
1.269928784779849206e-14
7.938206569987188793e-15
1.222443633705252710e-14
8.548719869356310627e-15
1.192389589534620532e-14
8.994160320781133360e-15
1.172643266012663055e-14
9.332049454164046417e-15
1.159198413957044504e-14
9.596401667986834062e-15
1.149738496301966229e-14
9.808234415425039462e-15
1.142878054708508816e-14
9.981150309076704605e-15
1.137760362028456764e-14
1.012434617097000903e-14
1.133839372001119961e-14
1.024428658419990856e-14
1.130757784361507049e-14
1.034567051444336934e-14
1.128276503090474717e-14
1.043201190635554163e-14
1.126232459224128352e-14
1.050600188896402643e-14
1.124512617662355036e-14
1.056974289525296474e-14
1.123037519182292517e-14
1.062490499491330678e-14
1.121750610533167049e-14
1.067283341413144570e-14
1.120611183737807547e-14
1.071462447481260978e-14
1.119589620762324990e-14
1.075118052256607341e-14
1.118664142260683308e-14
1.078325050979673357e-14
1.117818556061448746e-14
1.081146055200431004e-14
1.117040681007867053e-14
1.083633732351901006e-14
1.116321233496247841e-14
1.085832623751077994e-14
1.115653035024063394e-14
1.087780575977555085e-14
1.115030444527854812e-14
1.089509880912609683e-14
1.114448949871092384e-14
1.091048192977903630e-14
1.113904872552386247e-14
1.092419273863931909e-14
1.113395153693578570e-14
1.093643601893686458e-14
1.112917198559972420e-14
1.094738874234486224e-14
1.112468763369280715e-14
1.095720423261058831e-14
1.112047872880784642e-14
1.096601563742292144e-14
1.111652760282789245e-14
1.097393883696510735e-14
1.111281823345897059e-14
1.098107489171328428e-14
1.110933592395784525e-14
1.098751210999493290e-14
1.110606706877836918e-14
1.099332780116436609e-14
1.110299898177770214e-14
1.099858976619612568e-14
1.110011976952493085e-14
1.100335756947587315e-14
1.109741823694441108e-14
1.100768362597057340e-14
1.109488381644605486e-14
1.101161413347608079e-14
1.109250651393233110e-14
1.101518987334159413e-14
1.109027686585350312e-14
1.101844689978871817e-14
1.108818590514877046e-14
1.102141713454547693e-14
1.108622513254480964e-14
1.102412888049494527e-14
1.108438649173347380e-14
1.102660726622776814e-14
1.108266234734158814e-14
1.102887463138631776e-14
1.108104546438885891e-14
1.103095086107235439e-14
1.107952898909282079e-14
1.103285367655522776e-14
1.107810643025335562e-14
1.103459888811775903e-14
1.107677164119247136e-14
1.103620061553140632e-14
1.107551880190966894e-14
1.103767148010259518e-14
1.107434240156488504e-14
1.103902277240416282e-14
1.107323722095708368e-14
1.104026459875756854e-14
1.107219831536229842e-14
1.104140600934975656e-14
1.107122099723747368e-14
1.104245511010903563e-14
1.107030081929901021e-14
1.104341916064368293e-14
1.106943355764567761e-14
1.104430465984651840e-14
1.106861519496990462e-14
1.104511742079706779e-14
1.106784190400233555e-14
1.104586263601191478e-14
1.106711003105670608e-14
1.104654493457942880e-14
1.106641607967993269e-14
1.104716843165175906e-14
1.106575669444482649e-14
1.104773677158637376e-14
1.106512864471926437e-14
1.104825316508547213e-14
1.106452880859911967e-14
1.104872042120896022e-14
1.106395415669780803e-14
1.104914097457835871e-14
1.106340173594515590e-14
1.104951690845283501e-14
1.106286865325529299e-14
1.104984997378904357e-14
1.106235205896721858e-14
1.105014160481437140e-14
1.106184913004409953e-14
1.105039293131411245e-14
1.106135705297462968e-14
1.105060478787963425e-14
1.106087300614262761e-14
1.105077772022171536e-14
1.106039414180636752e-14
1.105091198880729830e-14
1.105991756742969682e-14
1.105100756990203385e-14
1.105944032625583623e-14
1.105106415408341876e-14
1.105895937719495602e-14
1.105108114231538278e-14
1.105847157372566041e-14
1.105105763964715019e-14
1.105797364182705652e-14
1.105099244655821297e-14
1.105746215681649662e-14
1.105088404795351128e-14
1.105693351895436856e-14
1.105073059984909436e-14
1.105638392777649939e-14
1.105052991374310096e-14
1.105580935502755668e-14
1.105027943864897736e-14
1.105520551611486403e-14
1.104997624087050528e-14
1.105456784006728084e-14
1.104961698142977768e-14
1.105389143787923500e-14
1.104919789129857879e-14
1.105317106929636872e-14
1.104871474440886033e-14
1.105240110804291270e-14
1.104816282858105728e-14
1.105157550549954344e-14
1.104753691447511898e-14
1.105068775305183159e-14
1.104683122279580219e-14
1.104973084322579467e-14
1.104603938999389188e-14
1.104869722988396680e-14
1.104515443284461429e-14
