#Om_m =              Om_b =              Om_l =              Om_r =               n_s =             h_100 =                w0 =                w1 =            sigma8 = powerspectrum modus:                    
2.6480000000e-01    4.4800000000e-02    7.3511530166e-01    8.4698336485e-05    9.6300000000e-01    7.1000000000e-01   -1.0000000000e+00    0.0000000000e+00    8.0100000000e-01                   1
#z =                 a = 
1.0392472879e-02    9.8971441974e-01
1.1177604566e-02    9.8894595320e-01
1.1962984482e-02    9.8817843670e-01
1.2748613011e-02    9.8741186821e-01
1.3534490541e-02    9.8664624572e-01
1.4320617458e-02    9.8588156722e-01
1.5106994149e-02    9.8511783070e-01
1.5893621002e-02    9.8435503416e-01
1.6680498405e-02    9.8359317560e-01
1.7467626746e-02    9.8283225305e-01
1.8255006415e-02    9.8207226451e-01
1.9042637801e-02    9.8131320801e-01
1.9830521293e-02    9.8055508158e-01
2.0618657281e-02    9.7979788324e-01
2.1407046157e-02    9.7904161104e-01
2.2195688311e-02    9.7828626303e-01
2.2984584135e-02    9.7753183724e-01
2.3773734020e-02    9.7677833174e-01
2.4563138360e-02    9.7602574459e-01
2.5352797546e-02    9.7527407385e-01
2.6142711971e-02    9.7452331760e-01
2.6932882030e-02    9.7377347390e-01
2.7723308117e-02    9.7302454085e-01
2.8513990626e-02    9.7227651652e-01
2.9304929951e-02    9.7152939902e-01
3.0096126489e-02    9.7078318643e-01
3.0887580635e-02    9.7003787686e-01
3.1679292784e-02    9.6929346842e-01
3.2471263335e-02    9.6854995922e-01
3.3263492683e-02    9.6780734738e-01
3.4055981227e-02    9.6706563102e-01
3.4848729364e-02    9.6632480828e-01
3.5641737493e-02    9.6558487728e-01
3.6435006012e-02    9.6484583616e-01
3.7228535321e-02    9.6410768307e-01
3.8022325820e-02    9.6337041615e-01
3.8816377908e-02    9.6263403357e-01
3.9610691986e-02    9.6189853347e-01
4.0405268455e-02    9.6116391402e-01
4.1200107716e-02    9.6043017340e-01
4.1995210173e-02    9.5969730977e-01
4.2790576225e-02    9.5896532132e-01
4.3586206278e-02    9.5823420623e-01
4.4382100733e-02    9.5750396268e-01
4.5178259994e-02    9.5677458887e-01
4.5974684466e-02    9.5604608300e-01
4.6771374553e-02    9.5531844327e-01
4.7568330659e-02    9.5459166790e-01
4.8365553192e-02    9.5386575508e-01
4.9163042555e-02    9.5314070305e-01
4.9960799156e-02    9.5241651003e-01
5.0758823401e-02    9.5169317424e-01
5.1557115697e-02    9.5097069391e-01
5.2355676453e-02    9.5024906728e-01
5.3154506076e-02    9.4952829260e-01
5.3953604975e-02    9.4880836811e-01
5.4752973558e-02    9.4808929206e-01
5.5552612236e-02    9.4737106271e-01
5.6352521417e-02    9.4665367832e-01
5.7152701513e-02    9.4593713715e-01
5.7953152935e-02    9.4522143748e-01
5.8753876092e-02    9.4450657757e-01
5.9554871398e-02    9.4379255572e-01
6.0356139264e-02    9.4307937020e-01
6.1157680103e-02    9.4236701929e-01
6.1959494328e-02    9.4165550131e-01
6.2761582352e-02    9.4094481453e-01
6.3563944589e-02    9.4023495727e-01
6.4366581455e-02    9.3952592784e-01
6.5169493362e-02    9.3881772453e-01
6.5972680728e-02    9.3811034568e-01
6.6776143968e-02    9.3740378959e-01
6.7579883497e-02    9.3669805460e-01
6.8383899733e-02    9.3599313903e-01
6.9188193093e-02    9.3528904122e-01
6.9992763994e-02    9.3458575950e-01
7.0797612855e-02    9.3388329223e-01
7.1602740093e-02    9.3318163773e-01
7.2408146129e-02    9.3248079438e-01
7.3213831380e-02    9.3178076052e-01
7.4019796269e-02    9.3108153451e-01
7.4826041213e-02    9.3038311471e-01
7.5632566636e-02    9.2968549951e-01
7.6439372956e-02    9.2898868726e-01
7.7246460598e-02    9.2829267635e-01
7.8053829982e-02    9.2759746516e-01
7.8861481532e-02    9.2690305208e-01
7.9669415670e-02    9.2620943549e-01
8.0477632820e-02    9.2551661379e-01
8.1286133407e-02    9.2482458538e-01
8.2094917854e-02    9.2413334866e-01
8.2903986588e-02    9.2344290204e-01
8.3713340032e-02    9.2275324393e-01
8.4522978614e-02    9.2206437274e-01
8.5332902759e-02    9.2137628690e-01
8.6143112895e-02    9.2068898484e-01
8.6953609449e-02    9.2000246497e-01
8.7764392848e-02    9.1931672573e-01
8.8575463522e-02    9.1863176556e-01
8.9386821898e-02    9.1794758290e-01
9.0198468406e-02    9.1726417618e-01
9.1010403476e-02    9.1658154387e-01
9.1822627538e-02    9.1589968442e-01
9.2635141022e-02    9.1521859627e-01
9.3447944360e-02    9.1453827789e-01
9.4261037984e-02    9.1385872775e-01
9.5074422325e-02    9.1317994432e-01
9.5888097815e-02    9.1250192606e-01
9.6702064889e-02    9.1182467145e-01
9.7516323979e-02    9.1114817898e-01
9.8330875520e-02    9.1047244714e-01
9.9145719946e-02    9.0979747440e-01
9.9960857692e-02    9.0912325926e-01
1.0077628919e-01    9.0844980022e-01
1.0159201488e-01    9.0777709577e-01
1.0240803520e-01    9.0710514443e-01
1.0322435059e-01    9.0643394471e-01
1.0404096148e-01    9.0576349510e-01
1.0485786830e-01    9.0509379413e-01
1.0567507151e-01    9.0442484033e-01
1.0649257153e-01    9.0375663220e-01
1.0731036880e-01    9.0308916829e-01
1.0812846378e-01    9.0242244712e-01
1.0894685689e-01    9.0175646722e-01
1.0976554857e-01    9.0109122714e-01
1.1058453928e-01    9.0042672542e-01
1.1140382944e-01    8.9976296060e-01
1.1222341950e-01    8.9909993124e-01
1.1304330992e-01    8.9843763589e-01
1.1386350111e-01    8.9777607310e-01
1.1468399354e-01    8.9711524144e-01
1.1550478765e-01    8.9645513948e-01
1.1632588388e-01    8.9579576577e-01
1.1714728267e-01    8.9513711890e-01
1.1796898447e-01    8.9447919745e-01
1.1879098973e-01    8.9382199998e-01
1.1961329890e-01    8.9316552508e-01
1.2043591241e-01    8.9250977135e-01
1.2125883073e-01    8.9185473737e-01
1.2208205429e-01    8.9120042173e-01
1.2290558354e-01    8.9054682304e-01
1.2372941894e-01    8.8989393989e-01
1.2455356094e-01    8.8924177090e-01
1.2537800998e-01    8.8859031466e-01
1.2620276651e-01    8.8793956980e-01
1.2702783099e-01    8.8728953492e-01
1.2785320387e-01    8.8664020864e-01
1.2867888560e-01    8.8599158960e-01
1.2950487663e-01    8.8534367641e-01
1.3033117741e-01    8.8469646771e-01
1.3115778840e-01    8.8404996213e-01
1.3198471006e-01    8.8340415830e-01
1.3281194283e-01    8.8275905487e-01
1.3363948718e-01    8.8211465048e-01
1.3446734355e-01    8.8147094377e-01
1.3529551241e-01    8.8082793340e-01
1.3612399421e-01    8.8018561803e-01
1.3695278941e-01    8.7954399630e-01
1.3778189846e-01    8.7890306688e-01
1.3861132183e-01    8.7826282844e-01
1.3944105997e-01    8.7762327963e-01
1.4027111334e-01    8.7698441914e-01
1.4110148240e-01    8.7634624564e-01
1.4193216762e-01    8.7570875780e-01
1.4276316944e-01    8.7507195431e-01
1.4359448834e-01    8.7443583385e-01
1.4442612478e-01    8.7380039510e-01
1.4525807921e-01    8.7316563677e-01
1.4609035210e-01    8.7253155754e-01
1.4692294392e-01    8.7189815611e-01
1.4775585512e-01    8.7126543118e-01
1.4858908618e-01    8.7063338145e-01
1.4942263755e-01    8.7000200565e-01
1.5025650970e-01    8.6937130246e-01
1.5109070310e-01    8.6874127061e-01
1.5192521821e-01    8.6811190882e-01
1.5276005550e-01    8.6748321581e-01
1.5359521544e-01    8.6685519029e-01
1.5443069850e-01    8.6622783100e-01
1.5526650514e-01    8.6560113666e-01
1.5610263584e-01    8.6497510602e-01
1.5693909105e-01    8.6434973780e-01
1.5777587126e-01    8.6372503074e-01
1.5861297693e-01    8.6310098360e-01
1.5945040854e-01    8.6247759510e-01
1.6028816655e-01    8.6185486401e-01
1.6112625144e-01    8.6123278908e-01
1.6196466368e-01    8.6061136905e-01
1.6280340375e-01    8.5999060269e-01
1.6364247211e-01    8.5937048876e-01
1.6448186924e-01    8.5875102603e-01
1.6532159562e-01    8.5813221325e-01
1.6616165172e-01    8.5751404921e-01
1.6700203802e-01    8.5689653267e-01
1.6784275499e-01    8.5627966242e-01
1.6868380311e-01    8.5566343723e-01
1.6952518286e-01    8.5504785588e-01
1.7036689471e-01    8.5443291716e-01
1.7120893915e-01    8.5381861987e-01
1.7205131665e-01    8.5320496278e-01
1.7289402770e-01    8.5259194470e-01
1.7373707276e-01    8.5197956442e-01
1.7458045233e-01    8.5136782075e-01
1.7542416689e-01    8.5075671249e-01
1.7626821691e-01    8.5014623844e-01
1.7711260287e-01    8.4953639742e-01
1.7795732527e-01    8.4892718823e-01
1.7880238458e-01    8.4831860970e-01
1.7964778129e-01    8.4771066064e-01
1.8049351589e-01    8.4710333987e-01
1.8133958885e-01    8.4649664621e-01
1.8218600066e-01    8.4589057851e-01
1.8303275181e-01    8.4528513557e-01
1.8387984279e-01    8.4468031624e-01
1.8472727407e-01    8.4407611936e-01
1.8557504616e-01    8.4347254376e-01
1.8642315954e-01    8.4286958828e-01
1.8727161469e-01    8.4226725176e-01
1.8812041211e-01    8.4166553306e-01
1.8896955228e-01    8.4106443103e-01
1.8981903570e-01    8.4046394451e-01
1.9066886286e-01    8.3986407237e-01
1.9151903424e-01    8.3926481345e-01
1.9236955035e-01    8.3866616663e-01
1.9322041166e-01    8.3806813077e-01
1.9407161869e-01    8.3747070473e-01
1.9492317191e-01    8.3687388738e-01
1.9577507183e-01    8.3627767760e-01
1.9662731893e-01    8.3568207426e-01
1.9747991372e-01    8.3508707623e-01
1.9833285669e-01    8.3449268241e-01
1.9918614834e-01    8.3389889167e-01
2.0003978915e-01    8.3330570289e-01
2.0089377964e-01    8.3271311497e-01
2.0174812030e-01    8.3212112680e-01
2.0260281162e-01    8.3152973728e-01
2.0345785412e-01    8.3093894529e-01
2.0431324827e-01    8.3034874974e-01
2.0516899460e-01    8.2975914953e-01
2.0602509359e-01    8.2917014357e-01
2.0688154575e-01    8.2858173076e-01
2.0773835158e-01    8.2799391001e-01
2.0859551159e-01    8.2740668024e-01
2.0945302627e-01    8.2682004036e-01
2.1031089613e-01    8.2623398930e-01
2.1116912168e-01    8.2564852596e-01
2.1202770342e-01    8.2506364927e-01
2.1288664185e-01    8.2447935817e-01
2.1374593748e-01    8.2389565157e-01
2.1460559082e-01    8.2331252841e-01
2.1546560238e-01    8.2272998762e-01
2.1632597266e-01    8.2214802814e-01
2.1718670217e-01    8.2156664891e-01
2.1804779142e-01    8.2098584887e-01
2.1890924091e-01    8.2040562696e-01
2.1977105117e-01    8.1982598213e-01
2.2063322269e-01    8.1924691333e-01
2.2149575600e-01    8.1866841951e-01
2.2235865160e-01    8.1809049962e-01
2.2322191000e-01    8.1751315262e-01
2.2408553172e-01    8.1693637747e-01
2.2494951728e-01    8.1636017313e-01
2.2581386717e-01    8.1578453857e-01
2.2667858193e-01    8.1520947274e-01
2.2754366206e-01    8.1463497463e-01
2.2840910808e-01    8.1406104320e-01
2.2927492051e-01    8.1348767742e-01
2.3014109987e-01    8.1291487628e-01
2.3100764666e-01    8.1234263874e-01
2.3187456141e-01    8.1177096380e-01
2.3274184465e-01    8.1119985043e-01
2.3360949688e-01    8.1062929763e-01
2.3447751862e-01    8.1005930437e-01
2.3534591041e-01    8.0948986966e-01
2.3621467275e-01    8.0892099248e-01
2.3708380618e-01    8.0835267183e-01
2.3795331120e-01    8.0778490671e-01
2.3882318836e-01    8.0721769612e-01
2.3969343816e-01    8.0665103906e-01
2.4056406113e-01    8.0608493453e-01
2.4143505780e-01    8.0551938155e-01
2.4230642870e-01    8.0495437913e-01
2.4317817434e-01    8.0438992627e-01
2.4405029526e-01    8.0382602200e-01
2.4492279198e-01    8.0326266532e-01
2.4579566502e-01    8.0269985526e-01
2.4666891493e-01    8.0213759084e-01
2.4754254222e-01    8.0157587109e-01
2.4841654743e-01    8.0101469502e-01
2.4929093109e-01    8.0045406167e-01
2.5016569372e-01    7.9989397008e-01
2.5104083585e-01    7.9933441926e-01
2.5191635803e-01    7.9877540827e-01
2.5279226078e-01    7.9821693613e-01
2.5366854463e-01    7.9765900188e-01
2.5454521012e-01    7.9710160458e-01
2.5542225778e-01    7.9654474325e-01
2.5629968815e-01    7.9598841696e-01
2.5717750176e-01    7.9543262475e-01
2.5805569915e-01    7.9487736566e-01
2.5893428086e-01    7.9432263876e-01
2.5981324742e-01    7.9376844310e-01
2.6069259937e-01    7.9321477774e-01
2.6157233724e-01    7.9266164173e-01
2.6245246159e-01    7.9210903414e-01
2.6333297294e-01    7.9155695404e-01
2.6421387184e-01    7.9100540049e-01
2.6509515883e-01    7.9045437256e-01
2.6597683445e-01    7.8990386932e-01
2.6685889924e-01    7.8935388985e-01
2.6774135374e-01    7.8880443321e-01
2.6862419850e-01    7.8825549850e-01
2.6950743407e-01    7.8770708478e-01
2.7039106098e-01    7.8715919114e-01
2.7127507979e-01    7.8661181667e-01
2.7215949103e-01    7.8606496045e-01
2.7304429526e-01    7.8551862156e-01
2.7392949302e-01    7.8497279911e-01
2.7481508486e-01    7.8442749217e-01
2.7570107133e-01    7.8388269986e-01
2.7658745297e-01    7.8333842125e-01
2.7747423034e-01    7.8279465546e-01
2.7836140399e-01    7.8225140158e-01
2.7924897446e-01    7.8170865872e-01
2.8013694231e-01    7.8116642599e-01
2.8102530810e-01    7.8062470248e-01
2.8191407237e-01    7.8008348731e-01
2.8280323567e-01    7.7954277959e-01
2.8369279857e-01    7.7900257843e-01
2.8458276161e-01    7.7846288296e-01
2.8547312536e-01    7.7792369228e-01
2.8636389036e-01    7.7738500552e-01
2.8725505717e-01    7.7684682179e-01
2.8814662636e-01    7.7630914023e-01
2.8903859847e-01    7.7577195996e-01
2.8993097407e-01    7.7523528010e-01
2.9082375372e-01    7.7469909979e-01
2.9171693797e-01    7.7416341816e-01
2.9261052739e-01    7.7362823434e-01
2.9350452254e-01    7.7309354747e-01
2.9439892398e-01    7.7255935668e-01
2.9529373227e-01    7.7202566112e-01
2.9618894797e-01    7.7149245993e-01
2.9708457165e-01    7.7095975224e-01
2.9798060388e-01    7.7042753722e-01
2.9887704521e-01    7.6989581399e-01
2.9977389621e-01    7.6936458173e-01
3.0067115746e-01    7.6883383957e-01
3.0156882951e-01    7.6830358666e-01
3.0246691293e-01    7.6777382218e-01
3.0336540829e-01    7.6724454526e-01
3.0426431617e-01    7.6671575508e-01
3.0516363712e-01    7.6618745080e-01
3.0606337173e-01    7.6565963157e-01
3.0696352056e-01    7.6513229656e-01
3.0786408417e-01    7.6460544494e-01
3.0876506316e-01    7.6407907588e-01
3.0966645808e-01    7.6355318855e-01
3.1056826951e-01    7.6302778212e-01
3.1147049802e-01    7.6250285577e-01
3.1237314420e-01    7.6197840867e-01
3.1327620861e-01    7.6145444001e-01
3.1417969183e-01    7.6093094895e-01
3.1508359444e-01    7.6040793470e-01
3.1598791701e-01    7.5988539642e-01
3.1689266013e-01    7.5936333331e-01
3.1779782436e-01    7.5884174455e-01
3.1870341030e-01    7.5832062933e-01
3.1960941853e-01    7.5779998685e-01
3.2051584961e-01    7.5727981629e-01
3.2142270413e-01    7.5676011686e-01
3.2232998269e-01    7.5624088775e-01
3.2323768585e-01    7.5572212815e-01
3.2414581420e-01    7.5520383728e-01
3.2505436833e-01    7.5468601433e-01
3.2596334881e-01    7.5416865850e-01
3.2687275625e-01    7.5365176901e-01
3.2778259121e-01    7.5313534506e-01
3.2869285430e-01    7.5261938586e-01
3.2960354609e-01    7.5210389062e-01
3.3051466718e-01    7.5158885856e-01
3.3142621815e-01    7.5107428889e-01
3.3233819959e-01    7.5056018082e-01
3.3325061209e-01    7.5004653358e-01
3.3416345625e-01    7.4953334639e-01
3.3507673266e-01    7.4902061847e-01
3.3599044190e-01    7.4850834904e-01
3.3690458458e-01    7.4799653733e-01
3.3781916127e-01    7.4748518256e-01
3.3873417259e-01    7.4697428397e-01
3.3964961912e-01    7.4646384079e-01
3.4056550146e-01    7.4595385224e-01
3.4148182021e-01    7.4544431757e-01
3.4239857596e-01    7.4493523601e-01
3.4331576931e-01    7.4442660679e-01
3.4423340086e-01    7.4391842917e-01
3.4515147121e-01    7.4341070237e-01
3.4606998096e-01    7.4290342564e-01
3.4698893070e-01    7.4239659823e-01
3.4790832105e-01    7.4189021938e-01
3.4882815259e-01    7.4138428834e-01
3.4974842595e-01    7.4087880436e-01
3.5066914171e-01    7.4037376669e-01
3.5159030048e-01    7.3986917459e-01
3.5251190287e-01    7.3936502731e-01
3.5343394948e-01    7.3886132410e-01
3.5435644092e-01    7.3835806423e-01
3.5527937780e-01    7.3785524696e-01
3.5620276072e-01    7.3735287153e-01
3.5712659029e-01    7.3685093723e-01
3.5805086712e-01    7.3634944332e-01
3.5897559182e-01    7.3584838905e-01
3.5990076501e-01    7.3534777370e-01
3.6082638728e-01    7.3484759654e-01
3.6175245926e-01    7.3434785684e-01
3.6267898155e-01    7.3384855387e-01
3.6360595478e-01    7.3334968691e-01
3.6453337954e-01    7.3285125523e-01
3.6546125647e-01    7.3235325811e-01
3.6638958617e-01    7.3185569483e-01
3.6731836926e-01    7.3135856468e-01
3.6824760635e-01    7.3086186693e-01
3.6917729807e-01    7.3036560087e-01
3.7010744503e-01    7.2986976578e-01
3.7103804786e-01    7.2937436095e-01
3.7196910716e-01    7.2887938568e-01
3.7290062357e-01    7.2838483924e-01
3.7383259770e-01    7.2789072095e-01
3.7476503018e-01    7.2739703007e-01
3.7569792162e-01    7.2690376592e-01
3.7663127266e-01    7.2641092779e-01
3.7756508391e-01    7.2591851498e-01
3.7849935600e-01    7.2542652679e-01
3.7943408956e-01    7.2493496251e-01
3.8036928520e-01    7.2444382146e-01
3.8130494357e-01    7.2395310294e-01
3.8224106529e-01    7.2346280624e-01
3.8317765098e-01    7.2297293070e-01
3.8411470127e-01    7.2248347560e-01
3.8505221681e-01    7.2199444026e-01
3.8599019820e-01    7.2150582399e-01
3.8692864610e-01    7.2101762612e-01
3.8786756112e-01    7.2052984594e-01
3.8880694391e-01    7.2004248279e-01
3.8974679509e-01    7.1955553597e-01
3.9068711530e-01    7.1906900481e-01
3.9162790518e-01    7.1858288863e-01
3.9256916536e-01    7.1809718675e-01
3.9351089648e-01    7.1761189850e-01
3.9445309917e-01    7.1712702320e-01
3.9539577408e-01    7.1664256018e-01
3.9633892185e-01    7.1615850876e-01
3.9728254310e-01    7.1567486829e-01
3.9822663849e-01    7.1519163809e-01
3.9917120866e-01    7.1470881749e-01
4.0011625424e-01    7.1422640582e-01
4.0106177588e-01    7.1374440243e-01
4.0200777423e-01    7.1326280666e-01
4.0295424992e-01    7.1278161783e-01
4.0390120360e-01    7.1230083530e-01
4.0484863592e-01    7.1182045840e-01
4.0579654753e-01    7.1134048647e-01
4.0674493907e-01    7.1086091887e-01
4.0769381119e-01    7.1038175493e-01
4.0864316454e-01    7.0990299401e-01
4.0959299976e-01    7.0942463546e-01
4.1054331752e-01    7.0894667862e-01
4.1149411846e-01    7.0846912284e-01
4.1244540322e-01    7.0799196749e-01
4.1339717248e-01    7.0751521191e-01
4.1434942687e-01    7.0703885546e-01
4.1530216705e-01    7.0656289751e-01
4.1625539369e-01    7.0608733740e-01
4.1720910742e-01    7.0561217449e-01
4.1816330892e-01    7.0513740816e-01
4.1911799883e-01    7.0466303776e-01
4.2007317782e-01    7.0418906266e-01
4.2102884654e-01    7.0371548223e-01
4.2198500566e-01    7.0324229582e-01
4.2294165583e-01    7.0276950281e-01
4.2389879771e-01    7.0229710258e-01
4.2485643198e-01    7.0182509448e-01
4.2581455929e-01    7.0135347790e-01
4.2677318030e-01    7.0088225221e-01
4.2773229568e-01    7.0041141678e-01
4.2869190609e-01    6.9994097099e-01
4.2965201220e-01    6.9947091423e-01
4.3061261468e-01    6.9900124586e-01
4.3157371420e-01    6.9853196526e-01
4.3253531141e-01    6.9806307184e-01
4.3349740700e-01    6.9759456495e-01
4.3446000164e-01    6.9712644400e-01
4.3542309598e-01    6.9665870836e-01
4.3638669071e-01    6.9619135743e-01
4.3735078649e-01    6.9572439059e-01
4.3831538401e-01    6.9525780724e-01
4.3928048393e-01    6.9479160676e-01
4.4024608692e-01    6.9432578854e-01
4.4121219368e-01    6.9386035199e-01
4.4217880486e-01    6.9339529650e-01
4.4314592115e-01    6.9293062146e-01
4.4411354322e-01    6.9246632627e-01
4.4508167176e-01    6.9200241034e-01
4.4605030745e-01    6.9153887306e-01
4.4701945096e-01    6.9107571383e-01
4.4798910297e-01    6.9061293206e-01
4.4895926418e-01    6.9015052716e-01
4.4992993525e-01    6.8968849852e-01
4.5090111688e-01    6.8922684556e-01
4.5187280975e-01    6.8876556768e-01
4.5284501454e-01    6.8830466429e-01
4.5381773194e-01    6.8784413481e-01
4.5479096264e-01    6.8738397865e-01
4.5576470733e-01    6.8692419521e-01
4.5673896669e-01    6.8646478392e-01
4.5771374141e-01    6.8600574419e-01
4.5868903219e-01    6.8554707544e-01
4.5966483971e-01    6.8508877709e-01
4.6064116467e-01    6.8463084855e-01
4.6161800776e-01    6.8417328925e-01
4.6259536967e-01    6.8371609861e-01
4.6357325110e-01    6.8325927605e-01
4.6455165274e-01    6.8280282100e-01
4.6553057529e-01    6.8234673289e-01
4.6651001945e-01    6.8189101113e-01
4.6748998591e-01    6.8143565517e-01
4.6847047538e-01    6.8098066442e-01
4.6945148854e-01    6.8052603832e-01
4.7043302611e-01    6.8007177630e-01
4.7141508878e-01    6.7961787780e-01
4.7239767726e-01    6.7916434225e-01
4.7338079224e-01    6.7871116908e-01
4.7436443444e-01    6.7825835773e-01
4.7534860455e-01    6.7780590765e-01
4.7633330328e-01    6.7735381826e-01
4.7731853134e-01    6.7690208901e-01
4.7830428944e-01    6.7645071934e-01
4.7929057828e-01    6.7599970870e-01
4.8027739857e-01    6.7554905652e-01
4.8126475102e-01    6.7509876226e-01
4.8225263635e-01    6.7464882536e-01
4.8324105526e-01    6.7419924526e-01
4.8423000846e-01    6.7375002143e-01
4.8521949667e-01    6.7330115329e-01
4.8620952061e-01    6.7285264031e-01
4.8720008098e-01    6.7240448195e-01
4.8819117850e-01    6.7195667764e-01
4.8918281390e-01    6.7150922685e-01
4.9017498788e-01    6.7106212903e-01
4.9116770116e-01    6.7061538365e-01
4.9216095447e-01    6.7016899015e-01
4.9315474853e-01    6.6972294800e-01
4.9414908405e-01    6.6927725665e-01
4.9514396176e-01    6.6883191557e-01
4.9613938237e-01    6.6838692423e-01
4.9713534662e-01    6.6794228208e-01
4.9813185523e-01    6.6749798858e-01
4.9912890892e-01    6.6705404322e-01
5.0012650842e-01    6.6661044545e-01
5.0112465445e-01    6.6616719473e-01
5.0212334775e-01    6.6572429055e-01
5.0312258904e-01    6.6528173237e-01
5.0412237905e-01    6.6483951966e-01
5.0512271852e-01    6.6439765190e-01
5.0612360817e-01    6.6395612855e-01
5.0712504874e-01    6.6351494910e-01
5.0812704095e-01    6.6307411302e-01
5.0912958555e-01    6.6263361978e-01
5.1013268327e-01    6.6219346888e-01
5.1113633485e-01    6.6175365977e-01
5.1214054101e-01    6.6131419195e-01
5.1314530251e-01    6.6087506490e-01
5.1415062007e-01    6.6043627810e-01
5.1515649445e-01    6.5999783103e-01
5.1616292637e-01    6.5955972317e-01
5.1716991657e-01    6.5912195402e-01
5.1817746582e-01    6.5868452307e-01
5.1918557483e-01    6.5824742979e-01
5.2019424436e-01    6.5781067367e-01
5.2120347516e-01    6.5737425422e-01
5.2221326797e-01    6.5693817091e-01
5.2322362353e-01    6.5650242325e-01
5.2423454260e-01    6.5606701072e-01
5.2524602592e-01    6.5563193282e-01
5.2625807424e-01    6.5519718905e-01
5.2727068831e-01    6.5476277889e-01
5.2828386889e-01    6.5432870186e-01
5.2929761672e-01    6.5389495744e-01
5.3031193257e-01    6.5346154514e-01
5.3132681717e-01    6.5302846446e-01
5.3234227130e-01    6.5259571489e-01
5.3335829570e-01    6.5216329595e-01
5.3437489113e-01    6.5173120714e-01
5.3539205835e-01    6.5129944796e-01
5.3640979811e-01    6.5086801791e-01
5.3742811119e-01    6.5043691651e-01
5.3844699833e-01    6.5000614326e-01
5.3946646030e-01    6.4957569768e-01
5.4048649786e-01    6.4914557926e-01
5.4150711178e-01    6.4871578753e-01
5.4252830282e-01    6.4828632199e-01
5.4355007174e-01    6.4785718216e-01
5.4457241932e-01    6.4742836755e-01
5.4559534631e-01    6.4699987768e-01
5.4661885349e-01    6.4657171206e-01
5.4764294162e-01    6.4614387021e-01
5.4866761148e-01    6.4571635165e-01
5.4969286384e-01    6.4528915589e-01
5.5071869947e-01    6.4486228247e-01
5.5174511913e-01    6.4443573089e-01
5.5277212361e-01    6.4400950068e-01
5.5379971368e-01    6.4358359137e-01
5.5482789012e-01    6.4315800247e-01
5.5585665370e-01    6.4273273352e-01
5.5688600520e-01    6.4230778404e-01
5.5791594540e-01    6.4188315355e-01
5.5894647507e-01    6.4145884159e-01
5.5997759500e-01    6.4103484768e-01
5.6100930598e-01    6.4061117136e-01
5.6204160877e-01    6.4018781215e-01
5.6307450417e-01    6.3976476958e-01
5.6410799296e-01    6.3934204320e-01
5.6514207593e-01    6.3891963252e-01
5.6617675386e-01    6.3849753710e-01
5.6721202754e-01    6.3807575646e-01
5.6824789775e-01    6.3765429014e-01
5.6928436529e-01    6.3723313767e-01
5.7032143095e-01    6.3681229861e-01
5.7135909552e-01    6.3639177248e-01
5.7239735978e-01    6.3597155883e-01
5.7343622454e-01    6.3555165720e-01
5.7447569059e-01    6.3513206712e-01
5.7551575872e-01    6.3471278816e-01
5.7655642973e-01    6.3429381984e-01
5.7759770441e-01    6.3387516171e-01
5.7863958357e-01    6.3345681333e-01
5.7968206800e-01    6.3303877423e-01
5.8072515851e-01    6.3262104397e-01
5.8176885589e-01    6.3220362209e-01
5.8281316094e-01    6.3178650815e-01
5.8385807447e-01    6.3136970169e-01
5.8490359729e-01    6.3095320227e-01
5.8594973020e-01    6.3053700944e-01
5.8699647400e-01    6.3012112275e-01
5.8804382950e-01    6.2970554176e-01
5.8909179751e-01    6.2929026603e-01
5.9014037884e-01    6.2887529510e-01
5.9118957430e-01    6.2846062855e-01
5.9223938470e-01    6.2804626591e-01
5.9328981085e-01    6.2763220677e-01
5.9434085356e-01    6.2721845066e-01
5.9539251366e-01    6.2680499716e-01
5.9644479195e-01    6.2639184583e-01
5.9749768925e-01    6.2597899623e-01
5.9855120638e-01    6.2556644793e-01
5.9960534415e-01    6.2515420048e-01
6.0066010339e-01    6.2474225345e-01
6.0171548491e-01    6.2433060641e-01
6.0277148955e-01    6.2391925893e-01
6.0382811811e-01    6.2350821058e-01
6.0488537142e-01    6.2309746092e-01
6.0594325031e-01    6.2268700952e-01
6.0700175560e-01    6.2227685596e-01
6.0806088812e-01    6.2186699980e-01
6.0912064870e-01    6.2145744063e-01
6.1018103816e-01    6.2104817800e-01
6.1124205734e-01    6.2063921150e-01
6.1230370706e-01    6.2023054070e-01
6.1336598816e-01    6.1982216517e-01
6.1442890147e-01    6.1941408451e-01
6.1549244781e-01    6.1900629827e-01
6.1655662804e-01    6.1859880604e-01
6.1762144298e-01    6.1819160740e-01
6.1868689347e-01    6.1778470193e-01
6.1975298035e-01    6.1737808921e-01
6.2081970446e-01    6.1697176882e-01
6.2188706663e-01    6.1656574035e-01
6.2295506772e-01    6.1616000337e-01
6.2402370855e-01    6.1575455748e-01
6.2509298997e-01    6.1534940226e-01
6.2616291284e-01    6.1494453729e-01
6.2723347799e-01    6.1453996217e-01
6.2830468626e-01    6.1413567647e-01
6.2937653852e-01    6.1373167979e-01
6.3044903560e-01    6.1332797172e-01
6.3152217835e-01    6.1292455185e-01
6.3259596763e-01    6.1252141977e-01
6.3367040429e-01    6.1211857506e-01
6.3474548918e-01    6.1171601734e-01
6.3582122315e-01    6.1131374618e-01
6.3689760707e-01    6.1091176118e-01
6.3797464178e-01    6.1051006194e-01
6.3905232814e-01    6.1010864805e-01
6.4013066701e-01    6.0970751911e-01
6.4120965925e-01    6.0930667472e-01
6.4228930572e-01    6.0890611448e-01
6.4336960729e-01    6.0850583798e-01
6.4445056481e-01    6.0810584483e-01
6.4553217914e-01    6.0770613463e-01
6.4661445116e-01    6.0730670698e-01
6.4769738173e-01    6.0690756148e-01
6.4878097171e-01    6.0650869773e-01
6.4986522198e-01    6.0611011535e-01
6.5095013340e-01    6.0571181392e-01
6.5203570685e-01    6.0531379307e-01
6.5312194319e-01    6.0491605240e-01
6.5420884329e-01    6.0451859150e-01
6.5529640804e-01    6.0412141000e-01
6.5638463830e-01    6.0372450751e-01
6.5747353495e-01    6.0332788362e-01
6.5856309887e-01    6.0293153796e-01
6.5965333094e-01    6.0253547012e-01
6.6074423203e-01    6.0213967974e-01
6.6183580303e-01    6.0174416641e-01
6.6292804481e-01    6.0134892975e-01
6.6402095826e-01    6.0095396938e-01
6.6511454427e-01    6.0055928491e-01
6.6620880371e-01    6.0016487596e-01
6.6730373748e-01    5.9977074214e-01
6.6839934646e-01    5.9937688307e-01
6.6949563153e-01    5.9898329838e-01
6.7059259360e-01    5.9858998767e-01
6.7169023354e-01    5.9819695057e-01
6.7278855225e-01    5.9780418670e-01
6.7388755063e-01    5.9741169568e-01
6.7498722956e-01    5.9701947714e-01
6.7608758994e-01    5.9662753069e-01
6.7718863267e-01    5.9623585596e-01
6.7829035864e-01    5.9584445257e-01
6.7939276876e-01    5.9545332015e-01
6.8049586392e-01    5.9506245833e-01
6.8159964502e-01    5.9467186673e-01
6.8270411297e-01    5.9428154498e-01
6.8380926866e-01    5.9389149271e-01
6.8491511301e-01    5.9350170954e-01
6.8602164692e-01    5.9311219511e-01
6.8712887129e-01    5.9272294904e-01
6.8823678703e-01    5.9233397097e-01
6.8934539505e-01    5.9194526053e-01
6.9045469626e-01    5.9155681735e-01
6.9156469158e-01    5.9116864107e-01
6.9267538190e-01    5.9078073132e-01
6.9378676816e-01    5.9039308772e-01
6.9489885126e-01    5.9000570993e-01
6.9601163211e-01    5.8961859758e-01
6.9712511164e-01    5.8923175029e-01
6.9823929076e-01    5.8884516772e-01
6.9935417040e-01    5.8845884950e-01
7.0046975147e-01    5.8807279526e-01
7.0158603489e-01    5.8768700465e-01
7.0270302159e-01    5.8730147731e-01
7.0382071249e-01    5.8691621288e-01
7.0493910852e-01    5.8653121100e-01
7.0605821060e-01    5.8614647131e-01
7.0717801966e-01    5.8576199347e-01
7.0829853664e-01    5.8537777710e-01
7.0941976245e-01    5.8499382186e-01
7.1054169804e-01    5.8461012739e-01
7.1166434432e-01    5.8422669334e-01
7.1278770225e-01    5.8384351936e-01
7.1391177275e-01    5.8346060509e-01
7.1503655676e-01    5.8307795018e-01
7.1616205521e-01    5.8269555428e-01
7.1728826905e-01    5.8231341705e-01
7.1841519921e-01    5.8193153812e-01
7.1954284663e-01    5.8154991715e-01
7.2067121227e-01    5.8116855380e-01
7.2180029705e-01    5.8078744772e-01
7.2293010193e-01    5.8040659855e-01
7.2406062785e-01    5.8002600596e-01
7.2519187576e-01    5.7964566959e-01
7.2632384660e-01    5.7926558911e-01
7.2745654133e-01    5.7888576417e-01
7.2858996090e-01    5.7850619443e-01
7.2972410625e-01    5.7812687953e-01
7.3085897835e-01    5.7774781915e-01
7.3199457814e-01    5.7736901294e-01
7.3313090658e-01    5.7699046056e-01
7.3426796464e-01    5.7661216167e-01
7.3540575326e-01    5.7623411592e-01
7.3654427341e-01    5.7585632299e-01
7.3768352604e-01    5.7547878254e-01
7.3882351212e-01    5.7510149422e-01
7.3996423262e-01    5.7472445770e-01
7.4110568849e-01    5.7434767264e-01
7.4224788070e-01    5.7397113871e-01
7.4339081022e-01    5.7359485557e-01
7.4453447802e-01    5.7321882290e-01
7.4567888507e-01    5.7284304035e-01
7.4682403233e-01    5.7246750760e-01
7.4796992079e-01    5.7209222430e-01
7.4911655140e-01    5.7171719014e-01
7.5026392516e-01    5.7134240478e-01
7.5141204302e-01    5.7096786789e-01
7.5256090598e-01    5.7059357914e-01
7.5371051500e-01    5.7021953820e-01
7.5486087108e-01    5.6984574474e-01
7.5601197518e-01    5.6947219844e-01
7.5716382829e-01    5.6909889897e-01
7.5831643140e-01    5.6872584601e-01
7.5946978549e-01    5.6835303922e-01
7.6062389154e-01    5.6798047829e-01
7.6177875055e-01    5.6760816288e-01
7.6293436349e-01    5.6723609268e-01
7.6409073137e-01    5.6686426736e-01
7.6524785517e-01    5.6649268661e-01
7.6640573589e-01    5.6612135009e-01
7.6756437451e-01    5.6575025748e-01
7.6872377204e-01    5.6537940848e-01
7.6988392947e-01    5.6500880275e-01
7.7104484779e-01    5.6463843998e-01
7.7220652802e-01    5.6426831985e-01
7.7336897114e-01    5.6389844205e-01
7.7453217816e-01    5.6352880624e-01
7.7569615008e-01    5.6315941213e-01
7.7686088791e-01    5.6279025939e-01
7.7802639265e-01    5.6242134770e-01
7.7919266532e-01    5.6205267675e-01
7.8035970690e-01    5.6168424624e-01
7.8152751843e-01    5.6131605583e-01
7.8269610090e-01    5.6094810523e-01
7.8386545534e-01    5.6058039411e-01
7.8503558274e-01    5.6021292218e-01
7.8620648414e-01    5.5984568911e-01
7.8737816054e-01    5.5947869459e-01
7.8855061296e-01    5.5911193832e-01
7.8972384243e-01    5.5874541999e-01
7.9089784996e-01    5.5837913928e-01
7.9207263657e-01    5.5801309590e-01
7.9324820328e-01    5.5764728952e-01
7.9442455113e-01    5.5728171985e-01
7.9560168114e-01    5.5691638658e-01
7.9677959433e-01    5.5655128941e-01
7.9795829173e-01    5.5618642802e-01
7.9913777437e-01    5.5582180211e-01
8.0031804329e-01    5.5545741139e-01
8.0149909951e-01    5.5509325554e-01
8.0268094407e-01    5.5472933427e-01
8.0386357800e-01    5.5436564727e-01
8.0504700235e-01    5.5400219424e-01
8.0623121815e-01    5.5363897487e-01
8.0741622643e-01    5.5327598888e-01
8.0860202824e-01    5.5291323596e-01
8.0978862463e-01    5.5255071581e-01
8.1097601663e-01    5.5218842813e-01
8.1216420529e-01    5.5182637262e-01
8.1335319166e-01    5.5146454899e-01
8.1454297678e-01    5.5110295694e-01
8.1573356170e-01    5.5074159617e-01
8.1692494748e-01    5.5038046640e-01
8.1811713516e-01    5.5001956731e-01
8.1931012581e-01    5.4965889862e-01
8.2050392046e-01    5.4929846004e-01
8.2169852018e-01    5.4893825126e-01
8.2289392604e-01    5.4857827201e-01
8.2409013907e-01    5.4821852198e-01
8.2528716035e-01    5.4785900088e-01
8.2648499094e-01    5.4749970843e-01
8.2768363191e-01    5.4714064433e-01
8.2888308430e-01    5.4678180830e-01
8.3008334920e-01    5.4642320003e-01
8.3128442767e-01    5.4606481926e-01
8.3248632077e-01    5.4570666567e-01
8.3368902958e-01    5.4534873900e-01
8.3489255517e-01    5.4499103895e-01
8.3609689862e-01    5.4463356523e-01
8.3730206099e-01    5.4427631756e-01
8.3850804336e-01    5.4391929565e-01
8.3971484682e-01    5.4356249923e-01
8.4092247243e-01    5.4320592799e-01
8.4213092128e-01    5.4284958167e-01
8.4334019446e-01    5.4249345997e-01
8.4455029304e-01    5.4213756262e-01
8.4576121811e-01    5.4178188933e-01
8.4697297075e-01    5.4142643982e-01
8.4818555206e-01    5.4107121381e-01
8.4939896312e-01    5.4071621102e-01
8.5061320502e-01    5.4036143117e-01
8.5182827885e-01    5.4000687397e-01
8.5304418572e-01    5.3965253916e-01
8.5426092670e-01    5.3929842645e-01
8.5547850291e-01    5.3894453556e-01
8.5669691543e-01    5.3859086623e-01
8.5791616537e-01    5.3823741816e-01
8.5913625382e-01    5.3788419108e-01
8.6035718190e-01    5.3753118473e-01
8.6157895069e-01    5.3717839881e-01
8.6280156132e-01    5.3682583307e-01
8.6402501488e-01    5.3647348722e-01
8.6524931248e-01    5.3612136099e-01
8.6647445524e-01    5.3576945411e-01
8.6770044426e-01    5.3541776631e-01
8.6892728065e-01    5.3506629731e-01
8.7015496554e-01    5.3471504684e-01
8.7138350004e-01    5.3436401463e-01
8.7261288525e-01    5.3401320042e-01
8.7384312231e-01    5.3366260392e-01
8.7507421234e-01    5.3331222488e-01
8.7630615645e-01    5.3296206302e-01
8.7753895576e-01    5.3261211808e-01
8.7877261141e-01    5.3226238978e-01
8.8000712452e-01    5.3191287786e-01
8.8124249621e-01    5.3156358205e-01
8.8247872762e-01    5.3121450210e-01
8.8371581988e-01    5.3086563772e-01
8.8495377411e-01    5.3051698866e-01
8.8619259146e-01    5.3016855465e-01
8.8743227306e-01    5.2982033542e-01
8.8867282005e-01    5.2947233072e-01
8.8991423356e-01    5.2912454028e-01
8.9115651473e-01    5.2877696384e-01
8.9239966471e-01    5.2842960113e-01
8.9364368464e-01    5.2808245189e-01
8.9488857566e-01    5.2773551587e-01
8.9613433893e-01    5.2738879280e-01
8.9738097558e-01    5.2704228243e-01
8.9862848677e-01    5.2669598448e-01
8.9987687365e-01    5.2634989871e-01
9.0112613737e-01    5.2600402485e-01
9.0237627909e-01    5.2565836264e-01
9.0362729996e-01    5.2531291184e-01
9.0487920113e-01    5.2496767218e-01
9.0613198378e-01    5.2462264340e-01
9.0738564905e-01    5.2427782525e-01
9.0864019811e-01    5.2393321748e-01
9.0989563213e-01    5.2358881982e-01
9.1115195226e-01    5.2324463202e-01
9.1240915968e-01    5.2290065384e-01
9.1366725556e-01    5.2255688501e-01
9.1492624105e-01    5.2221332528e-01
9.1618611735e-01    5.2186997440e-01
9.1744688561e-01    5.2152683211e-01
9.1870854702e-01    5.2118389818e-01
9.1997110274e-01    5.2084117233e-01
9.2123455397e-01    5.2049865433e-01
9.2249890187e-01    5.2015634393e-01
9.2376414763e-01    5.1981424086e-01
9.2503029243e-01    5.1947234489e-01
9.2629733746e-01    5.1913065577e-01
9.2756528390e-01    5.1878917324e-01
9.2883413294e-01    5.1844789706e-01
9.3010388577e-01    5.1810682698e-01
9.3137454358e-01    5.1776596276e-01
9.3264610756e-01    5.1742530414e-01
9.3391857891e-01    5.1708485088e-01
9.3519195883e-01    5.1674460275e-01
9.3646624850e-01    5.1640455948e-01
9.3774144913e-01    5.1606472084e-01
9.3901756193e-01    5.1572508658e-01
9.4029458808e-01    5.1538565646e-01
9.4157252881e-01    5.1504643023e-01
9.4285138530e-01    5.1470740766e-01
9.4413115878e-01    5.1436858850e-01
9.4541185045e-01    5.1402997251e-01
9.4669346152e-01    5.1369155944e-01
9.4797599320e-01    5.1335334906e-01
9.4925944670e-01    5.1301534113e-01
9.5054382325e-01    5.1267753540e-01
9.5182912406e-01    5.1233993164e-01
9.5311535035e-01    5.1200252961e-01
9.5440250334e-01    5.1166532907e-01
9.5569058425e-01    5.1132832977e-01
9.5697959431e-01    5.1099153149e-01
9.5826953474e-01    5.1065493399e-01
9.5956040677e-01    5.1031853703e-01
9.6085221163e-01    5.0998234037e-01
9.6214495056e-01    5.0964634377e-01
9.6343862477e-01    5.0931054701e-01
9.6473323551e-01    5.0897494984e-01
9.6602878402e-01    5.0863955204e-01
9.6732527153e-01    5.0830435336e-01
9.6862269928e-01    5.0796935358e-01
9.6992106851e-01    5.0763455246e-01
9.7122038047e-01    5.0729994977e-01
9.7252063640e-01    5.0696554528e-01
9.7382183754e-01    5.0663133875e-01
9.7512398515e-01    5.0629732995e-01
9.7642708048e-01    5.0596351865e-01
9.7773112477e-01    5.0562990463e-01
9.7903611928e-01    5.0529648765e-01
9.8034206526e-01    5.0496326748e-01
9.8164896398e-01    5.0463024389e-01
9.8295681668e-01    5.0429741666e-01
9.8426562464e-01    5.0396478555e-01
9.8557538911e-01    5.0363235034e-01
9.8688611136e-01    5.0330011080e-01
9.8819779265e-01    5.0296806671e-01
9.8951043424e-01    5.0263621783e-01
9.9082403742e-01    5.0230456394e-01
9.9213860345e-01    5.0197310482e-01
9.9345413360e-01    5.0164184023e-01
9.9477062914e-01    5.0131076997e-01
9.9608809136e-01    5.0097989379e-01
9.9740652153e-01    5.0064921148e-01
9.9872592093e-01    5.0031872281e-01
1.0000462908e+00    4.9998842756e-01
1.0013676326e+00    4.9965832550e-01
1.0026899473e+00    4.9932841643e-01
1.0040132365e+00    4.9899870010e-01
1.0053375013e+00    4.9866917631e-01
