# bin_4_4
1.515993012037198013e-07
-1.341747122832224426e-07
1.433461791126763256e-07
-1.252591962158532637e-07
1.358249809309205696e-07
-1.166287026414420857e-07
1.290295142774657807e-07
-1.082226196454730103e-07
1.229629274985876676e-07
-9.997448858521809649e-08
1.176386591720703551e-07
-9.181068404766555411e-08
1.130816159537796650e-07
-8.364886801305396331e-08
1.093296068852414128e-07
-7.539619417725459911e-08
1.064350573043672952e-07
-6.694723320422960485e-08
1.044670303980969699e-07
-5.818159177141751844e-08
1.035135833325439497e-07
-4.896120083541502519e-08
1.036844748777903310e-07
-3.912725427093320769e-08
1.051142437899059273e-07
-2.849678652828262543e-08
1.079656568359591015e-07
-1.685889636546786535e-08
1.124335120536734763e-07
-3.970642056701127127e-09
1.187487550230262844e-07
1.044733224449470609e-08
1.271828278242301214e-07
2.671533862216545602e-08
1.380521244623159270e-07
4.519919554549731041e-08
1.517223547588120842e-07
6.631455317513069419e-08
1.686125381992887413e-07
9.053066167195011833e-08
1.891982408398562173e-07
1.183731361946761905e-07
2.140135371506558090e-07
1.504251241620621505e-07
2.436510235314226939e-07
1.873261185921089029e-07
2.787590358910411093e-07
2.297674730741175441e-07
3.200350289001448403e-07
2.784834820779821092e-07
3.682138866112594744e-07
3.342367059414587697e-07
4.240497644509781086e-07
3.977960777076104626e-07
4.882899564110519994e-07
4.699062719777267722e-07
5.616392913050843940e-07
5.512469106122077043e-07
6.447137628573945909e-07
6.423805145468829287e-07
7.379825926107905089e-07
7.436887909743461970e-07
8.416988261543978036e-07
8.552980075644179285e-07
9.558200167119902697e-07
9.769959786286521257e-07
1.079922677505667467e-06
1.108145696164389598e-06
1.213117084082467773e-06
1.247603932739743728e-06
1.353972683746286410e-06
1.393657156355283636e-06
1.500468640872485684e-06
1.543991519671634872e-06
1.649988466415290474e-06
1.695717882662162487e-06
1.799381370352397949e-06
1.845475667083829459e-06
1.945114539810788969e-06
1.989639123229417725e-06
2.083537973177594897e-06
2.124644031953850270e-06
2.211274282654203775e-06
2.247439306190553545e-06
2.325727346286539721e-06
2.356043933788109516e-06
2.425673859682384206e-06
2.450154053990130632e-06
2.511860793977476033e-06
2.531699532177128395e-06
2.587483703023323123e-06
2.605201328426381782e-06
2.658376390473097487e-06
2.677744894893351475e-06
2.732720582841920278e-06
2.758383955723045172e-06
2.820111811935272257e-06
2.856852634338973732e-06
2.929924378807561020e-06
2.981618944709252948e-06
3.069123999724101676e-06
3.137566724324020839e-06
3.239970384800771856e-06
3.323909458723182605e-06
3.438364705945728121e-06
3.533211893287019817e-06
3.653782819788283272e-06
3.752441032368281072e-06
3.871584165616703901e-06
3.966568671699615146e-06
4.077801277703765397e-06
4.164267707487970545e-06
4.265272455908685281e-06
4.343827374238367152e-06
4.438541244124131036e-06
4.516171582692322904e-06
4.614178737986735851e-06
4.701872855077806894e-06
4.814249692652653127e-06
4.921365358162555706e-06
5.054215015192650629e-06
5.182147891271182771e-06
5.331598468906627503e-06
5.471346683423874417e-06
5.624697054882310408e-06
5.762072626065142633e-06
5.906740775018361050e-06
6.033740011919374554e-06
6.168795591835624171e-06
6.292415023941121432e-06
6.431816391687347585e-06
6.569724481119668965e-06
6.730204713138391635e-06
6.892999101944415402e-06
7.075224070896660504e-06
7.252510182100685432e-06
7.437818854810312545e-06
7.608780809600255880e-06
7.782144334704941993e-06
7.944071797742210890e-06
8.117383971091293181e-06
8.292695251690924835e-06
8.489453167810686592e-06
8.691360314675758810e-06
8.907014462153128908e-06
9.114173528759000415e-06
9.321211370873474098e-06
9.515424273572581406e-06
9.716735808655343410e-06
9.921518453135515662e-06
1.014691017572408649e-05
1.037775499975447840e-05
1.061594748008449127e-05
1.084136071226252079e-05
1.106422676331256583e-05
1.128271010790905685e-05
1.151786015426742478e-05
1.176210207561987863e-05
1.201592538545618281e-05
1.225756085722537594e-05
1.249381190863573478e-05
1.272656453769976001e-05
1.297631895376454401e-05
1.323243700351570353e-05
1.348838862688363105e-05
1.372750507428310790e-05
1.396727582306850903e-05
1.421466390658238404e-05
1.447401132000552966e-05
1.472051711722012784e-05
1.495682505724302248e-05
1.519261038902436016e-05
1.544303607835622902e-05
1.568490782396628720e-05
1.591312178797142280e-05
1.613770987788767510e-05
1.637576606526075488e-05
1.660218378626953297e-05
1.681467343910424437e-05
1.702901161523684081e-05
1.725131524559788375e-05
1.745301659988647100e-05
1.765141947735704929e-05
1.785725819809785294e-05
1.805283942440986743e-05
1.823484105046386736e-05
1.843103133435845139e-05
1.861314305425999956e-05
1.878936809608879228e-05
1.897512595076971846e-05
1.914955092793942050e-05
1.932228147066462903e-05
1.950578871654028401e-05
1.967169380295169341e-05
1.985554439920643178e-05
2.002766745633863214e-05
2.020719819136343828e-05
2.038856219172121773e-05
2.056712198315679575e-05
2.075480567638922577e-05
2.093625371323994231e-05
2.112727926405060799e-05
2.131259306410339998e-05
2.150499609652602881e-05
2.169296391698534882e-05
2.188521338105714196e-05
2.207393809054689318e-05
2.226484459878566376e-05
2.245290358268107407e-05
2.264205219309707774e-05
2.282920013551831054e-05
2.301733668440866156e-05
2.320465857881307648e-05
2.339356338937001873e-05
2.358295956951654649e-05
2.377467043356612568e-05
2.396780018494111387e-05
2.416349266006094574e-05
2.436070813927965423e-05
2.455993319231930709e-05
2.475997033094714107e-05
2.496095169278810493e-05
2.516183574120748259e-05
2.536288477936804580e-05
2.556358720079810628e-05
2.576464308571207529e-05
2.596609198307215505e-05
2.616886775736973846e-05
2.637307081019365604e-05
2.657927998162222099e-05
2.678708250810752343e-05
2.699639483036601699e-05
2.720634935271570829e-05
2.741669090148881122e-05
2.762685053958758503e-05
2.783717109100039758e-05
2.804781246455376526e-05
2.825958975473982687e-05
2.847268042395365234e-05
2.868737165244835747e-05
2.890304100092798870e-05
2.911929423901682884e-05
2.933537754042703485e-05
2.955141292555986662e-05
2.976754546003851392e-05
2.998458684382168871e-05
3.020267373452109415e-05
3.042185360096696126e-05
3.064128095667005894e-05
3.086056538275245556e-05
3.107937211521007674e-05
3.129837500082530485e-05
3.151791512692444440e-05
3.173827792566562235e-05
3.195867858391284426e-05
3.217867405025699192e-05
3.239796495165122529e-05
3.261731276809155323e-05
3.283693249287461270e-05
3.305672054252026541e-05
3.327568348239666528e-05
3.349377031179479199e-05
3.371128026219735025e-05
3.392886512903549209e-05
3.414585307067269463e-05
3.436172489889278238e-05
3.457633116436374942e-05
3.479049808513906225e-05
3.500387226768175974e-05
3.521588019381160904e-05
3.542620832025309964e-05
3.563566763964016722e-05
3.584384786278670213e-05
3.605021061568632464e-05
3.625465161271337428e-05
3.645779720258456535e-05
3.665888729967013308e-05
3.685781539051934878e-05
3.705470076906282193e-05
3.724942646971977016e-05
3.744145621076746936e-05
3.763138020876843974e-05
3.781841499050280707e-05
3.800252264184989615e-05
3.818398264806110960e-05
3.836227803171079608e-05
3.853710008730299542e-05
3.870903625268351121e-05
3.887705721369507240e-05
3.904175742879068879e-05
3.920242095543382909e-05
3.935929499688699203e-05
3.951204905926189226e-05
3.966045387084080954e-05
3.980456749382412976e-05
3.994406970968447911e-05
4.007889677144679244e-05
4.020877601104901083e-05
4.033370164806494775e-05
4.045346298177353859e-05
4.056783909528304265e-05
4.067670393829182085e-05
4.077996204837964399e-05
4.087743218847766859e-05
4.096889073650797445e-05
4.105427741377031063e-05
4.113342769966459191e-05
4.120614857103990899e-05
4.127222366402526237e-05
4.133159610175294804e-05
4.138407377906224143e-05
4.142956939234623961e-05
4.146786141854477291e-05
4.149889826495746709e-05
4.152249378184151910e-05
4.153855028752365911e-05
4.154688871294879801e-05
4.154754019817053168e-05
4.154024286049779705e-05
4.152500824198696050e-05
4.150165424202642073e-05
4.147021056668518296e-05
4.143046688128837875e-05
4.138244688617429018e-05
4.132596603692093024e-05
4.126105067199503911e-05
4.118751309484383139e-05
4.110540965612316516e-05
4.101460071075411313e-05
4.091514343201520406e-05
4.080689208725051458e-05
4.068994145581532085e-05
4.056424607162984890e-05
4.042987387674020546e-05
4.028676897170773460e-05
4.013505311801583280e-05
3.997467681136485367e-05
3.980573473435860908e-05
3.962817784910909776e-05
3.944215183790737261e-05
3.924762783915670700e-05
3.904471635256061800e-05
3.883342885329993719e-05
3.861399825648910601e-05
3.838646778199172557e-05
3.815100577323282476e-05
3.790766875361348232e-05
3.765669884455241737e-05
3.739812673182076047e-05
3.713216280890505955e-05
3.685889034046520459e-05
3.657858376434248326e-05
3.629135952069409443e-05
3.599747016080237467e-05
3.569703742831094621e-05
3.539033262415850736e-05
3.507741102061327933e-05
3.475859350947186304e-05
3.443408587255714857e-05
3.410416288581715670e-05
3.376901924226924454e-05
3.342892386008469903e-05
3.308399639917078102e-05
3.273455777003741416e-05
3.238079552324540071e-05
3.202306031880910569e-05
3.166160493445065681e-05
3.129665675304485109e-05
3.092840045642347344e-05
3.055717604420451545e-05
3.018319886714478285e-05
2.980677994351835154e-05
2.942809873721922347e-05
2.904750831930147462e-05
2.866522579682483177e-05
2.828156625023745696e-05
2.789670260218983278e-05
2.751093347337696786e-05
2.712447272056485770e-05
2.673765635544805841e-05
2.635065554438949335e-05
2.596374186935271835e-05
2.557710440123997847e-05
2.519107266955723413e-05
2.480582882262505473e-05
2.442164184041929935e-05
2.403866073609711466e-05
2.365713243546213701e-05
2.327727581614960067e-05
2.289936922082613603e-05
2.252348714308553514e-05
2.214986880943251634e-05
2.177874650485892919e-05
2.141026978115396622e-05
2.104454373802533551e-05
2.068184544998209821e-05
2.032229543202233770e-05
1.996606071934946849e-05
1.961320647281152816e-05
1.926400118639595612e-05
1.891853952161172710e-05
1.857688242049588881e-05
1.823916116670568915e-05
1.790557937936841442e-05
1.757616108545442273e-05
1.725099287705440999e-05
1.693019162433108001e-05
1.661387868398289634e-05
1.630205241368321700e-05
1.599479873613301659e-05
1.569219579470365660e-05
1.539435868809372463e-05
1.510120002596406910e-05
1.481283414813115423e-05
1.452934525028107983e-05
1.425074358522418910e-05
1.397695219740248072e-05
1.370803959273928562e-05
1.344409555307292448e-05
1.318506615784276234e-05
1.293087488644219429e-05
1.268158784665267871e-05
1.243725309675365140e-05
1.219774694446462229e-05
1.196302490735608026e-05
1.173318196789941185e-05
1.150816619007208394e-05
1.128782930723147066e-05
1.107215172147916754e-05
1.086124425275612968e-05
1.065496640997574984e-05
1.045317308672142825e-05
1.025585764056439584e-05
1.006309901784988531e-05
9.874704654973352481e-06
9.690567538348989222e-06
9.510690668663688305e-06
9.335106699716415855e-06
9.163559594739006166e-06
8.996007351721146928e-06
8.832497569297290460e-06
8.672958731606190269e-06
8.517120381207846932e-06
8.364984981872132229e-06
8.216630144531170447e-06
8.071870655576993467e-06
7.930503887577664552e-06
7.792543162470119391e-06
7.658022091603311897e-06
7.526717609355074627e-06
7.398487814083495878e-06
7.273364429373498471e-06
7.151338051837079995e-06
7.032122602949657357e-06
6.915667158106783961e-06
6.802058256355236132e-06
6.691157816367791726e-06
6.582720520509799054e-06
6.476720822157885784e-06
6.373277372486475699e-06
6.272150928401371363e-06
6.173191631352132201e-06
6.076390211196466885e-06
5.981822286703522490e-06
5.889211022726533028e-06
5.798484824918287531e-06
5.709668714952411847e-06
5.622770226633478122e-06
5.537491123751862033e-06
5.453836872393153003e-06
5.371891486889413400e-06
5.291531136984089172e-06
5.212536225850621057e-06
5.134922173747567165e-06
5.058791812231023266e-06
4.983944572051484516e-06
4.910262114579804028e-06
4.837767111902689256e-06
4.766523984451664849e-06
4.696297265415382381e-06
4.627048334168757037e-06
4.558840097461611309e-06
4.491652798017173383e-06
4.425266069462462474e-06
4.359690601776734349e-06
4.295039902603486907e-06
4.231179261263131083e-06
4.167988031041220904e-06
4.105475550559447842e-06
4.043755739718950338e-06
3.982653049551058718e-06
3.922128465049312061e-06
3.862195235333698610e-06
3.802939457347774709e-06
3.744161749445951547e-06
3.685883726973409612e-06
3.628158258390637446e-06
3.570983479322036089e-06
3.514212996985384221e-06
3.457888929867290516e-06
3.402110962742910321e-06
3.346796875412113794e-06
3.291907220268482043e-06
3.237478930118666708e-06
3.183598536439952813e-06
3.130161329018065435e-06
3.077156180063179573e-06
3.024582777871430789e-06
2.972466818834764561e-06
2.920642360222567188e-06
2.869083905114541874e-06
2.817779748146579219e-06
2.766655548147408108e-06
2.715602803228910649e-06
2.664592275560102978e-06
2.613669833413047789e-06
2.562756994496826230e-06
2.511876984642140318e-06
2.461067768319563512e-06
2.410450836605535387e-06
2.360027014137278853e-06
2.309899841336477760e-06
2.260135304648396018e-06
2.210837054556452389e-06
2.162004775808781648e-06
2.113734471968872689e-06
2.066104245180969064e-06
2.019164971197481248e-06
1.972936992121065285e-06
1.927443752764500450e-06
1.882720017799537767e-06
1.838756083596993388e-06
1.795583850576722372e-06
1.753199040795903829e-06
1.711602963770289329e-06
1.670749022773945122e-06
1.630645560693138490e-06
1.591285626635123163e-06
1.552661602604225046e-06
1.514728968416271510e-06
1.477460250047088312e-06
1.440848169703365959e-06
1.404879333098228062e-06
1.369535988584012989e-06
1.334772929804175480e-06
1.300591015811611304e-06
1.266978448758521884e-06
1.233921577755588730e-06
1.201382554693517624e-06
1.169382594983337006e-06
1.137911332599013406e-06
1.106945230108414186e-06
1.076466602717145698e-06
1.046487353044401284e-06
1.016994666192768064e-06
9.879978297049259838e-07
9.594932274403747361e-07
9.314606526395146267e-07
9.039180750032820033e-07
8.768680738619180036e-07
8.502830612738031892e-07
8.241911019799036116e-07
7.985844524640480567e-07
7.734523062413235856e-07
7.488144207776015896e-07
7.246765626308235761e-07
7.010390525330682591e-07
6.778790219472022445e-07
6.552140492045926812e-07
6.330777711560634540e-07
6.114436113710919080e-07
5.902958925428119711e-07
5.696501672063445242e-07
5.495206604906305719e-07
5.298824524769095973e-07
5.107377109357530152e-07
4.920974453303140127e-07
4.739524013230582138e-07
4.562896658338532939e-07
4.391145350424117393e-07
4.224252063263003634e-07
4.062211315891607218e-07
3.904937039272116406e-07
3.752356994430256334e-07
3.604532349033530218e-07
3.461328129301617925e-07
3.322463400476217129e-07
3.188234617881450994e-07
3.058313155437837555e-07
2.932606190673154973e-07
2.811080825064560717e-07
2.693756087105224146e-07
2.580479074275240404e-07
2.471217425181968881e-07
2.365891865882835872e-07
2.264300003099258051e-07
2.166374570722329048e-07
2.072060525294892018e-07
1.981176945383708088e-07
1.893700128643304964e-07
1.809667313659451385e-07
1.728844676339901864e-07
1.651225444804555926e-07
1.576601978623150332e-07
1.504897328003420826e-07
1.436043218905061917e-07
1.370038824774188405e-07
1.306804163831548539e-07
1.246141009242911124e-07
1.187959220054331030e-07
1.132157362076612655e-07
1.078696231267001359e-07
1.027559676066267557e-07
9.786940838340813887e-08
9.319176216543932720e-08
8.871138935158119572e-08
8.443222671372969178e-08
8.035190161496128740e-08
7.644192356667977459e-08
7.269434816043450618e-08
6.912888610086719125e-08
6.573844988305796354e-08
6.248834069266383890e-08
5.937838162819419965e-08
5.642162713166665016e-08
5.360709278101369825e-08
5.092039861045893125e-08
4.836278279615196697e-08
4.592080544854395342e-08
4.359533166042181888e-08
4.138138930061077540e-08
3.927082952193029675e-08
3.727008337469827122e-08
3.535704523595419751e-08
3.353443099531455400e-08
3.181880818742504513e-08
3.017324101048245854e-08
2.860227661991348563e-08
2.711876352690115617e-08
2.571252940333120743e-08
2.436829357485533513e-08
2.309315701367915608e-08
2.188164773650741668e-08
2.073350278703785405e-08
1.964069908307359373e-08
1.860505623124081995e-08
1.762102948773934754e-08
1.668851023252221792e-08
1.580319151176759626e-08
1.495702653046954499e-08
1.416799360300580840e-08
1.340930798884312694e-08
1.268994801226084967e-08
1.201272601597691092e-08
1.136902164534446229e-08
1.075841947788125081e-08
1.017955075737925911e-08
9.629983144610608575e-09
9.113389034611945217e-09
8.619831919924755798e-09
8.152100680829556413e-09
7.713253982185061655e-09
7.295495694999100273e-09
6.897206746681689085e-09
6.521162854058105824e-09
6.168774761258181102e-09
5.833897005484104644e-09
5.512824198608799348e-09
5.212217599654635218e-09
4.930134714204552339e-09
4.660320638528545623e-09
4.403178625768766012e-09
4.165187870210184515e-09
3.937987266647444425e-09
3.719272906516745808e-09
3.513951822177021592e-09
3.324407912816139390e-09
3.141836825939313837e-09
2.966533807419986349e-09
2.803168049363325026e-09
2.650806897936872290e-09
2.503495896901711703e-09
2.364174217187661911e-09
2.234481906906844075e-09
2.112058417867242835e-09
1.993026178259096694e-09
1.879863508526410290e-09
1.776898224518074430e-09
1.678378599045672129e-09
1.583744403434375227e-09
1.493851758627866543e-09
1.411972155084972356e-09
1.331584446915134997e-09
1.254479922452763448e-09
1.183657953206591487e-09
1.117359600234734453e-09
1.053196161696175928e-09
9.911193157633952004e-10
9.340220866358424393e-10
8.796967728893317014e-10
8.270501221071638937e-10
7.762371208762589874e-10
7.303863812918472554e-10
6.856348235241595781e-10
6.431683600620042152e-10
6.028797905679489147e-10
5.654296382253498906e-10
5.289745254615121666e-10
4.939998009422653087e-10
4.613662872337462106e-10
4.306681181114945730e-10
4.004899092594056469e-10
3.711553409983814723e-10
3.448176957489920618e-10
3.192607231613559783e-10
2.948471228145818257e-10
2.716870439818863930e-10
2.509216183193202943e-10
2.304772355876543380e-10
2.112041780773792305e-10
1.932521231376584112e-10
1.766764042910092442e-10
1.606464159266924960e-10
1.460926195121368331e-10
1.329991554904920370e-10
1.213180572526436650e-10
1.102909741640160033e-10
1.000549694084590452e-10
9.143771895717195284e-11
8.347261907078659165e-11
7.666800302914874233e-11
7.084844090952301484e-11
6.646723005225309755e-11
6.206332707242142498e-11
5.800129336427714247e-11
5.488340558818873668e-11
5.259328862291152119e-11
5.077780299554055592e-11
4.889731435015904756e-11
4.700072100326326170e-11
4.505912141954565179e-11
4.316679531665831845e-11
4.118465555313752290e-11
3.928920689469174794e-11
3.674671247474363748e-11
3.410729034326702160e-11
3.136717896952248900e-11
2.873616395662249812e-11
2.571927830321263992e-11
2.274351878235844697e-11
2.027491252540883355e-11
1.823351575188911897e-11
1.600322944132467952e-11
1.413472396435470538e-11
1.325726612735802121e-11
1.258319783430213096e-11
1.191317567141301636e-11
1.167907015371961788e-11
1.173357560891509784e-11
1.154203452779748165e-11
1.130920398384888515e-11
1.094299434868175814e-11
1.016909991152102115e-11
9.283787213024011620e-12
8.304899933153824887e-12
6.990600222057294317e-12
6.018034419595830427e-12
5.266641874028852131e-12
4.533025305198545236e-12
4.464059886189965427e-12
4.442764927019155508e-12
4.637604443848209815e-12
4.689253028309769115e-12
4.683687734524074883e-12
4.384868655795944393e-12
3.790567568938924016e-12
3.271430636832490580e-12
2.618198612361920512e-12
2.248713257997936516e-12
2.102646113901330300e-12
2.134795080851376836e-12
2.310051804177285586e-12
2.402729509531697433e-12
2.304991439839750517e-12
2.062002303939597123e-12
1.622172512492034529e-12
1.283240189347567271e-12
1.086865826065301400e-12
1.188283605765668912e-12
1.349662207133309732e-12
1.434869176296479041e-12
1.283321492047278075e-12
1.001806243351027730e-12
7.413234131110569246e-13
6.776732403512912990e-13
7.726452682874819803e-13
8.821533990253906760e-13
8.626886689137413428e-13
6.901568184683843217e-13
4.770397080986331414e-13
4.171408402657559328e-13
5.407180291286092050e-13
6.308998064268666609e-13
5.251110913958269084e-13
3.309658572860038156e-13
2.919568564518377267e-13
3.881458311426282647e-13
4.329831627440185300e-13
3.411620886601553178e-13
2.158074727753980329e-13
2.196002274545667296e-13
3.270671582574495734e-13
2.896848668285432123e-13
1.499477682608709550e-13
1.671773302790650752e-13
2.541134199456223460e-13
1.946057202551901202e-13
1.131081954816082919e-13
1.430712391540558516e-13
2.027317852726461171e-13
1.060806219619492652e-13
8.716394179230351465e-14
1.623009897009629611e-13
1.029547579781244400e-13
6.134095050996023003e-14
1.292066961916271890e-13
8.402399914293630513e-14
4.937268159102981092e-14
1.108567298687540454e-13
5.232798732904913607e-14
5.336156649941828578e-14
9.094562301470207555e-14
1.944126179571428630e-14
8.086593893084760040e-14
3.273298683947135118e-14
4.657269539517973612e-14
5.064278273732843735e-14
2.360421986007860765e-14
5.396560062988448652e-14
1.577667737292857382e-14
4.763454890122626173e-14
1.481827984815474931e-14
3.915200404548938134e-14
1.508596152066923491e-14
3.180669834457299848e-14
1.480564503586544786e-14
2.612864072059577297e-14
1.389795448095384972e-14
2.178919787322491577e-14
1.264755924566322070e-14
1.839555107827445385e-14
1.128948087941282443e-14
1.566641157919318798e-14
9.958094614772251933e-15
1.342148636451072417e-14
8.717772842456134144e-15
1.154511217815752855e-14
7.593793800482985600e-15
9.959745711398455692e-15
6.591443395282886167e-15
8.610454545996934102e-15
5.706339442604909085e-15
7.456314281537775357e-15
4.929769377030414126e-15
6.465590634471744911e-15
4.251412170905838521e-15
5.612934044582048415e-15
3.660713278969405765e-15
4.877658799462725653e-15
3.147562324148162936e-15
4.242627126686765857e-15
2.702605448404147386e-15
3.693486204315721425e-15
2.317364482320219224e-15
3.218121371450175692e-15
1.984254124597842946e-15
2.806248460649273225e-15
1.696546442875699125e-15
2.449099943347455826e-15
1.448309800205834022e-15
2.139177090399301979e-15
1.234337236057028018e-15
1.870050358444162395e-15
1.050072611003207869e-15
1.636196149360050342e-15
8.915390197354583220e-16
1.432861737920448524e-15
7.552717884727154089e-16
1.255952491767899384e-15
6.382571099969389923e-16
1.101937040802082071e-15
5.378766431467619987e-16
9.677671024747939956e-16
4.518579888563537119e-16
8.508094062493393514e-16
3.782307329994854270e-16
7.487876938599066713e-16
3.152876339578726618e-16
6.597331691322775524e-16
2.615504864489793572e-16
5.819420741508510576e-16
2.157401901404393257e-16
5.139393006192640472e-16
1.767505670315488640e-16
4.544471326177397012e-16
1.436255012324681583e-16
4.023583644694094365e-16
1.155390107355801360e-16
3.567131563672574247e-16
9.177789643045170383e-17
3.166790927729003818e-16
7.172665097426531412e-17
2.815339856214816149e-16
5.485434494814424741e-17
2.506510362063925592e-16
4.070323969826121194e-17
2.234860250256145449e-16
2.887890585939073425e-17
1.995662461628651036e-16
1.904165340054285734e-17
1.784809457154185916e-16
1.089910305511577254e-17
1.598730550845220971e-16
4.199749669568522548e-18
1.434320425950603005e-16
-1.272612156122842747e-18
1.288877290791391222e-16
-5.703714459810998719e-18
1.160049363298846999e-16
-9.252992420215427522e-18
1.045788546228764402e-16
-1.205719805023814787e-17
9.443103195875608604e-17
-1.423352528008925745e-17
8.540590004507928638e-17
-1.588231212765252042e-17
7.736776500154187404e-17
-1.708937597497584403e-17
7.019819972904920825e-17
-1.792803162192939959e-17
6.379378346943643608e-17
-1.846083432723638540e-17
5.806414255206010572e-17
-1.874108507178959565e-17
5.293025090443797877e-17
-1.881412980910998667e-17
4.832295616741019470e-17
-1.871848082200359109e-17
4.418170082953504769e-17
-1.848678392641397415e-17
4.045341229290888696e-17
-1.814665266700165794e-17
3.709153944137188081e-17
-1.772138736100587730e-17
3.405521580451169991e-17
-1.723059460866725543e-17
3.130853304174579833e-17
-1.669072098580770885e-17
2.881990925509794037e-17
-1.611551248323564682e-17
2.656154024770312900e-17
-1.551640981480917078e-17
2.450892226642157355e-17
-1.490288841276292441e-17
2.264043699726088750e-17
-1.428275071422167717e-17
2.093699037136672725e-17
-1.366237718544375862e-17
1.938169822339254015e-17
-1.304694181368802297e-17
1.795961258627872062e-17
-1.244059703807540370e-17
1.665748322033356856e-17
-1.184663210783063395e-17
1.546354982617975159e-17
-1.126760884386979622e-17
1.436736083629471450e-17
-1.070547763433193572e-17
1.335961534488742989e-17
-1.016167666799515309e-17
1.243202524625714176e-17
-9.637216520259413554e-18
1.157719473110041128e-17
-9.132752284322037843e-18
1.078851516783940323e-17
-8.648644882682066744e-18
1.006007317452890420e-17
-8.185013130108649277e-18
9.386570291748361910e-18
-7.741777790428860596e-18
8.763252786062313830e-18
-7.318698806722212583e-18
8.185850174658104874e-18
-6.915406512029034981e-18
7.650521624966229861e-18
-6.531427841755349023e-18
7.153809007180267291e-18
-6.166208039352247216e-18
6.692595944766254885e-18
-5.819128599818134907e-18
6.264072092274453153e-18
-5.489521811177202933e-18
5.865702119314007151e-18
-5.176682452853772330e-18
5.495198765972480512e-18
-4.879876843257369673e-18
5.150499642748308843e-18
-4.598349641223546461e-18
4.829747410090891542e-18
-4.331328535726892723e-18
4.531272980350785255e-18
-4.078027015707682883e-18
4.253581625138808854e-18
-3.837645318442199372e-18
3.995341709608436427e-18
-3.609369649481964459e-18
3.755376041616486701e-18
-3.392369635948637240e-18
3.532655712381709536e-18
-3.185794013499759983e-18
3.326296462804766074e-18
-2.988764459178902400e-18
3.135557609754869905e-18
-2.800367423937716261e-18
