# bin_5_2
7.684124312767243013e-08
-6.821927215532484302e-08
7.230250278934103266e-08
-6.402460832458654589e-08
6.811549609272670588e-08
-6.001012651430953802e-08
6.426536258582506230e-08
-5.615587580234401165e-08
6.074069124266268903e-08
-5.244058531256995044e-08
5.753363138758048778e-08
-4.884136738747476670e-08
5.464007490103876411e-08
-4.533336056571787554e-08
5.205991041759139419e-08
-4.188930678940652680e-08
4.979735764546465292e-08
-3.847905629273429670e-08
4.786138431904528036e-08
-3.506899518780885962e-08
4.626621296656889062e-08
-3.162138941236052427e-08
4.503192055833497906e-08
-2.809364125118514361e-08
4.418513444683454087e-08
-2.443745692510256994e-08
4.375982343217417862e-08
-2.059792523459892638e-08
4.379818065647215065e-08
-1.651251649930366622e-08
4.435158690122916528e-08
-1.211001390563385937e-08
4.548163451015430461e-08
-7.309403595194898638e-09
4.726118052029816035e-08
-2.018762031775549297e-09
4.977538130996641942e-08
3.865802853792339911e-09
5.312263983555891920e-08
1.046107570354176022e-08
5.741537194271505697e-08
1.789741394912039283e-08
6.278046490660615022e-08
2.631904070405697385e-08
6.935926539488194350e-08
3.588376564612339604e-08
7.730688905673189744e-08
4.676190479433635543e-08
8.679060040662194253e-08
5.913412270700766543e-08
9.798696184495302479e-08
7.318787678487845721e-08
1.110774128391926994e-07
8.911210715064532766e-08
1.262419128781954729e-07
1.070898041680389010e-07
1.436502841458629286e-07
1.272881063936668030e-07
1.634509399909223675e-07
1.498456643343983929e-07
1.857568040513081116e-07
1.748571709386827558e-07
2.106284455311824591e-07
2.023552416250533672e-07
2.380548081552215817e-07
2.322902585444508156e-07
2.679324288978010423e-07
2.645094029608330203e-07
3.000447471208063732e-07
2.987369015415387838e-07
3.340439981754209892e-07
3.345584870737595399e-07
3.694392252677993652e-07
3.714141501212732883e-07
4.055950169308480271e-07
4.086042787765302127e-07
4.417464758320549361e-07
4.453149736359429091e-07
4.770363046452655982e-07
4.806682732319577599e-07
5.105792703646589158e-07
5.138016744311862438e-07
5.415570676006164928e-07
5.439780364632243729e-07
5.693420974617113314e-07
5.707211184442806891e-07
5.936414269295365489e-07
5.939633341464303213e-07
6.146422168331793479e-07
6.141812647312672508e-07
6.331282224216327926e-07
6.324827854954749937e-07
6.505261699467573279e-07
6.506008964639222053e-07
6.688354977466460661e-07
6.707491331753499276e-07
6.904016499901922499e-07
6.953088987923344413e-07
7.175190437277421786e-07
7.263567528145899682e-07
7.518998444203852240e-07
7.651014568175477068e-07
7.941160737924493123e-07
8.113774907358604594e-07
8.431985978881196826e-07
8.634079902275688890e-07
8.966217425555694500e-07
9.180611724079427336e-07
9.508655955073420297e-07
9.717272156850835191e-07
1.002581539841735384e-06
1.021704348728101680e-06
1.050084539250968707e-06
1.067638407114820651e-06
1.094545894662600945e-06
1.112258425374187378e-06
1.140073570491437872e-06
1.160652842198771944e-06
1.192126062685370440e-06
1.217892688231338851e-06
1.254574030652100647e-06
1.285923308591260654e-06
1.326947988354664938e-06
1.361759343239389972e-06
1.404127918817800655e-06
1.439033465391553326e-06
1.479788995717996582e-06
1.512939556804667825e-06
1.551973196026398728e-06
1.585183543034126956e-06
1.626023686489705033e-06
1.663722579458448651e-06
1.710592276842393024e-06
1.755511478640641818e-06
1.808750235576687505e-06
1.858542377724420651e-06
1.913815816213750019e-06
1.963626132561699376e-06
2.017509200716387090e-06
2.066912087004083517e-06
2.122552511968124791e-06
2.177260102731018023e-06
2.240655187214598509e-06
2.304170932058170317e-06
2.374528416749159607e-06
2.441983479826263250e-06
2.512955404746482859e-06
2.580271042480882922e-06
2.652922991799532728e-06
2.726181426622279539e-06
2.808138793511551851e-06
2.891484195237202391e-06
2.980391111281500311e-06
3.066545916853606243e-06
3.155943464700824732e-06
3.244906252727939553e-06
3.341859385430331364e-06
3.441902859392377767e-06
3.548268239733851200e-06
3.652759895754984066e-06
3.759950754423155933e-06
3.867532365183102490e-06
3.983214070772092387e-06
4.101760618725589945e-06
4.224115868484492147e-06
4.343677264191862409e-06
4.467031345929136122e-06
4.593400970459842179e-06
4.725978680327626309e-06
4.856329872694954464e-06
4.987036592033099115e-06
5.118096989632254350e-06
5.254943047163735127e-06
5.389627211220428210e-06
5.522471266669985080e-06
5.653650743474889353e-06
5.788718968888098307e-06
5.919366729127986187e-06
6.046299599873401035e-06
6.171227598514990785e-06
6.296805130838428130e-06
6.414078469014960148e-06
6.528378417699764403e-06
6.640467637347851459e-06
6.747185508364600157e-06
6.846090696776646737e-06
6.945150315588238429e-06
7.036119177800416345e-06
7.122331017483870690e-06
7.206451505803670902e-06
7.284901319167912990e-06
7.359230647814721698e-06
7.434101211134966179e-06
7.502065724832513422e-06
7.573469318577205812e-06
7.640698105839738904e-06
7.710067792988327509e-06
7.779830822799724285e-06
7.850337868144025008e-06
7.923947385529724985e-06
7.998075107782742446e-06
8.075748003897419752e-06
8.153985545837374825e-06
8.234765987508810032e-06
8.315637988951833583e-06
8.397361941136012489e-06
8.478171898427296687e-06
8.558097224725523899e-06
8.636106037756781563e-06
8.712090586564361465e-06
8.785830943877573492e-06
8.857502945174221436e-06
8.927669052081644717e-06
8.996869266671315431e-06
9.066156908272662951e-06
9.136137115719511852e-06
9.207811791574444464e-06
9.281345613627038743e-06
9.357153308555841222e-06
9.434625076646623433e-06
9.513455079474680492e-06
9.592464432634469816e-06
9.671111844358901214e-06
9.748388150814399437e-06
9.824320938344254138e-06
9.898769072110087634e-06
9.972687628064176137e-06
1.004668974499491299e-05
1.012202320041892059e-05
1.019904124253002959e-05
1.027816633311368862e-05
1.035865504197878838e-05
1.043988843486605811e-05
1.052060366626010780e-05
1.060038228049497076e-05
1.067891632551574838e-05
1.075707227982886136e-05
1.083563989504341854e-05
1.091577989236425219e-05
1.099761282846012429e-05
1.108089099846822184e-05
1.116438138228997983e-05
1.124728685840843024e-05
1.132908749540105881e-05
1.141054146553360134e-05
1.149258590795587636e-05
1.157624258842495317e-05
1.166128471756286101e-05
1.174689486732742931e-05
1.183182516674669848e-05
1.191593079539339823e-05
1.199988897436430390e-05
1.208498337917374030e-05
1.217144913950518708e-05
1.225855048927074657e-05
1.234500623572043903e-05
1.243073045681756191e-05
1.251666357052105628e-05
1.260389053737523096e-05
1.269198279279070444e-05
1.277974267953815744e-05
1.286663196943286180e-05
1.295373068796396266e-05
1.304193642246404340e-05
1.313067182962113487e-05
1.321865426005755319e-05
1.330616658521973219e-05
1.339443626721170528e-05
1.348343021568553634e-05
1.357179699296086942e-05
1.365955729550584579e-05
1.374796000473697424e-05
1.383680575041770257e-05
1.392482884637940627e-05
1.401253963925335814e-05
1.410089520469812109e-05
1.418892005954511211e-05
1.427621649182102353e-05
1.436384186265572636e-05
1.445127450875425350e-05
1.453785945480627526e-05
1.462470677151591170e-05
1.471112813455959173e-05
1.479668060956510777e-05
1.488248205396110736e-05
1.496752006857030030e-05
1.505177117851798340e-05
1.513615527150560252e-05
1.521930408527154311e-05
1.530228944610422407e-05
1.538433858037792747e-05
1.546574310368942741e-05
1.554659446300434811e-05
1.562630606116594949e-05
1.570552844145643552e-05
1.578354502335868723e-05
1.586092383736031089e-05
1.593701066929493571e-05
1.601231205519182182e-05
1.608634668171616283e-05
1.615935319749457595e-05
1.623098741600900586e-05
1.630152396370365092e-05
1.637060308887350251e-05
1.643837382100448317e-05
1.650461555623850544e-05
1.656946353377240097e-05
1.663265586363709127e-05
1.669424269965940431e-05
1.675404528440177691e-05
1.681216407314205013e-05
1.686836955268304633e-05
1.692270086023353200e-05
1.697502204016242578e-05
1.702535831890384543e-05
1.707353580452618529e-05
1.711956441943496005e-05
1.716336034240784403e-05
1.720489174846187387e-05
1.724403680930296717e-05
1.728077382234199623e-05
1.731502014274817640e-05
1.734672774296636244e-05
1.737580102333312847e-05
1.740220995937384501e-05
1.742587331185769175e-05
1.744670891374642640e-05
1.746462768720450064e-05
1.747959334032789608e-05
1.749152280145419618e-05
1.750037871721959749e-05
1.750608768453846794e-05
1.750862179806605845e-05
1.750790309693078155e-05
1.750392271170098598e-05
1.749661640137736165e-05
1.748595685628010209e-05
1.747185009697228687e-05
1.745427030767894252e-05
1.743314875770988280e-05
1.740846055898869892e-05
1.738013109174917022e-05
1.734815227078563497e-05
1.731250339578367867e-05
1.727318290200253949e-05
1.723015376995202196e-05
1.718339823280111702e-05
1.713289794166266347e-05
1.707865276995108728e-05
1.702063486719874918e-05
1.695883335737928180e-05
1.689326429714119201e-05
1.682395266508917808e-05
1.675090341235336953e-05
1.667412961226104836e-05
1.659363313022499010e-05
1.650940666055785916e-05
1.642147383300731633e-05
1.632990356817015743e-05
1.623474069575539213e-05
1.613603708141478813e-05
1.603381711138847010e-05
1.592810905050792968e-05
1.581897931207527751e-05
1.570649834350991967e-05
1.559075379669540005e-05
1.547182024466484124e-05
1.534973146459839614e-05
1.522454543386460851e-05
1.509634985058935449e-05
1.496524308560751893e-05
1.483131781250125675e-05
1.469466243334128788e-05
1.455537538898607392e-05
1.441356665075545459e-05
1.426934276215128328e-05
1.412277745609764689e-05
1.397395655246302156e-05
1.382301584208994147e-05
1.367009994249514306e-05
1.351529914768167135e-05
1.335871492665936161e-05
1.320046779793908345e-05
1.304069515900276667e-05
1.287949657423021483e-05
1.271699384286861097e-05
1.255331474807308399e-05
1.238856662672683232e-05
1.222288909135144903e-05
1.205642847777941023e-05
1.188925978745758897e-05
1.172149081318876209e-05
1.155328121416710502e-05
1.138473780028949080e-05
1.121597144225925245e-05
1.104711693661067952e-05
1.087826221994193023e-05
1.070953618209902565e-05
1.054103202014337903e-05
1.037289035965780717e-05
1.020520745428652866e-05
1.003805426388994393e-05
9.871563033256220383e-06
9.705846387074777045e-06
9.540983707934349426e-06
9.377050514354010041e-06
9.214158460225782874e-06
9.052394713506021421e-06
8.891844074413317073e-06
8.732569905881173069e-06
8.574657323019506028e-06
8.418206424663771166e-06
8.263250319715509092e-06
8.109867384617849031e-06
7.958148744767607393e-06
7.808136093563509207e-06
7.659867626647268919e-06
7.513405402131489835e-06
7.368832407856044529e-06
7.226163207645299765e-06
7.085431214211520117e-06
6.946694582186265887e-06
6.810000254444496939e-06
6.675352996977154815e-06
6.542784887634109385e-06
6.412344869862771268e-06
6.284061135196700371e-06
6.157908866347217147e-06
6.033924674851583509e-06
5.912158822023335583e-06
5.792596380236156412e-06
5.675218927197049554e-06
5.560044053153607467e-06
5.447112817074477196e-06
5.336388833652784467e-06
5.227854169463756931e-06
5.121522289595896859e-06
5.017414972186507461e-06
4.915468356338536809e-06
4.815676396971644030e-06
4.718064914831348625e-06
4.622614392073498018e-06
4.529250346776210901e-06
4.437972731610966541e-06
4.348812646764602353e-06
4.261712860894497135e-06
4.176607108679062833e-06
4.093498467683994681e-06
4.012400314690497007e-06
3.933234075431461571e-06
3.855949957018983343e-06
3.780557442472961868e-06
3.707048449605507144e-06
3.635319856141110373e-06
3.565350013689510687e-06
3.497165279794971015e-06
3.430713032022898563e-06
3.365890626101263127e-06
3.302687229997441325e-06
3.241138129878714851e-06
3.181151693213399497e-06
3.122653522782103575e-06
3.065639095530324331e-06
3.010125548810437437e-06
2.956000056135547233e-06
2.903216272077382127e-06
2.851784732989195618e-06
2.801693130431260116e-06
2.752812017427937564e-06
2.705129456769197676e-06
2.658680249636127128e-06
2.613397491629390101e-06
2.569172716325463968e-06
2.526003486538973609e-06
2.483930207317386254e-06
2.442853574828424356e-06
2.402703985240986635e-06
2.363487208784748160e-06
2.325224732333144118e-06
2.287795973576839219e-06
2.251170298910823187e-06
2.215375323812488353e-06
2.180392318324255431e-06
2.146099231718448631e-06
2.112495330205029722e-06
2.079632191486941826e-06
2.047435628536448139e-06
2.015822592288521484e-06
1.984797502922725164e-06
1.954409109759343636e-06
1.924559760120752487e-06
1.895205967477442002e-06
1.866357565377621634e-06
1.838046112471845423e-06
1.810155473323056878e-06
1.782679579066330760e-06
1.755651424717923267e-06
1.729054274964645623e-06
1.702790264625294619e-06
1.676870390549924857e-06
1.651347929162580436e-06
1.626155568344276291e-06
1.601246041526608066e-06
1.576630168895615611e-06
1.552351482171358289e-06
1.528333133130642190e-06
1.504559299367194307e-06
1.481042243278449286e-06
1.457812539770667740e-06
1.434780013411576308e-06
1.411955553869080593e-06
1.389370897602462961e-06
1.367009881082298517e-06
1.344819155806790994e-06
1.322811499724389732e-06
1.301039694692020105e-06
1.279456554632669174e-06
1.258055347837956764e-06
1.236847511996416775e-06
1.215875981715909585e-06
1.195084455708639879e-06
1.174475428515674668e-06
1.154047567217000897e-06
1.133809528809900606e-06
1.113687299870838184e-06
1.093676375123265703e-06
1.073775793154152753e-06
1.053950749164907311e-06
1.034156684322022847e-06
1.014382798371492392e-06
9.946469210215784065e-07
9.749157558948776604e-07
9.552001560278420925e-07
9.355194413022467526e-07
9.159207058651819268e-07
8.963951524548711944e-07
8.769752857137716404e-07
8.576863031399614300e-07
8.385643484610858349e-07
8.196195919215244940e-07
8.008958253571765629e-07
7.824338962359945462e-07
7.642440850005808146e-07
7.463376950200539298e-07
7.287264301027936501e-07
7.114406272760962866e-07
6.944802096283686120e-07
6.778572473417696702e-07
6.615565179075999000e-07
6.455807373073816006e-07
6.299172075170106451e-07
6.145764523862150836e-07
5.995416251395203544e-07
5.847961037672045859e-07
5.703266013735029938e-07
5.561363355919857635e-07
5.422153720333307873e-07
5.285382199909922761e-07
5.150986084563786849e-07
5.018966164357313448e-07
4.889255183575043558e-07
4.761620830807180402e-07
4.636095017885794120e-07
4.512688213331823702e-07
4.391265200159391131e-07
4.271701470661101110e-07
4.154110480039649367e-07
4.038382520797129012e-07
3.924400214712767000e-07
3.812373165771038717e-07
3.702255019336361756e-07
3.593853745925353786e-07
3.487314466612850054e-07
3.382653657210998398e-07
3.279769344382388573e-07
3.178775074144851380e-07
3.079584458395158310e-07
2.982332434471507600e-07
2.886934125838907425e-07
2.793347809889325940e-07
2.701747882691998762e-07
2.612078854028211808e-07
2.524327131720080253e-07
2.438476501305527664e-07
2.354639603902649616e-07
2.272721302279247542e-07
2.192686463371659803e-07
2.114604607670509513e-07
2.038541745807886968e-07
1.964424662441526969e-07
1.892180469735902331e-07
1.821876613168509954e-07
1.753544943914330775e-07
1.687098088626463568e-07
1.622474391351394360e-07
1.559779768099577736e-07
1.498986565945812432e-07
1.439988334369245230e-07
1.382810404303961600e-07
1.327435022650298668e-07
1.273811860617328272e-07
1.221918938894025896e-07
1.171786783650473542e-07
1.123314118947595585e-07
1.076476370568890279e-07
1.031241157272753903e-07
9.876227058491657141e-08
9.455261285785705731e-08
9.049519561562102811e-08
8.658250082436364689e-08
8.281519421213545074e-08
7.918951436380162391e-08
7.569821672575708264e-08
7.234077174594869924e-08
6.911257584098347605e-08
6.601181027119144978e-08
6.303044403625900408e-08
6.016848460136760630e-08
5.742164454248963145e-08
5.478614615018396278e-08
5.225771375206252297e-08
4.983272299658596223e-08
4.750901491340039068e-08
4.528489270601649692e-08
4.315381632037231681e-08
4.111235588160924424e-08
3.915654277481199732e-08
3.728646219794151697e-08
3.550137301874571710e-08
3.379285417160668146e-08
3.215886509034696635e-08
3.059956365834228199e-08
2.910866948664340049e-08
2.768206871576991024e-08
2.632313274708611930e-08
2.503044951283480817e-08
2.379190189961269656e-08
2.260622169598323437e-08
2.148063062826938410e-08
2.041214407837328581e-08
1.938894347532132381e-08
1.841195679882069107e-08
1.748559887291847871e-08
1.660462752012871973e-08
1.576060775514038605e-08
1.495762551995405681e-08
1.419689043497577327e-08
1.347042496990424010e-08
1.277778140934058482e-08
1.212178248221463689e-08
1.149864437291600743e-08
1.090477954043541058e-08
1.034038739064181094e-08
9.804436151609563316e-09
9.295865952241413401e-09
8.812523027167355291e-09
8.351261045904646458e-09
7.914393150167334684e-09
7.499575899914998717e-09
7.106509478052265790e-09
6.730988568323616100e-09
6.378532290954095308e-09
6.041936000378079329e-09
5.722526924590994279e-09
5.420071307306587556e-09
5.132212521352174425e-09
4.859019420660867616e-09
4.599813775160590110e-09
4.355871810709918425e-09
4.124837558376453614e-09
3.904089989955413792e-09
3.694057883655149855e-09
3.497331832043229215e-09
3.310326545717083181e-09
3.132252447364511754e-09
2.963459014158562389e-09
2.805458797670067939e-09
2.653905654820760477e-09
2.509186671253341945e-09
2.374044320807080553e-09
2.247610729072791333e-09
2.124960277692700116e-09
2.007905491482665327e-09
1.899697659026005462e-09
1.797480000434202904e-09
1.698918602231768996e-09
1.605231529720293053e-09
1.517841570058391059e-09
1.435261509362805579e-09
1.355582879921646552e-09
1.279490335001544178e-09
1.209698882303558052e-09
1.142537335942656768e-09
1.077785139054832122e-09
1.017010941729801582e-09
9.601699726713651833e-10
9.055741100110906450e-10
8.526421067606264645e-10
8.039999671578875335e-10
7.578450276828339548e-10
7.131403810268643052e-10
6.699773011163605394e-10
6.307337984946350178e-10
5.928104016009339049e-10
5.559800249310488968e-10
5.211763768613311572e-10
4.894101749819172346e-10
4.576903454982720269e-10
4.272192572976840819e-10
3.991352301046947802e-10
3.724898199179263098e-10
3.463521200264432911e-10
3.213939257812911899e-10
2.983206265463997854e-10
2.761771471110342218e-10
2.550039693302150066e-10
2.346164474518904075e-10
2.165557377602614306e-10
1.987900775316031611e-10
1.821386857684469512e-10
1.662412029269407093e-10
1.522686593481061809e-10
1.386478726857681352e-10
1.257785750457150822e-10
1.142599403756386450e-10
1.037597760567956544e-10
9.413058526904501527e-11
8.534015970532251745e-11
7.793516946538657347e-11
7.137469525921446495e-11
6.567270104636340187e-11
6.059123744738379207e-11
5.646185238211575532e-11
5.276207955051642629e-11
4.963530152755776244e-11
4.698589076699542600e-11
4.503264413644035278e-11
4.329731733828769042e-11
4.169093560658574461e-11
4.038990916628733148e-11
3.896488736078517429e-11
3.737645006492838900e-11
3.552463205809588225e-11
3.381142391145068259e-11
3.177419698634803986e-11
2.959437893530722452e-11
2.720630700063530672e-11
2.481883426737378373e-11
2.221883740378249618e-11
1.972110993745561228e-11
1.736762574201010247e-11
1.536899085201689738e-11
1.360508993035338741e-11
1.224251168343365672e-11
1.125296778255303281e-11
1.057282928475584840e-11
1.015917429740475180e-11
1.002025971330082452e-11
1.010513924063224890e-11
1.006427842274990627e-11
9.783474643070119907e-12
9.347574153077099656e-12
8.853917765134683162e-12
8.115893535204877618e-12
7.049748942595842244e-12
5.976500890918123485e-12
5.153493404074783008e-12
4.514768618889559230e-12
3.931366199233263214e-12
3.712064202481232694e-12
3.836981129509642002e-12
3.993695175371132958e-12
3.999579674988286612e-12
4.034761423954860608e-12
3.833311975940025617e-12
3.325645665765974006e-12
2.751546508281586812e-12
2.288828158301819488e-12
1.889006345880931919e-12
1.743632930448690581e-12
1.843420712439935946e-12
2.004541077956482928e-12
2.067582058284300605e-12
2.039243231638233414e-12
1.740695241760405985e-12
1.387388610491527738e-12
1.100233352519417625e-12
9.254295236148716797e-13
1.028140773011873157e-12
1.144198722152591879e-12
1.239603837831879041e-12
1.119959038504033540e-12
8.656042679397288369e-13
6.363251303047049150e-13
5.557607892932442612e-13
6.636942349623228656e-13
7.700472037505551731e-13
7.593755775085953609e-13
5.774034944420320442e-13
4.064242165369070092e-13
3.592484180597821044e-13
4.673153275549278630e-13
5.380143498239220389e-13
4.581593796257925827e-13
2.874155372821500404e-13
2.415719006983325261e-13
3.278236277282671184e-13
3.876795748355595104e-13
2.901789403394398000e-13
1.770334975237393197e-13
1.923064159873173174e-13
2.844525647472671929e-13
2.448027500340554652e-13
1.337162477499609599e-13
1.375750207504491027e-13
2.201399816633492034e-13
1.729201734225084202e-13
8.935655283139692864e-14
1.261570954208524601e-13
1.758580061885001060e-13
8.880931140385090972e-14
7.589974204770118777e-14
1.381283131869644094e-13
9.209310564942559221e-14
4.734884327555379206e-14
1.158495841905023157e-13
6.956561512777763312e-14
4.304489304042700869e-14
9.528857785291398821e-14
4.559188812482889422e-14
4.409642028399306591e-14
8.071615848660224155e-14
1.399415709083523954e-14
7.177306901512627803e-14
2.655150739883546883e-14
4.088242856485505690e-14
4.320992599180694779e-14
2.024276711624167525e-14
4.657954739296287619e-14
1.331105644298955687e-14
4.114407816367552358e-14
1.258878144398221398e-14
3.371383734133185207e-14
1.296094471089866509e-14
2.727767421172894230e-14
1.282026719036011034e-14
2.232211137139102674e-14
1.209606478829764477e-14
1.855408658297420435e-14
1.104783171644785241e-14
1.562142291110180676e-14
9.890086013539413454e-15
1.327234174701112861e-14
8.746051404151677065e-15
1.134607579275527493e-14
7.675389965445967794e-15
9.740018081506151224e-15
6.702202077437122998e-15
8.385773815023590776e-15
5.832338726798093909e-15
7.235163349172512520e-15
5.062765026440801723e-15
6.252471405209537386e-15
4.386407403587112146e-15
5.410117372285851598e-15
3.794631216700195297e-15
4.686142666995666995e-15
3.278497718244752085e-15
4.062675716709968782e-15
2.829388647039658501e-15
3.524941090013714982e-15
2.439298991063945973e-15
3.060585169145020307e-15
2.100953820749637216e-15
2.659195081897970938e-15
1.807831808902983305e-15
2.311941516451317478e-15
1.554140148453883132e-15
2.011304731728766290e-15
1.334765484644258854e-15
1.750858868364618001e-15
1.145214543939587233e-15
1.525098683253715291e-15
9.815520621781163203e-16
1.329298161161586502e-15
8.403401615526699888e-16
1.159393734412026083e-15
7.185813433812094871e-16
1.011886919582264154e-15
6.136661126038122022e-16
8.837625514068254705e-16
5.233255866449431843e-16
7.724197252952621435e-16
4.455890605593810514e-16
6.756132128916328173e-16
3.787462939409838839e-16
5.914035860946244285e-16
3.213141769153424218e-16
5.181146359752494155e-16
2.720073877460085742e-16
4.542969362384798360e-16
2.297126464717948563e-16
3.986966072558518585e-16
1.934661783962695329e-16
3.502284975225054598e-16
1.624340270909921111e-16
3.079531289814835249e-16
1.358948828633923099e-16
2.710568572458915676e-16
1.132251251107073668e-16
2.388347830589577033e-16
9.388580687868819471e-17
2.106760226453647351e-16
7.741133938861783718e-17
1.860510031152627474e-16
6.339966226338491007e-17
1.645004981634410142e-16
5.150370961990703520e-17
1.456261612858814741e-16
4.142400542951003388e-17
1.290823484289794298e-16
3.290224203951604724e-17
1.145690516491384033e-16
2.571571354685049056e-17
1.018257905722041291e-16
1.967249218612508839e-17
9.062633081167122560e-17
1.460725004952109830e-17
8.077411502779737784e-17
1.037764109835361629e-17
7.209831051795067445e-17
6.861168959802449969e-18
6.445038848110579882e-17
3.952476471370622543e-18
5.770116311300474719e-17
1.561000527308450512e-18
5.173822809639828458e-17
-3.910563905961509333e-19
4.646373651724778907e-17
-1.970480225066347070e-18
4.179247802555506738e-17
-3.234561844580026699e-18
3.765021285418262539e-17
-4.232407614565221662e-18
3.397222822499251366e-17
-5.006072041337892696e-18
3.070208722192900079e-17
-5.591536014351659408e-18
2.779054404852710855e-17
-6.019551843456296728e-18
2.519460364643629971e-17
-6.316372791124488768e-18
2.287670602099126004e-17
-6.504382831160204892e-18
2.080401866597260492e-17
-6.602640017246488817e-18
1.894782270423530798e-17
-6.627345385358625153e-18
1.728298012909647408e-17
-6.592247187374249331e-18
1.578747126247903913e-17
-6.508989452477866127e-18
1.444199323267970342e-17
-6.387412454053187601e-18
1.322961118118517684e-17
-6.235811406789739404e-18
1.213545527418947109e-17
-6.061159384513285180e-18
1.114645740261692076e-17
-5.869299160505523748e-18
1.025112229021166659e-17
-5.665108222228974799e-18
9.439328494173036808e-18
-5.452640735576242564e-18
8.702155290700787378e-18
-5.235249526463382327e-18
8.031732044880087208e-18
-5.015690861649853293e-18
7.421107121840367409e-18
-4.796214416222786778e-18
6.864133715209203018e-18
-4.578640409928230765e-18
6.355370408463057163e-18
-4.364425744455630377e-18
5.889994554390433926e-18
-4.154720645268179428e-18
5.463726703011243739e-18
-3.950417082124682286e-18
5.072764742676811192e-18
-3.752190189008359086e-18
4.713726453428745167e-18
-3.560533552388128939e-18
4.383599334860704523e-18
-3.375789324738732918e-18
4.079696841466879283e-18
-3.198173813753445120e-18
3.799620159699731513e-18
-3.027799176393974843e-18
3.541224821741063698e-18
-2.864691790026388295e-18
3.302591577905522516e-18
-2.708807746353880519e-18
3.082000932211760445e-18
-2.560045834048854523e-18
2.877910966981546513e-18
-2.418258383586668689e-18
2.688937991639157098e-18
-2.283260230272020272e-18
2.513839723873437874e-18
-2.154836062539523263e-18
2.351500681188076721e-18
-2.032746319773469914e-18
2.200919575242532753e-18
-1.916731845819084879e-18
2.061198477460746545e-18
-1.806517389903124562e-18
1.931533594054503204e-18
-1.701814112485266110e-18
1.811207500341672142e-18
-1.602321101344948834e-18
1.699582754990970161e-18
-1.507726059025444582e-18
1.596096788179639428e-18
-1.417705071208145503e-18
