# bin_1_1
4.210068592246838113e-08
-3.895423223366199311e-08
3.950956153051703398e-08
-3.669422281583371503e-08
3.708668406610204590e-08
-3.456324448938901649e-08
3.482017375011232293e-08
-3.255433604171157114e-08
3.269909848049678893e-08
-3.066083786370110979e-08
3.071338761476601065e-08
-2.887639032666004468e-08
2.885375476124140957e-08
-2.719492964972435818e-08
2.711162859547039759e-08
-2.561068203020058060e-08
2.547909080674762514e-08
-2.411815599988355090e-08
2.394882040724555348e-08
-2.271213382378548401e-08
2.251404363896744928e-08
-2.138766183851441679e-08
2.116848896578040666e-08
-2.014004018010882413e-08
1.990634647378764163e-08
-1.896481204503488003e-08
1.872223133992316397e-08
-1.785775255816029874e-08
1.761115092515794870e-08
-1.681485758882357856e-08
1.656847501046964063e-08
-1.583233237615291482e-08
1.558990892830423629e-08
-1.490658031481019833e-08
1.467146926638486737e-08
-1.403419180745240769e-08
1.380946179921718248e-08
-1.321193343522007636e-08
1.300046140208970517e-08
-1.243673745871539230e-08
1.224129364422692158e-08
-1.170569180745022893e-08
1.152901778158029175e-08
-1.101603073911151377e-08
1.086091085595223715e-08
-1.036512626591622409e-08
1.023445254149100349e-08
-9.750480644195653603e-09
9.647310432181413731e-09
-9.169720109468156290e-09
9.097325385926195035e-09
-8.620590163926253098e-09
8.582496478116781186e-09
-8.100952738044566574e-09
8.100965273106897223e-09
-7.608785505658914581e-09
7.650998830617916436e-09
-7.142183695154926234e-09
7.230971270245115094e-09
-6.699364574698028747e-09
6.839343589260678115e-09
-6.278674714611348988e-09
6.474641688823049549e-09
-5.878599814971515674e-09
6.135432925009862764e-09
-5.497776556759006677e-09
5.820301981920296465e-09
-5.135005303825989283e-09
5.527827429341102516e-09
-4.789261862996751775e-09
5.256561210166705127e-09
-4.459705508533132655e-09
5.005014249075399409e-09
-4.145679576634797956e-09
4.771652335435785960e-09
-3.846699964425025631e-09
4.554907310542542130e-09
-3.562426149744328072e-09
4.353208967589377595e-09
-3.292609438380058023e-09
4.165042627881741259e-09
-3.037014115233092743e-09
3.989035425541941750e-09
-2.795310171249389799e-09
3.824070427687288685e-09
-2.566941236592974549e-09
3.669421379901988896e-09
-2.350979116947339054e-09
3.524891994138787223e-09
-2.145986007863033233e-09
3.390933345191414459e-09
-1.949916023584364959e-09
3.268703198581131181e-09
-1.760095583631332928e-09
3.160026081810780052e-09
-1.573322745228558097e-09
3.067218531847715054e-09
-1.386112280069940299e-09
2.992766479409655911e-09
-1.195080252887048573e-09
2.938885759205747901e-09
-9.974072793831964946e-10
2.907060113013821357e-09
-7.912510816249058254e-10
2.897719199303551511e-09
-5.759189768672359454e-10
2.910260958293675676e-09
-3.515988078686671799e-10
2.943593018911712772e-09
-1.185296153747860172e-10
2.997223590642074738e-09
1.242986566355948288e-10
3.072667155856535745e-09
3.805231876654769933e-10
3.174619875384496612e-09
6.572007338023626538e-10
3.311188773959707098e-09
9.643447000377219695e-10
3.492677457615072689e-09
1.313022526384485340e-09
3.729188144366743125e-09
1.712807302246435156e-09
4.028379634113131097e-09
2.170366904864708395e-09
4.395369781033145839e-09
2.691012157196101226e-09
4.835970635805963674e-09
3.283284162983468603e-09
5.361873024079659770e-09
3.963649513800853293e-09
5.993623914565952272e-09
4.756718981921994784e-09
6.757594949731038041e-09
5.689358493077956411e-09
7.678636386974996068e-09
6.784123265918064503e-09
8.776796280899858046e-09
8.061181999666656437e-09
1.007484885951812727e-08
9.549729971820910666e-09
1.160986384545578389e-08
1.129506800716842633e-08
1.343211707902167400e-08
1.334869879197031218e-08
1.558992383522214607e-08
1.575494106359960667e-08
1.812563970789654301e-08
1.856027152936120692e-08
2.109528322753227879e-08
2.183320463736956176e-08
2.457638197639735795e-08
2.565331390874010347e-08
2.864307297527202510e-08
3.008830381330307469e-08
3.336246048197840206e-08
3.521481032385015031e-08
3.882563459668896049e-08
4.113392763593465779e-08
4.513124498400410467e-08
4.793322612866347326e-08
5.235872909371055260e-08
5.569736356443519335e-08
6.060655608724134831e-08
6.453202937092009286e-08
6.997008093108600810e-08
7.451408849096696750e-08
8.051832018424081264e-08
8.572078171066530483e-08
9.233356438274887529e-08
9.821858631258134405e-08
1.054552428738447740e-07
1.120348484179144772e-07
1.199138037743341453e-07
1.271904763939221969e-07
1.356975113784076296e-07
1.436466992917469552e-07
1.527619490219557312e-07
1.613470237582051045e-07
1.710140912579215965e-07
1.801686555406776964e-07
1.903229743380097827e-07
1.999607635287870123e-07
2.105009862366812968e-07
2.205187189040117157e-07
2.313362774406958635e-07
2.416051448373582079e-07
2.525747455535652520e-07
2.629679952458747232e-07
2.739546391047314759e-07
2.843415662601698556e-07
2.952239161100465570e-07
3.054804788609773263e-07
3.161517109341855878e-07
3.261798277124268463e-07
3.365542926811976979e-07
3.462862173136200907e-07
3.563102329335385032e-07
3.657082670150388290e-07
3.753613595725791851e-07
3.844160255989589974e-07
3.937035350576548826e-07
4.024261173789773975e-07
4.113673923581726193e-07
4.197774659606690148e-07
4.283927540086051377e-07
4.365054619498074068e-07
4.448056049761426976e-07
4.526242305070665107e-07
4.606077381994891698e-07
4.681254457110399986e-07
4.757851323550459011e-07
4.829956725971734155e-07
4.903320278351072709e-07
4.972436820397882478e-07
5.042768834279954603e-07
5.109200278634619623e-07
5.176909575661447016e-07
5.241114140593790148e-07
5.306676133909429713e-07
5.369071393580491443e-07
5.432813348231899227e-07
5.493587692524722768e-07
5.555574019004478790e-07
5.614683068148926596e-07
5.674837383146556441e-07
5.732233980855701651e-07
5.790625129022719413e-07
5.846523363779094547e-07
5.903522666409781571e-07
5.958383625807981118e-07
6.014461917550878674e-07
6.068649162681740867e-07
6.123998942543141155e-07
6.177507089256021983e-07
6.231997941883838489e-07
6.284679323862739484e-07
6.338287555556460847e-07
6.390311351592296076e-07
6.443392787962386970e-07
6.495175169224580525e-07
6.548052706298590128e-07
6.599691191743478952e-07
6.652243706091716899e-07
6.703523125707471977e-07
6.755649058756216865e-07
6.806708864103747087e-07
6.858765595850703890e-07
6.909978401323328374e-07
6.962136084942221491e-07
7.013384433998830588e-07
7.065396414068351594e-07
7.116567310027298364e-07
7.168614299248205592e-07
7.220055236310838596e-07
7.272361583465175576e-07
7.323990330231978566e-07
7.376318894191302110e-07
7.428065083822053045e-07
7.480650544305427767e-07
7.532803559701192720e-07
7.585659318049491797e-07
7.637970688102660548e-07
7.690969793776837570e-07
7.743646820140067987e-07
7.797055583069889520e-07
7.850045209389201267e-07
7.903621306629983522e-07
7.956918789264925089e-07
8.010898647863696305e-07
8.064540947944825466e-07
8.118709686513271966e-07
8.172673975725291495e-07
8.227263332821899743e-07
8.281557218731238531e-07
8.336332045844530610e-07
8.390956860941454465e-07
8.446105942913327749e-07
8.501018419165336186e-07
8.556412847595858512e-07
8.611635233627315212e-07
8.667280903729353051e-07
8.722800437859680360e-07
8.778697654967762538e-07
8.834408406876626441e-07
8.890580249619107058e-07
8.946549307680331197e-07
9.002811372643217736e-07
9.059024446615532231e-07
9.115519876842454848e-07
9.171848802497567487e-07
9.228423091252195625e-07
9.284894947102658084e-07
9.341628896270930533e-07
9.398115540683828444e-07
9.454838442522338528e-07
9.511416364494921528e-07
9.568167595973375970e-07
9.624662787168767660e-07
9.681345171709414676e-07
9.737870710848797979e-07
9.794438657334238910e-07
9.850740328776575630e-07
9.907176440749477483e-07
9.963373965754661546e-07
1.001952582468147743e-06
1.007539388389782789e-06
1.013128788829506477e-06
1.018686993426029855e-06
1.024232382023032962e-06
1.029745002485413242e-06
1.035250446725683499e-06
1.040714543493073094e-06
1.046157831535728711e-06
1.051563816255306583e-06
1.056949836550587654e-06
1.062286048520676211e-06
1.067590901528075153e-06
1.072852046324158277e-06
1.078077174698670569e-06
1.083245784131676058e-06
1.088372126674815407e-06
1.093444853448943931e-06
1.098467334529851540e-06
1.103423708339534978e-06
1.108325181924521018e-06
1.113162001284453042e-06
1.117934018370556873e-06
1.122629739472993198e-06
1.127259312752434815e-06
1.131807733425596261e-06
1.136277093305077178e-06
1.140657039202529658e-06
1.144957948677878321e-06
1.149162685687579842e-06
1.153274896054043695e-06
1.157283934366809392e-06
1.161197593315930000e-06
1.165000039837634374e-06
1.168695350647759761e-06
1.172273492068283524e-06
1.175739041571463993e-06
1.179077639665814224e-06
1.182293218977601654e-06
1.185378264901748781e-06
1.188332059671668810e-06
1.191144110365640238e-06
1.193815594288054872e-06
1.196340603731548999e-06
1.198715783653786859e-06
1.200933620258983285e-06
1.202994243349493351e-06
1.204892306400125379e-06
1.206623025983360997e-06
1.208180381595811673e-06
1.209563677392360997e-06
1.210766649659567776e-06
1.211786344216737943e-06
1.212616980956266123e-06
1.213257211936556065e-06
1.213700450547891893e-06
1.213945183603566916e-06
1.213985993228557498e-06
1.213822402918815685e-06
1.213448180992102340e-06
1.212861979771224665e-06
1.212058232945709011e-06
1.211036714948891533e-06
1.209791761240214220e-06
1.208321894293347995e-06
1.206623341959491484e-06
1.204694884353414073e-06
1.202532425260997444e-06
1.200134459697532601e-06
1.197499592796704339e-06
1.194626344728520779e-06
1.191513279924868224e-06
1.188160574385706019e-06
1.184566332399815546e-06
1.180727537996038349e-06
1.176644545665756041e-06
1.172317863533811898e-06
1.167745174642510094e-06
1.162925893771888766e-06
1.157862035953958777e-06
1.152555107636529885e-06
1.147007308378837842e-06
1.141218396574226507e-06
1.135189535314973857e-06
1.128923405754281983e-06
1.122422984422407270e-06
1.115688339635852298e-06
1.108720860379869436e-06
1.101524939186556997e-06
1.094103318345306112e-06
1.086460274257687954e-06
1.078601548395132016e-06
1.070530016131651151e-06
1.062250289594345406e-06
1.053764908065191835e-06
1.045078958393887331e-06
1.036197133850824270e-06
1.027125807435973572e-06
1.017871410588254086e-06
1.008440154236167740e-06
9.988363917199030960e-07
9.890666497252374667e-07
9.791365835031393814e-07
9.690540137174080119e-07
9.588253389386288070e-07
9.484580602675616288e-07
9.379585440897166993e-07
9.273353661314711232e-07
9.165946382966111057e-07
9.057446248084148633e-07
8.947928175864906770e-07
8.837465083435697397e-07
8.726135633870631244e-07
8.614030039961797909e-07
8.501216022815416081e-07
8.387761098147252754e-07
8.273743921612071784e-07
8.159268036824418703e-07
8.044400630550150405e-07
7.929204029011711224e-07
7.813757765798293661e-07
7.698166960432391522e-07
7.582496015363405595e-07
7.466805528808555589e-07
7.351174974257713882e-07
7.235700778264018995e-07
7.120432776039740813e-07
7.005440125075792990e-07
6.890790422146840930e-07
6.776566879731545589e-07
6.662825614492487327e-07
6.549625321460535830e-07
6.437033406471219679e-07
6.325131086972063602e-07
6.213944755195127968e-07
6.103542457297111045e-07
5.993990824749522176e-07
5.885332367434264471e-07
5.777607851673502536e-07
5.670877489006302949e-07
5.565192690471748697e-07
5.460599302068448815e-07
5.357118381105327911e-07
5.254798951330076852e-07
5.153687928206857233e-07
5.053806869827644615e-07
4.955182201253824568e-07
4.857861290228430471e-07
4.761872448907028816e-07
4.667227019044081438e-07
4.573941165402130465e-07
4.482065807375200010e-07
4.391606853169458253e-07
4.302569336618186396e-07
4.214966134452570082e-07
4.128839187049374531e-07
4.044174083350392090e-07
3.960973806233942579e-07
3.879252614557108940e-07
3.799037762982206533e-07
3.720298553772508791e-07
3.643037284755926120e-07
3.567270185357182970e-07
3.493007573836549749e-07
3.420204532777444230e-07
3.348869978593557566e-07
3.279024310683766771e-07
3.210651491636174712e-07
3.143702778340968228e-07
3.078186998259199149e-07
3.014121314796424630e-07
2.951469815979764084e-07
2.890193152456200531e-07
2.830302260569916455e-07
2.771798773911738192e-07
2.714629128847804399e-07
2.658770748818812289e-07
2.604240221521039598e-07
2.551014319402137224e-07
2.499033156874165654e-07
2.448286555089024710e-07
2.398797107289426924e-07
2.350517636776879198e-07
2.303392610668154173e-07
2.257413424336245473e-07
2.212602902618813888e-07
2.168893877011948164e-07
2.126249085401254318e-07
2.084665801727765315e-07
2.044151368273575479e-07
2.004624880733927665e-07
1.966068121501479598e-07
1.928495884530098406e-07
1.891883946499936148e-07
1.856150715590924920e-07
1.821293685217147112e-07
1.787338667774834768e-07
1.754229212606560458e-07
1.721905289604008873e-07
1.690369583278192074e-07
1.659638206812256376e-07
1.629642961322917409e-07
1.600344824767012922e-07
1.571752929111613650e-07
1.543871395636538058e-07
1.516615580341009209e-07
1.489973532664934834e-07
1.463971636887189355e-07
1.438576307309881345e-07
1.413716651003852157e-07
1.389390289576383969e-07
1.365635079563068574e-07
1.342386873328118360e-07
1.319605203190475646e-07
1.297291676974867725e-07
1.275472691965716709e-07
1.254074932592455186e-07
1.233081447111390321e-07
1.212502748858920314e-07
1.192348477601651619e-07
1.172538534845409177e-07
1.153077789264821409e-07
1.133993116045458755e-07
1.115255362531655482e-07
1.096808395225623386e-07
1.078658247918581654e-07
1.060838439012831958e-07
1.043296406920454125e-07
1.026006373083253531e-07
1.008976463345501623e-07
9.922318406365093297e-08
9.757139829320461886e-08
9.594198483158613146e-08
9.433676698521709938e-08
9.275613126799778241e-08
9.119452339703824404e-08
8.965263093227234436e-08
8.813329959701609682e-08
8.663338137555210598e-08
8.514973438465744028e-08
8.368247590915071431e-08
8.223437239933705110e-08
8.080084713449593884e-08
7.938082226421096787e-08
7.797425924544023109e-08
7.658324031570532799e-08
7.520278229508026413e-08
7.383330374184484636e-08
7.247561018068416614e-08
7.112960876277661770e-08
6.979183151003355996e-08
6.846367158043625673e-08
6.714807373894979643e-08
6.584365961187177013e-08
6.454966253724042450e-08
6.326640442320012198e-08
6.199589642349525943e-08
6.073639234085609127e-08
5.948931098854277500e-08
5.825592311881237276e-08
5.703813807342381548e-08
5.583319228429568606e-08
5.464202400819015503e-08
5.346611023090005558e-08
5.230622403413619929e-08
5.116163463044571036e-08
5.003249454974672285e-08
4.891996232845524158e-08
4.782282863309049263e-08
4.674180658894450991e-08
4.567678015502221176e-08
4.462865859093942339e-08
4.359591646119598828e-08
4.257928547332131130e-08
4.157836909302106428e-08
4.059396153580851508e-08
3.962503359657587254e-08
3.867204166791828188e-08
3.773449414701265058e-08
3.681240860388676311e-08
3.590609692485754188e-08
3.501496852287583643e-08
3.413843521957171281e-08
3.327636213940319609e-08
3.242936891096475436e-08
3.159589537696194484e-08
3.077610465827806445e-08
2.997017785470290656e-08
2.917752445025514525e-08
2.839754008423918637e-08
2.763129001721937996e-08
2.687799581160275941e-08
2.613779654176948278e-08
2.541148147788855696e-08
2.469787818253265672e-08
2.399808777746585551e-08
2.331163449509510834e-08
2.263749369517425778e-08
2.197623536362355794e-08
2.132707650098185269e-08
2.069008165851355697e-08
2.006510201416967414e-08
1.945255770075479421e-08
1.885300611312920633e-08
1.826614031248262161e-08
1.769209733517037973e-08
1.713112553108918460e-08
1.658275777219470674e-08
1.604587937625660918e-08
1.552057533630334484e-08
1.500707130882230595e-08
1.450555928623715337e-08
1.401625745403422743e-08
1.353980412906212185e-08
1.307601970861993377e-08
1.262388820751243465e-08
1.218249295163414854e-08
1.175205854066990190e-08
1.133281954441176715e-08
1.092533483846998264e-08
1.053000562009309467e-08
1.014656316956771047e-08
9.773555219594963272e-09
9.410018579007465177e-09
9.056701598016611614e-09
8.714628787402626315e-09
8.384019883066251874e-09
8.063633347065371668e-09
7.752355681423137862e-09
7.449981107682370758e-09
7.157636847056879320e-09
6.875751495784535422e-09
6.603486689076563122e-09
6.339207037951196582e-09
6.082929165739939637e-09
5.836146320704489978e-09
5.598989840459951741e-09
5.369506910850432750e-09
5.146668996298923518e-09
4.932369324336928495e-09
4.727072080284974531e-09
4.528518657796666939e-09
4.335960637726940706e-09
4.151572666242015564e-09
3.974920502086120052e-09
3.803602296737260816e-09
3.638636052219799291e-09
3.481252359669513961e-09
3.329255869713434181e-09
3.182628467077197639e-09
3.043060111238989491e-09
2.908286690938852925e-09
2.778271336371018379e-09
2.654832046749163912e-09
2.535653821393959065e-09
2.420892644369089078e-09
2.311881085000058582e-09
2.206373482403361994e-09
2.106002443341081837e-09
2.009285720008355927e-09
1.916679484394783920e-09
1.828535073932282562e-09
1.743458565593510995e-09
1.662451141772098075e-09
1.584718517599708502e-09
1.510760519310793013e-09
1.439596040354695472e-09
1.371739978535722165e-09
1.306891084419092146e-09
1.244961882598921982e-09
1.185539469842147613e-09
1.128849879608744571e-09
1.074708500857847136e-09
1.022960028437692687e-09
9.733934597366709737e-10
9.262130508535023165e-10
8.812228597564444283e-10
8.382325896364340286e-10
7.970881093630537046e-10
7.580165851436635103e-10
7.206187776782304584e-10
6.848684320733825611e-10
6.506203643860502597e-10
6.180835800740132503e-10
5.869395082713328620e-10
5.572252275540669409e-10
5.288530132680269805e-10
5.019355837122679745e-10
4.760800276868322270e-10
4.513350319028177976e-10
4.277063672377302010e-10
4.051857449945044622e-10
3.835665538578368766e-10
3.629225884523393172e-10
3.433256154213790394e-10
3.245815329660254222e-10
3.065062241381746289e-10
2.891519689130213096e-10
2.726415843831681913e-10
2.568387777306611722e-10
2.416716403135715242e-10
2.271683580162994110e-10
2.132928245240183197e-10
1.998638620762874704e-10
1.869533152694771087e-10
1.747506165021104556e-10
1.631089112959427254e-10
1.518317945229569174e-10
1.409421180872011488e-10
1.306950547851444308e-10
1.209618929469583508e-10
1.116293660897089030e-10
1.026650450153913450e-10
9.426702949465452196e-11
8.631933500882039768e-11
7.880510422254042120e-11
7.169941531339128223e-11
6.511422201358367844e-11
5.897205512333931926e-11
5.327271929905529190e-11
4.804592920128070881e-11
4.334871965122420802e-11
3.911389107025737215e-11
3.527115876003596570e-11
3.194013739953348000e-11
2.908969026940526656e-11
2.657155444675044919e-11
2.439982962406952403e-11
2.272682115765962194e-11
2.130199275709154396e-11
2.011864815823452872e-11
1.927635946437066750e-11
1.861397357733609835e-11
1.804818936988777593e-11
1.755904024905291901e-11
1.710310857476756528e-11
1.666145292073428605e-11
1.611036071199405873e-11
1.547794519011006780e-11
1.480341032056241513e-11
1.395322915062501475e-11
1.298735561343022114e-11
1.186860942356549224e-11
1.075736692884054110e-11
9.562169270200140530e-12
8.415365656989749110e-12
7.330359257452924228e-12
6.384651771901997850e-12
5.545607140957987958e-12
4.901412268470193345e-12
4.488314760236971784e-12
4.265628338030599729e-12
4.165682355300918112e-12
4.164288424345001111e-12
4.237544579023685947e-12
4.301989847431905347e-12
4.284916406594371715e-12
4.147882230161814993e-12
3.889037027471941671e-12
3.515036441025737705e-12
3.055268215677712414e-12
2.570919400285885183e-12
2.117408790757659869e-12
1.778934495496226279e-12
1.569388963625275873e-12
1.509891361041609616e-12
1.555088706287712096e-12
1.679473499068633114e-12
1.763365132622503071e-12
1.777015187535955178e-12
1.675159469665988629e-12
1.463857323031798509e-12
1.173722816103381894e-12
9.290250434313429034e-13
7.497390722748616159e-13
6.886332502645909886e-13
7.511487737218095435e-13
8.545582498402649264e-13
9.179889553811687559e-13
8.988389817174664542e-13
7.635588151710509667e-13
5.886695955921461912e-13
4.275258954006959116e-13
3.672284184358999600e-13
4.123281599542698460e-13
4.997692429075485223e-13
5.473184217598138195e-13
4.956100262198212570e-13
3.705498256901944456e-13
2.492301088848363685e-13
2.144297685543878844e-13
2.734243819420493352e-13
3.430325456660494425e-13
3.390636369898628637e-13
2.477776122932793309e-13
1.564610687129557056e-13
1.395664162129179952e-13
1.998042404739851547e-13
2.403261703007996730e-13
2.016238570286913474e-13
1.151039781081991646e-13
8.986196731568484327e-14
1.394467101300207871e-13
1.764114734869427924e-13
1.256105714827788970e-13
6.428961226015673741e-14
7.780780162439646698e-14
1.279405272706759434e-13
1.078141095419566514e-13
5.076297229002283533e-14
5.351692169159098019e-14
9.954159776410055004e-14
7.625147383440328097e-14
3.072659035848502156e-14
5.373498939694894439e-14
8.004543037687533089e-14
3.468545179707122459e-14
2.890729947818153073e-14
6.273924668378703349e-14
3.915737249514358003e-14
1.556863822213945311e-14
5.333658077690035416e-14
2.874386733709761693e-14
1.550974902532908931e-14
4.367480069265611705e-14
1.790035680642691944e-14
1.723115712568979758e-14
3.758074404761921091e-14
2.016227020521505858e-15
3.347045683923156244e-14
9.571327945064500858e-15
1.751053176196410416e-14
1.918210154853187814e-14
7.006708297113951714e-15
2.153876233716160049e-14
3.805442213694478748e-15
1.908236468838303498e-14
3.873515359769991753e-15
1.549147642100645210e-14
4.466957932889610011e-15
1.238258337629093096e-14
4.730014429895219264e-15
1.002389962471834856e-14
4.632622888653271849e-15
8.263448626846495450e-15
4.321081726757319488e-15
6.916900009906154780e-15
3.916403982995077242e-15
5.853396272213101049e-15
3.489618357512613879e-15
4.990509838088913401e-15
3.076858730340406791e-15
4.276601164490828842e-15
2.694551555921697281e-15
3.677980867294104249e-15
2.348822602714726063e-15
3.171429685208382737e-15
2.040607324737435467e-15
2.740077453364158280e-15
1.768317872257485320e-15
2.371118735086990840e-15
1.529225388193783685e-15
2.054501347830638732e-15
1.320177964969590259e-15
1.782136144104372399e-15
1.137972250903900708e-15
1.547395135169553570e-15
9.795414612572956527e-16
1.344775927937952772e-15
8.420444764503238851e-16
1.169666592733148585e-15
7.229011156003396843e-16
1.018174063650469414e-15
6.197981659302523586e-16
8.869945723977925263e-16
5.306798486460258692e-16
7.733130732115180990e-16
4.537304535958023411e-16
6.747234259617125778e-16
3.873535473570396935e-16
5.891639365493813653e-16
3.301502578519813084e-16
5.148645805392651295e-16
2.808980327340417660e-16
4.503033249936464485e-16
2.385306183192833161e-16
3.941696732354179092e-16
2.021196203604078314e-16
3.453340347329972036e-16
1.708577809767820533e-16
3.028218527880251169e-16
1.440439731280226134e-16
2.657916587516018048e-16
1.210698397892665252e-16
2.335163934143353999e-16
1.014079651949033108e-16
2.053674655275663450e-16
8.460144788912439649e-17
1.808011156291037241e-16
7.025474025222613801e-17
1.593467302313476234e-16
5.802562190676390603e-17
1.405968119787683797e-16
4.761818166667390665e-17
1.241983599952877651e-16
3.877669176487543923e-17
1.098454540635607889e-16
3.128026857407929201e-17
9.727286859434656584e-17
2.493822432878587556e-17
8.625056894320946947e-17
1.958602446796848012e-17
7.657896493265890650e-17
1.508177470950126985e-17
6.808481483790943140e-17
1.130317070941254877e-17
6.061768887206299583e-17
8.144851089288097982e-18
5.404691420647025129e-17
5.516101832371515831e-18
4.825893488939847289e-17
3.338866423130216179e-18
4.315502935061987436e-17
1.546021813614360148e-18
3.864933641506129830e-17
7.988535600870465571e-20
3.466714747456776550e-17
-1.109077724025393463e-18
3.114342853688176123e-17
-2.063372848174473770e-18
2.802154078525277604e-17
-2.819443637080196320e-18
2.525213268216771549e-17
-3.408508634551009604e-18
2.279218034969257149e-17
-3.857284593141650767e-18
2.060415616400937760e-17
-4.188611538282527610e-18
1.865530823239300116e-17
-4.421992742178090640e-18
1.691703581422147991e-17
-4.574061054260087102e-18
1.536434775027416630e-17
-4.658981479181970143e-18
1.397539276247273877e-17
-4.688798614534720995e-18
1.273105197006243314e-17
-4.673736378542860397e-18
1.161458528097360933e-17
-4.622456498844459280e-18
1.061132445229214637e-17
-4.542281341451404827e-18
9.708406594424017796e-18
-4.439385917636355174e-18
8.894542702316071779e-18
-4.318963281418631691e-18
8.159816567089492990e-18
-4.185366914819911889e-18
7.495510012581554549e-18
-4.042233263779583762e-18
6.893950963190254588e-18
-3.892587130623057465e-18
6.348381324713351794e-18
-3.738932268690195086e-18
5.852842034725602042e-18
-3.583329221406152608e-18
5.402073029518806086e-18
-3.427462144458162748e-18
4.991426149090493968e-18
-3.272696144295068285e-18
4.616789276088106429e-18
-3.120126436576831443e-18
4.274520232262224881e-18
-2.970620454245136711e-18
3.961389152918274773e-18
-2.824853891341005467e-18
3.674528222922047109e-18
-2.683341523371954481e-18
3.411387813696385066e-18
-2.546463529452309860e-18
3.169698187794055406e-18
-2.414487953309026141e-18
2.947436039215206168e-18
-2.287589838247693994e-18
2.742795253666462712e-18
-2.165867513045912256e-18
2.554161323822948098e-18
-2.049356422279670737e-18
2.380088962446647280e-18
-1.938040859355107813e-18
2.219282494288955850e-18
-1.831863891912336145e-18
2.070578668222405654e-18
-1.730735750371306814e-18
1.932931582568474706e-18
-1.634540887174155745e-18
1.805399452463000622e-18
-1.543143913635333598e-18
1.687132983092214923e-18
-1.456394565543829110e-18
1.577365148154160591e-18
-1.374131846563898509e-18
1.475402190795976278e-18
-1.296187472584128226e-18
1.380615699421085870e-18
-1.222388714355113581e-18
1.292435619248763631e-18
-1.152560735799948878e-18
1.210344081169865104e-18
-1.086528498496097647e-18
1.133869955147246710e-18
-1.024118304633210984e-18
1.062584025466441985e-18
-9.651590282912584359e-19
9.960947228373016152e-19
-9.094830898224167590e-19
9.340443405925856407e-19
-8.569272097933941266e-19
8.761056738495013222e-19
-8.073329799074305965e-19
