# bin_4_1
5.408011064146603873e-08
-4.969437537603190446e-08
5.075011447074702855e-08
-4.682207983926389094e-08
4.763935525022798309e-08
-4.411120779694653933e-08
4.473235357771850717e-08
-4.155298104920759042e-08
4.201494007850575657e-08
-3.913892638661009686e-08
3.947414328742389767e-08
-3.686087238468914562e-08
3.709809163331703693e-08
-3.471094081899231825e-08
3.487592751563216093e-08
-3.268153372964594769e-08
3.279773297661662105e-08
-3.076531644036967577e-08
3.085446576821294373e-08
-2.895519672289973926e-08
2.903790486140368924e-08
-2.724430071372766499e-08
2.734060492220504272e-08
-2.562594545872308009e-08
2.575585883333180573e-08
-2.409360877360270947e-08
2.427766787678023198e-08
-2.264089623348090031e-08
2.290071861306680408e-08
-2.126150607244534834e-08
2.162036598624930873e-08
-1.994919214062016530e-08
2.043262153714820668e-08
-1.869772583031088378e-08
1.933414572731692975e-08
-1.750085800382320240e-08
1.832224290400074826e-08
-1.635228219486705023e-08
1.739485688428235767e-08
-1.524560116679376234e-08
1.655056484383988823e-08
-1.417429935562098048e-08
1.578856616294374189e-08
-1.313172465570289298e-08
1.510866236514518127e-08
-1.211108394206212455e-08
1.451122285394783108e-08
-1.110545751698507798e-08
1.399713064977152675e-08
-1.010783928449545264e-08
1.356770069094061372e-08
-9.111209918513984990e-09
1.322456277727900019e-08
-8.108651488867311740e-09
1.296950032921774890e-08
-7.093512152255640162e-09
1.280423642830189131e-08
-6.059629044169562236e-09
1.273015968340036955e-08
-5.001615425542683557e-09
1.274798526595080549e-08
-3.915214460123226111e-09
1.285735185942612947e-08
-2.797715066976607601e-09
1.305636333777202270e-08
-1.648415298326767819e-09
1.334109646727996210e-08
-4.691041539445784026e-10
1.370511247649682799e-08
7.354860866789435271e-10
1.413903141714477254e-08
1.957327993797578171e-09
1.463025288367923073e-08
3.184944117604435434e-09
1.516293199324425349e-08
4.403569517081177255e-09
1.571834091613192446e-08
5.595768838039571407e-09
1.627575515187191320e-08
6.742643728801290867e-09
1.681398946420251078e-08
7.825734918663320405e-09
1.731365564539777119e-08
8.829645855698393397e-09
1.776010843607101356e-08
9.745277358583317857e-09
1.814687535694335682e-08
1.057335892070399659e-08
1.847913127514185285e-08
1.132770221836463874e-08
1.877650353682756868e-08
1.203732723140632957e-08
1.907423886644182947e-08
1.274640473485504389e-08
1.942163807625599120e-08
1.351095373633264065e-08
1.987682200479802417e-08
1.439159643907417363e-08
2.049750293112991798e-08
1.544256098694382793e-08
2.132861359115410193e-08
1.669857750598963350e-08
2.238932826889882947e-08
1.816312559342058779e-08
2.366380274052326154e-08
1.980305404020174809e-08
2.510102760494899491e-08
2.155485907463783496e-08
2.662832965425299079e-08
2.334562504859094398e-08
2.817913861767304623e-08
2.512602488122566937e-08
2.972852588836450077e-08
2.690466473732887007e-08
3.132178159668108406e-08
2.876594720753410397e-08
3.307689293715548364e-08
3.085366329277957326e-08
3.514786999864930974e-08
3.331574024816191478e-08
3.765630110331629101e-08
3.623182799520316760e-08
4.062734721716217321e-08
3.957163267168863739e-08
4.398330570607269420e-08
4.323230986133414119e-08
4.762573660269473392e-08
4.715593856891027686e-08
5.156783429540007580e-08
5.144739018388847979e-08
5.600492678553330001e-08
5.636969267578765005e-08
6.122204038941144977e-08
6.217484463572120512e-08
6.738619111004449229e-08
6.891793672594790816e-08
7.444963570799191431e-08
7.650054523875621604e-08
8.234331899196302450e-08
8.496698264019909197e-08
9.127507445549551979e-08
9.467946254490614703e-08
1.016837748536504185e-07
1.060353880969819646e-07
1.138170658795092395e-07
1.190960876367626771e-07
1.276156413982794619e-07
1.338314921539987826e-07
1.432338603987220647e-07
1.506453689010474126e-07
1.612392041977971793e-07
1.700687823428031962e-07
1.819355835783561261e-07
1.921438694164706463e-07
2.052736950925061037e-07
2.169965128379421636e-07
2.316993074729799065e-07
2.452670006743510354e-07
2.617267865770488612e-07
2.771127671650000095e-07
2.952576245555312388e-07
3.125457229019875671e-07
3.326678867675838325e-07
3.521365924115092531e-07
3.742769344762113288e-07
3.957517139146605874e-07
4.198205460919652575e-07
4.434519160510413376e-07
4.696347830637704007e-07
4.953125437454891746e-07
5.232758937411056958e-07
5.508093099708193761e-07
5.805936538485119224e-07
6.098577931060385434e-07
6.409926915087560910e-07
6.715403176281519857e-07
7.038536568758164704e-07
7.353898987055495102e-07
7.682369310865404431e-07
8.001985399179885526e-07
8.332700315637524689e-07
8.651143025481304624e-07
8.976662348414459324e-07
9.289302620742788517e-07
9.605356793087268791e-07
9.905300559386623814e-07
1.020718168796386805e-06
1.049137068337747441e-06
1.077415459007489585e-06
1.103980330530217157e-06
1.130247685732776745e-06
1.154755166814160167e-06
1.179074134585467529e-06
1.201664603505582634e-06
1.224195796128134340e-06
1.245245816608133154e-06
1.266345187860147735e-06
1.286309647838035788e-06
1.306467286765883406e-06
1.325799468726861686e-06
1.345478911152180820e-06
1.364539144399711599e-06
1.384035030363347933e-06
1.402986913228133730e-06
1.422343864303936178e-06
1.441102073025058473e-06
1.460120255739536949e-06
1.478398947225147494e-06
1.496742652896477151e-06
1.514207413052628636e-06
1.531593278463218653e-06
1.548062203764456186e-06
1.564447697462364072e-06
1.580037931785188707e-06
1.595697258702295803e-06
1.610809132894226642e-06
1.626215437886860838e-06
1.641320453385826933e-06
1.656866038835132783e-06
1.672205054902959113e-06
1.687935996429261785e-06
1.703351998464309803e-06
1.718949384931398659e-06
1.734041222972488976e-06
1.749132166825428646e-06
1.763663361092414809e-06
1.778230110808522949e-06
1.792422954017148209e-06
1.806880477873433509e-06
1.821225791017361729e-06
1.835991786772347020e-06
1.850695228503197256e-06
1.865694017559961821e-06
1.880428781339236202e-06
1.895218696766268707e-06
1.909619978590401177e-06
1.924087076822812940e-06
1.938358743660174826e-06
1.952943732660900211e-06
1.967552687818928413e-06
1.982510768364896886e-06
1.997361178729216300e-06
2.012303226944263690e-06
2.026950922738905682e-06
2.041668630465992421e-06
2.056291020359181085e-06
2.071238921723038137e-06
2.086247661695964220e-06
2.101489105890322143e-06
2.116551060661220723e-06
2.131635999534541622e-06
2.146577336492969648e-06
2.161770697563291840e-06
2.177047469447702447e-06
2.192549867392137208e-06
2.207904725060864140e-06
2.223285613129069788e-06
2.238603823293878126e-06
2.254200311709922790e-06
2.269856113994312925e-06
2.285603789484939768e-06
2.301183543540390719e-06
2.316891879919588178e-06
2.332690984806408011e-06
2.348686715893038951e-06
2.364556299587775816e-06
2.380468704159411909e-06
2.396434162700522170e-06
2.412610651089889447e-06
2.428691219800649581e-06
2.444797827677206792e-06
2.460962341097448074e-06
2.477306475000744824e-06
2.493540065033846904e-06
2.509826003610369058e-06
2.526183729663332049e-06
2.542626688137775680e-06
2.558978476203079365e-06
2.575462929213648224e-06
2.591933629244952642e-06
2.608417244131014995e-06
2.624938684675009227e-06
2.641505942387037508e-06
2.657984968447564061e-06
2.674608997410426539e-06
2.691153762797887191e-06
2.707695848326973888e-06
2.724292917671729253e-06
2.740848933995674130e-06
2.757398045912240571e-06
2.773936968331011670e-06
2.790441889079770825e-06
2.806983122461556249e-06
2.823407112194313495e-06
2.839874463127570700e-06
2.856246623471223595e-06
2.872636972282558439e-06
2.888900981632725617e-06
2.905175711085743270e-06
2.921353512546049979e-06
2.937492852374680945e-06
2.953505138278459514e-06
2.969499149488840387e-06
2.985365967658716068e-06
3.001162391959664407e-06
3.016820583032987574e-06
3.032415744578125727e-06
3.047856894950649838e-06
3.063194735812534373e-06
3.078371350277716351e-06
3.093449228713494559e-06
3.108338581603473745e-06
3.123092302378178223e-06
3.137658692127552276e-06
3.152078371441779205e-06
3.166278345804801346e-06
3.180300366736123427e-06
3.194106385970265463e-06
3.207713929967927664e-06
3.221073843138732186e-06
3.234212804931039301e-06
3.247096942411654972e-06
3.259736043699295033e-06
3.272089980265441544e-06
3.284178757562659590e-06
3.295970874450549834e-06
3.307468123120378817e-06
3.318636185701255772e-06
3.329496550388203704e-06
3.340008623519077291e-06
3.350179448655819186e-06
3.359973396901751349e-06
3.369411897604697820e-06
3.378450936058906729e-06
3.387100571204289307e-06
3.395325812393422192e-06
3.403142169603746925e-06
3.410508752867771050e-06
3.417435031594157410e-06
3.423888401643094637e-06
3.429879661203845460e-06
3.435372161757281641e-06
3.440373902128149423e-06
3.444856551658009796e-06
3.448823695969533815e-06
3.452247256971762002e-06
3.455131716408023845e-06
3.457453838997514682e-06
3.459212017015151859e-06
3.460381621287069707e-06
3.460965719744479104e-06
3.460944048498136569e-06
3.460311614358401794e-06
3.459048346287633413e-06
3.457156656394102422e-06
3.454613896504071782e-06
3.451419602984740027e-06
3.447556213471191845e-06
3.443026250054371934e-06
3.437811548435234646e-06
3.431915364739311486e-06
3.425323156194491665e-06
3.418040514065561553e-06
3.410052486965381645e-06
3.401363737298374359e-06
3.391960990392074649e-06
3.381850898043351298e-06
3.371017121773710975e-06
3.359464713623856691e-06
3.347186807508949072e-06
3.334188983145649158e-06
3.320461949788675922e-06
3.306014994968906753e-06
3.290847322019850042e-06
3.274966081927912392e-06
3.258369378952062591e-06
3.241068372100788260e-06
3.223061088322946121e-06
3.204359216166176479e-06
3.184965712440745257e-06
3.164894713495090502e-06
3.144150439232372270e-06
3.122744473663788006e-06
3.100682950426047411e-06
3.077981411874146916e-06
3.054647598189647734e-06
3.030697999814049161e-06
3.006143996265797920e-06
2.981008979246664450e-06
2.955303092886151992e-06
2.929042218346466413e-06
2.902236291427962092e-06
2.874909165758051178e-06
2.847077420643472361e-06
2.818765616179437378e-06
2.789991292072162693e-06
2.760775815094715583e-06
2.731133796684467185e-06
2.701089344115405438e-06
2.670663802190806759e-06
2.639880720513091336e-06
2.608757954699634032e-06
2.577323683592842084e-06
2.545602137050444042e-06
2.513615972374123737e-06
2.481382041067694920e-06
2.448926139345901597e-06
2.416274383608806613e-06
2.383452526078792357e-06
2.350477679369617874e-06
2.317374388446379045e-06
2.284168915717404381e-06
2.250885168764462801e-06
2.217543819921843506e-06
2.184172014098902217e-06
2.150787756853706155e-06
2.117411814182021579e-06
2.084068945780045331e-06
2.050786882309117872e-06
2.017577838281736112e-06
1.984463536140522857e-06
1.951467391185910870e-06
1.918609133700711530e-06
1.885903806254109946e-06
1.853373492971945631e-06
1.821037697970567478e-06
1.788915450718182579e-06
1.757014636672448886e-06
1.725358977090046995e-06
1.693966327380168012e-06
1.662847947823301580e-06
1.632016101585876665e-06
1.601486080933727560e-06
1.571274164286443016e-06
1.541391005978984646e-06
1.511845280223734442e-06
1.482648541583258847e-06
1.453816290330293265e-06
1.425352029779563692e-06
1.397264540232242098e-06
1.369567653906399856e-06
1.342267951946388794e-06
1.315367494655336018e-06
1.288872375838501538e-06
1.262796024597457212e-06
1.237139538623829857e-06
1.211902048203285165e-06
1.187090373707926368e-06
1.162713173742046531e-06
1.138765903074417654e-06
1.115248721274144917e-06
1.092168371038011065e-06
1.069527703072305804e-06
1.047318622349432128e-06
1.025542915846283849e-06
1.004206626771135996e-06
9.833075466593181911e-07
9.628337105612273131e-07
9.427872683775935001e-07
9.231744465609349252e-07
9.039857924675277420e-07
8.852122500639447203e-07
8.668546885690308796e-07
8.489163303899795629e-07
8.313827974324501885e-07
8.142475657291628434e-07
7.975130165387376054e-07
7.811770079474036581e-07
7.652213485396415527e-07
7.496437815092931564e-07
7.344495182583620565e-07
7.196273958284249231e-07
7.051602144459440314e-07
6.910465560154584949e-07
6.772914559277744397e-07
6.638786289408059389e-07
6.507949111046271441e-07
6.380398082765662690e-07
6.256150272196018407e-07
6.134991793771722512e-07
6.016848355122886379e-07
5.901751423759038133e-07
5.789644512835810095e-07
5.680294443290235755e-07
5.573677776399970814e-07
5.469866862917683326e-07
5.368709131407144525e-07
5.270013727522346027e-07
5.173773879827917241e-07
5.080053224541382815e-07
4.988653227449601739e-07
4.899446282537887112e-07
4.812444731916235355e-07
4.727674866069787313e-07
4.644891079540086975e-07
4.564041802775439039e-07
4.485189579932369457e-07
4.408265988355475030e-07
4.333034604486078659e-07
4.259492678590658581e-07
4.187741071359284652e-07
4.117606713814652331e-07
4.048936949021504672e-07
3.981741094755597669e-07
3.916092810484423799e-07
3.851789914696455220e-07
3.788748039487471612e-07
3.726992369305584726e-07
3.666564436239919570e-07
3.607220519314422607e-07
3.548955393249465603e-07
3.491845330594104009e-07
3.435820951400871656e-07
3.380695409048671737e-07
3.326481464336876474e-07
3.273289871704314843e-07
3.220960802527645048e-07
3.169402890093071126e-07
3.118632846720806107e-07
3.068731761421917659e-07
3.019519306468903251e-07
2.970966749096861070e-07
2.923108681153210744e-07
2.875982231374718265e-07
2.829397279776890302e-07
2.783377739376852301e-07
2.738002837478029821e-07
2.693210161576828711e-07
2.648889540366029430e-07
2.605063378276689751e-07
2.561835214230229404e-07
2.519087395192961689e-07
2.476793039070850069e-07
2.434974086481024397e-07
2.393712525554111444e-07
2.352873199541853947e-07
2.312464541863510707e-07
2.272507013041523278e-07
2.233003110600630642e-07
2.193802590716814167e-07
2.154898199152374012e-07
2.116312597475157981e-07
2.077955281551820724e-07
2.039745719217665358e-07
2.001675753817007231e-07
1.963803717984309227e-07
1.926054618476710025e-07
1.888446983222622189e-07
1.851014000697499664e-07
1.813839649246781612e-07
1.776864385251149466e-07
1.740133162747037889e-07
1.703685334288226935e-07
1.667554666552591918e-07
1.631725036306323596e-07
1.596265065484878589e-07
1.561271806360540041e-07
1.526758226474499352e-07
1.492749697554054080e-07
1.459248342919905589e-07
1.426277394829794616e-07
1.393783829703387380e-07
1.361789713608459009e-07
1.330305341236084433e-07
1.299379638273476435e-07
1.268978425213465408e-07
1.239115425824008072e-07
1.209776261418719634e-07
1.180948183048142305e-07
1.152609458899314747e-07
1.124758744608087803e-07
1.097404842180667239e-07
1.070516160491555666e-07
1.044073223618745044e-07
1.018045291402355054e-07
9.924644564859818170e-08
9.673530948944682648e-08
9.427041076910892184e-08
9.184240563388197272e-08
8.944826504690228200e-08
8.709285717182762979e-08
8.478217728583242405e-08
8.251246148747506723e-08
8.027840239395255052e-08
7.807989399351444838e-08
7.591752066628075955e-08
7.379196377963194299e-08
7.170415967071088877e-08
6.965505509678105648e-08
6.764204781545553539e-08
6.566206330935003731e-08
6.371526407178256471e-08
6.180966126600950269e-08
5.994355679282837218e-08
5.810705818650710345e-08
5.630447688765957760e-08
5.454356529233652630e-08
5.282011570737569620e-08
5.112848878695247316e-08
4.947108332155265590e-08
4.785274846136803759e-08
4.627040000510737560e-08
4.472132429072708336e-08
4.320694375465670803e-08
4.173193474131289059e-08
4.029286151933709655e-08
3.888463061021823340e-08
3.751513146185360916e-08
3.618309290596844426e-08
3.487921856021241174e-08
3.361556606550043777e-08
3.238832187763696066e-08
3.119068721147720782e-08
3.003011310647194670e-08
2.890331362560002716e-08
2.780662611680539874e-08
2.674608582341298755e-08
2.571461186066704506e-08
2.471526551902235513e-08
2.374626297358187367e-08
2.280653277922570664e-08
2.189950257571674777e-08
2.101987872292394252e-08
2.017092169286350153e-08
1.934957002981148651e-08
1.855811867696327101e-08
1.779361843423557073e-08
1.705557404150574652e-08
1.634331920696413483e-08
1.565655853543941421e-08
1.499373553484381386e-08
1.435370429819824749e-08
1.373685034570709173e-08
1.314364459543850024e-08
1.257357275022801987e-08
1.202586629920132570e-08
1.149916179456634938e-08
1.099299023500150052e-08
1.050650707115135758e-08
1.003849204759459928e-08
9.587727701485783914e-09
9.154825098652364381e-09
8.739954534903069150e-09
8.343318610964353114e-09
7.963673792910957549e-09
7.599755771581849541e-09
7.249767769568496757e-09
6.913817455368171009e-09
6.591387848490557158e-09
6.283167106714601640e-09
5.989982166322922420e-09
5.709379866238857758e-09
5.440271792568124677e-09
5.182658238074486888e-09
4.935615837196909525e-09
4.699236899833618247e-09
4.474977033858951406e-09
4.261973979073598932e-09
4.056893764499007473e-09
3.858931626580427131e-09
3.671352358781571138e-09
3.494234017078345508e-09
3.325087604403338622e-09
3.161497252363857449e-09
3.005016677798558192e-09
2.857660565947445403e-09
2.717928031793156811e-09
2.583387264434446923e-09
2.454303689629218556e-09
2.332081693635373134e-09
2.217015656918148339e-09
2.106208753776526508e-09
2.000047597086607839e-09
1.899762584972789377e-09
1.805064645447238237e-09
1.713299160819123510e-09
1.626381262932115338e-09
1.544697259361164118e-09
1.465895076818978186e-09
1.390444148276354838e-09
1.320411691588257990e-09
1.252749994815536986e-09
1.187607718921262569e-09
1.127382177293121012e-09
1.069032404914873851e-09
1.013332185039535685e-09
9.610352656936620011e-10
9.103819009083227906e-10
8.632089156570308898e-10
8.176117229712434543e-10
7.742002940785971519e-10
7.337750152718917305e-10
6.942859581247915630e-10
6.570808582738221007e-10
6.213946281459753756e-10
5.879100089988209453e-10
5.553882932154134940e-10
5.246466298180941158e-10
4.954030886619142580e-10
4.677548388863580714e-10
4.408592629451227810e-10
4.152612737112562909e-10
3.910738314191881684e-10
3.680416798149770582e-10
3.458672653705330559e-10
3.248418319869879939e-10
3.048255816332689759e-10
2.854363678969136201e-10
2.667320979889663174e-10
2.492892473621179176e-10
2.326617757625500167e-10
2.165333084950323356e-10
2.008976036984801157e-10
1.863771553313818652e-10
1.725344897225697665e-10
1.592750586026657726e-10
1.465016905524212674e-10
1.346830019309341233e-10
1.234392849214179807e-10
1.128759690486414463e-10
1.029339870588280976e-10
9.380967604724593681e-11
8.515647556375747016e-11
7.709041505497102688e-11
6.974432875498823113e-11
6.312349000206947266e-11
5.707222916286921030e-11
5.157735928613293929e-11
4.688605671018608378e-11
4.282615657082897184e-11
3.921500148765847301e-11
3.610727960491860836e-11
3.369031253547418814e-11
3.149829371697595143e-11
2.962525995665621020e-11
2.828300309925159210e-11
2.723638349195880673e-11
2.633351102270072015e-11
2.551090283447093800e-11
2.474780880625139835e-11
2.401004881196689177e-11
2.312988038674380446e-11
2.209566041295104953e-11
2.110773672105785432e-11
1.989758751389649576e-11
1.855711368166802608e-11
1.694741942430688986e-11
1.537610875694872800e-11
1.370871823118990517e-11
1.212789426083607770e-11
1.065470190561031546e-11
9.358023960660469880e-12
8.149752630959123016e-12
7.216434176051899256e-12
6.668522016794169910e-12
6.342148856671131400e-12
6.136699890305534336e-12
6.070870269283625112e-12
6.133797022614441280e-12
6.205788916696996221e-12
6.137050873764039984e-12
5.873900042376300256e-12
5.517807519854943130e-12
5.033095565633339051e-12
4.391395031663643023e-12
3.694217988455880338e-12
3.105616235868850014e-12
2.669655996090513264e-12
2.318032210565331210e-12
2.225903492594231819e-12
2.304278174415048111e-12
2.428918018178480378e-12
2.496432884393617466e-12
2.552716996977257815e-12
2.381426613854758613e-12
2.069909192883876620e-12
1.718578159466240871e-12
1.356568788209647104e-12
1.104179260664331957e-12
1.051191943184623261e-12
1.087636823630877533e-12
1.244341559695195959e-12
1.304240514498472598e-12
1.263921663606558119e-12
1.098634004221865043e-12
8.472016845351153154e-13
6.470193592028942667e-13
5.462667433551811928e-13
6.088349472834445299e-13
7.138212218369759252e-13
7.781862704850437536e-13
7.045555734617064412e-13
5.361001596435429932e-13
3.694752470794830354e-13
3.238824179146532125e-13
4.015106555381118736e-13
4.876136307891821996e-13
4.768839951083775507e-13
3.576063092753427278e-13
2.358044151901308353e-13
2.107508193595005711e-13
2.873025675111273114e-13
3.400265097149188974e-13
2.874424263196183073e-13
1.702398176695965121e-13
1.373675911568241698e-13
2.028612450477495640e-13
2.467045253918326247e-13
1.798695210354588550e-13
9.990145172408934723e-14
1.154903529730938619e-13
1.797655326199973621e-13
1.536036016244736759e-13
7.706733126373360697e-14
8.086050015999765901e-14
1.395648657168193651e-13
1.085850134793201308e-13
4.917445457578944203e-14
7.734494594228496186e-14
1.123073113980727446e-13
5.223019913257775361e-14
4.370491016597269824e-14
8.816572601798065580e-14
5.660301603627863350e-14
2.532812895413835980e-14
7.445455469471781699e-14
4.215955933429362713e-14
2.399517267390931547e-14
6.129833527730870764e-14
2.660803972871280384e-14
2.600568831714025720e-14
5.211969305077705927e-14
5.466113260683862921e-15
4.645153339270012915e-14
1.492428700664121400e-14
2.521667718550252637e-14
2.719207739063070254e-14
1.114139011750777793e-14
3.001328986666697339e-14
6.673004158847873582e-15
2.656205249151118033e-14
6.528914091263508923e-15
2.165186768971045744e-14
7.107695277352495207e-15
1.739848890735758677e-14
7.281997932285460970e-15
1.415111986551708521e-14
7.007748248731868869e-15
1.170813505577683420e-14
6.473030655620493603e-15
9.825530180245559090e-15
5.833504723038901814e-15
8.329550750393934746e-15
5.179826034375059977e-15
7.110140987727366498e-15
4.557298180902518063e-15
6.097830690445924730e-15
3.985699384897899480e-15
5.246896791257865445e-15
3.471557313723285069e-15
4.525539258604217032e-15
3.014806726593913942e-15
3.910457670741159738e-15
2.612253326905894642e-15
3.383835753083423927e-15
2.259359655362549979e-15
2.931602785373660574e-15
1.951164563965627736e-15
2.542380241988955063e-15
1.682752081588607696e-15
2.206808398965793050e-15
1.449482338522415217e-15
1.917092837143427415e-15
1.247095072693048454e-15
1.666684313039559471e-15
1.071744455070909843e-15
1.450043445971587677e-15
9.199971677303669852e-16
1.262461859739689379e-15
7.888114338284697010e-16
1.099922515778515068e-15
6.755069410383896045e-16
9.589882951100576731e-16
5.777312694046177734e-16
8.367116151688041514e-16
4.934259661680293151e-16
7.305601471664280519e-16
4.207939813315615154e-16
6.383551421180414090e-16
3.582693413986548937e-16
5.582198166143881250e-16
3.044894481767257519e-16
4.885358874644504738e-16
2.582701035736825225e-16
4.279067876164379128e-16
2.185831979078694723e-16
3.751264142591325031e-16
1.845369102404890552e-16
3.291524933194797316e-16
1.553582251266429145e-16
2.890838206590517313e-16
1.303775535450464743e-16
2.541407753559268247e-16
1.090152442253322557e-16
2.236486061791977123e-16
9.076978105876682547e-17
1.970230761766348343e-16
7.520747491312743670e-17
1.737581182034410802e-16
6.195347448679440088e-17
1.534152089255493203e-16
5.068393733041504423e-17
1.356142143535336198e-16
4.111921837056319440e-17
1.200254972872281379e-16
3.301794914003052954e-17
1.063631084795823142e-16
2.617189505082992838e-17
9.437890928798937323e-17
2.040149148770843847e-17
8.385749611478502838e-17
1.555197132141392368e-17
7.461181508962957446e-17
1.149000726005270068e-17
6.647937181826762556e-17
8.100801903545950787e-18
5.931895418133740773e-17
5.285566903170384329e-18
5.300779777639104417e-17
2.959339967970826914e-18
4.743913356477410574e-17
1.049095177949757339e-18
4.252006547027945262e-17
-5.078922335736601486e-19
3.816973311142762788e-17
-1.765460537066877182e-18
3.431772087821574679e-17
-2.769784869683998050e-18
3.090268004921688877e-17
-3.560434899716266001e-18
2.787113506511038143e-17
-4.171288970061589536e-18
2.517644913969763387e-17
-4.631323935222977962e-18
2.277792769349878626e-17
-4.965297403385529188e-18
2.064004107264463649e-17
-5.194336890976150177e-18
1.873175053359575041e-17
-5.336448364252557144e-18
1.702592360813982752e-17
-5.406955133949494035e-18
1.549882687761549075e-17
-5.418876482776916593e-18
1.412968581751831679e-17
-5.383254180369998971e-18
1.290030270150975133e-17
-5.309433977222425601e-18
1.179472485703364676e-17
-5.205308183615547308e-18
1.079895652860818993e-17
-5.077524627942446419e-18
9.900708563563698214e-18
-4.931666598626946312e-18
9.089180879127403494e-18
-4.772407681528749857e-18
8.354873354939970363e-18
-4.603644994348729409e-18
7.689421396057745393e-18
-4.428613716873046905e-18
7.085452876864496109e-18
-4.249985523784561380e-18
6.536463674065943522e-18
-4.069953112932531145e-18
6.036709288449524372e-18
-3.890302749925544917e-18
5.581110477165497212e-18
-3.712476493906056440e-18
5.165171026664110627e-18
-3.537625519788460472e-18
4.784906085497364301e-18
-3.366655772072684038e-18
4.436779657921404550e-18
-3.200267023996889659e-18
4.117650078943915994e-18
-3.038986265540092543e-18
3.824722409837707469e-18
-2.883196193635627260e-18
3.555506867547937240e-18
-2.733159515326324352e-18
3.307782487725289557e-18
-2.589039632314167287e-18
3.079565357852828176e-18
-2.450918234713462759e-18
2.869080818284888655e-18
-2.318810234638071655e-18
2.674739124839039320e-18
-2.192676409142178919e-18
2.495114126622029520e-18
-2.072434098523530333e-18
2.328924569155500468e-18
-1.957966226438820761e-18
2.175017689574217416e-18
-1.849128884343965756e-18
2.032354817071135668e-18
-1.745757693795998779e-18
1.899998713270743464e-18
-1.647673117360555369e-18
1.777102441278841942e-18
-1.554684883309982076e-18
1.662899569031489564e-18
-1.466595640430740397e-18
1.556695540458648063e-18
-1.383203969093384857e-18
1.457860066597879053e-18
-1.304306835740026494e-18
1.365820414940183781e-18
-1.229701583130953107e-18
1.280055486068486834e-18
-1.159187515515059268e-18
1.200090578986516299e-18
-1.092567150844884513e-18
1.125492768614334949e-18
-1.029647177154645891e-18
