# bin_5_3
8.718130230252478057e-08
-7.362009527233306414e-08
8.251096486989433200e-08
-6.855367593305078940e-08
7.831118275186735703e-08
-6.359962137737644695e-08
7.458126123772562505e-08
-5.871853560120270946e-08
7.132750284637249508e-08
-5.386609569907648242e-08
6.856391762931842214e-08
-4.899208835805422166e-08
6.631311314619161922e-08
-4.403927118360921953e-08
6.460737943595121091e-08
-3.894204001025619760e-08
6.348998943652880011e-08
-3.362488055026392932e-08
6.301673507202634087e-08
-2.800058499715216650e-08
6.325771796322708947e-08
-2.196821382552449801e-08
6.429941096967482510e-08
-1.541078946927562574e-08
6.624699964327932455e-08
-8.192714017400661492e-09
6.922700753657721450e-08
-1.569146692305943588e-10
7.339019166336657342e-08
8.878260206865341385e-09
7.891467602826916033e-08
1.912235369552618971e-08
8.600926393901344669e-08
3.081623989732365862e-08
9.491682941067376399e-08
4.423557268641187195e-08
1.059176409942545265e-07
5.969406323999306956e-08
1.193324039876074936e-07
7.754633663653273924e-08
1.355247270334001568e-07
9.819002474110048114e-08
1.549026190066174334e-07
1.220666463308013226e-07
1.779185054301931290e-07
1.496606977842437104e-07
2.050671176448329943e-07
1.814962360715864157e-07
2.368804644785568366e-07
2.181300905900812583e-07
2.739189488282532764e-07
2.601406990427289409e-07
3.167575660210847648e-07
3.081114554535448055e-07
3.659660377702188758e-07
3.626074139331443036e-07
4.220817444279460903e-07
4.241442653099228417e-07
4.855744709192192012e-07
4.931487564391289114e-07
5.568023563908710624e-07
5.699102405010415045e-07
6.359591258296572185e-07
6.545239302878276478e-07
7.230137841580951284e-07
7.468277741491441284e-07
8.176455732777117701e-07
8.463367825896275426e-07
9.191791974299818246e-07
9.521811387819233700e-07
1.026528117018988434e-06
1.063057476517473756e-06
1.138156960499316293e-06
1.177206074371901611e-06
1.252077463707656780e-06
1.292429904907768977e-06
1.365895154409978259e-06
1.406173637666845702e-06
1.476925187392090058e-06
1.515680528963544275e-06
1.582393780907793768e-06
1.618240905980177703e-06
1.679734694781971130e-06
1.711535640716254817e-06
1.766976098791847577e-06
1.794059743558114542e-06
1.843190494813687399e-06
1.865584094113812940e-06
1.908949144266296170e-06
1.927578782838470591e-06
1.966685902478202669e-06
1.983484982022099186e-06
2.020841572286849634e-06
2.038694842088571894e-06
2.077643262753531775e-06
2.100098239694891096e-06
2.144394195477352588e-06
2.175103577845322676e-06
2.228230518224799647e-06
2.270157750351885582e-06
2.334458136006695817e-06
2.388983587051805154e-06
2.464805879726540750e-06
2.530993686919899127e-06
2.616169135298503297e-06
2.690546732320939955e-06
2.780559435078168462e-06
2.857747136876718557e-06
2.946860727460941409e-06
3.021185111795887261e-06
3.104472140972575339e-06
3.172269058879818086e-06
3.247972265534047653e-06
3.309724554418637321e-06
3.380845748690659472e-06
3.441890467199585809e-06
3.515729247902979438e-06
3.584449079887073240e-06
3.669443628059160003e-06
3.752984507373570882e-06
3.853795363938552812e-06
3.953252211588385811e-06
4.066959217341972567e-06
4.175524568987863455e-06
4.292498873841649654e-06
4.399426713648756500e-06
4.510136388073904993e-06
4.609389727016016519e-06
4.713170659153002538e-06
4.810126617104361451e-06
4.917645056019606382e-06
5.025804328406451137e-06
5.149845603957493407e-06
5.277340747010181299e-06
5.418481623024852604e-06
5.557491270546260479e-06
5.701621891640230351e-06
5.836410327239408374e-06
5.972194423731860992e-06
6.100805803550856948e-06
6.237392726913708700e-06
6.376992310165358140e-06
6.532367489682573492e-06
6.693131285038264087e-06
6.863963695643132600e-06
7.029800319674706644e-06
7.195307274983795183e-06
7.352527273341386097e-06
7.515054902315322776e-06
7.681697859974068870e-06
7.864067038790828801e-06
8.052074411961271418e-06
8.245862950195215440e-06
8.431442894018955991e-06
8.615411207345244934e-06
8.797572678079231088e-06
8.992853647667181598e-06
9.196584179083031741e-06
9.408148292210427574e-06
9.611975541130764674e-06
9.812333431368280493e-06
1.001153716827290039e-05
1.022434147740654457e-05
1.044343638097093955e-05
1.066308188833552497e-05
1.087128244904337631e-05
1.108061452433478216e-05
1.129695548541381180e-05
1.152292488740463653e-05
1.174014854841069491e-05
1.194998797345865927e-05
1.216019355750174111e-05
1.238167516159641408e-05
1.259709928324712197e-05
1.280198955569767977e-05
1.300420035920211569e-05
1.321616409439056368e-05
1.341894724771838679e-05
1.361027746495401103e-05
1.380226258394485369e-05
1.399907191024646912e-05
1.417906528311538438e-05
1.435498615503584777e-05
1.453508283979702928e-05
1.470557331559660019e-05
1.486404536687490789e-05
1.503139848785455280e-05
1.518630460751469117e-05
1.533490185059445710e-05
1.548915426764993440e-05
1.563323263651537879e-05
1.577477542879889474e-05
1.592342025002293877e-05
1.605794482049540287e-05
1.620561391141413777e-05
1.634422661123854757e-05
1.648858585914698440e-05
1.663475883415723041e-05
1.677941698812396160e-05
1.693181037865651786e-05
1.708033590603624474e-05
1.723701870642170062e-05
1.739015119485279505e-05
1.754927967799215142e-05
1.770541984215641279e-05
1.786487848314056154e-05
1.802144354201866069e-05
1.817911505116905486e-05
1.833387093726821621e-05
1.848849051752304994e-05
1.864063343613189366e-05
1.879258424157090633e-05
1.894323798252996828e-05
1.909464236273186806e-05
1.924640257814926489e-05
1.940018745181203830e-05
1.955570919798204664e-05
1.971394529913742807e-05
1.987423946963531044e-05
2.003674216183058007e-05
2.020036814680022170e-05
2.036475375111450263e-05
2.052883599314320816e-05
2.069241950524689676e-05
2.085509575878512721e-05
2.101736915368526316e-05
2.117965632628558819e-05
2.134295501399086233e-05
2.150786054452150841e-05
2.167497856500839585e-05
2.184416591433565187e-05
2.201504364103187760e-05
2.218668428674493040e-05
2.235834975736689979e-05
2.252943898048252267e-05
2.270007643147834014e-05
2.287077962805258958e-05
2.304249723979762962e-05
2.321589109716011139e-05
2.339120766597621218e-05
2.356789638110163508e-05
2.374509476855024654e-05
2.392192632121463954e-05
2.409822968169110131e-05
2.427449531759179747e-05
2.445171091291978356e-05
2.463047601672274965e-05
2.481068324506747506e-05
2.499139345719679075e-05
2.517172450394867305e-05
2.535142956694043438e-05
2.553126967077289143e-05
2.571213152316445733e-05
2.589427634403801838e-05
2.607685669707554272e-05
2.625892081655889222e-05
2.644028321826952317e-05
2.662187399753261223e-05
2.680440971464508404e-05
2.698756660711454369e-05
2.717016142215024962e-05
2.735186636700074315e-05
2.753346254469168835e-05
2.771575607814225152e-05
2.789806574943959393e-05
2.807938514702420444e-05
2.825983516898277053e-05
2.844051023042646744e-05
2.862120126035563313e-05
2.880081166043559090e-05
2.897922477539510282e-05
2.915753742516881584e-05
2.933542999148761274e-05
2.951187723373003926e-05
2.968714876229247495e-05
2.986206795413077632e-05
3.003570313255949002e-05
3.020774726045793266e-05
3.037888326028921480e-05
3.054870222396959900e-05
3.071657976018425955e-05
3.088340672094842663e-05
3.104840974816771264e-05
3.121129330208843037e-05
3.137284998639424088e-05
3.153217106200328955e-05
3.168912185238145752e-05
3.184448307235901936e-05
3.199694441388763237e-05
3.214736586153812303e-05
3.229496916308620934e-05
3.244001066379547711e-05
3.258238699726837912e-05
3.272157622210614993e-05
3.285798824140606709e-05
3.299100658483736058e-05
3.312094077603429940e-05
3.324720977042686099e-05
3.337010773598959775e-05
3.348920807103287383e-05
3.360454214666471851e-05
3.371579494274167693e-05
3.382309110488235731e-05
3.392607065802028091e-05
3.402474028958827500e-05
3.411888641287258775e-05
3.420851886857150307e-05
3.429335849614839463e-05
3.437333779038197386e-05
3.444826952019420065e-05
3.451813313759262251e-05
3.458267470575024941e-05
3.464181468569729012e-05
3.469538959509630886e-05
3.474330877130222351e-05
3.478536336671221428e-05
3.482144919022336509e-05
3.485146555226869446e-05
3.487527627989974263e-05
3.489275763248239664e-05
3.490380994185281801e-05
3.490836992809989015e-05
3.490632615342571300e-05
3.489760710634355866e-05
3.488212888243216774e-05
3.485982803065326631e-05
3.483056112943312417e-05
3.479424685503926414e-05
3.475079051466271977e-05
3.470012809349466319e-05
3.464218313111653820e-05
3.457691514799588552e-05
3.450428402058933522e-05
3.442426545921254875e-05
3.433684035914325277e-05
3.424199042069313097e-05
3.413968809542051964e-05
3.402988917602467554e-05
3.391257756363623649e-05
3.378776638955012274e-05
3.365547912228483788e-05
3.351575085066301715e-05
3.336862669589413656e-05
3.321417457046865344e-05
3.305242136496704195e-05
3.288340188935109991e-05
3.270715296900096136e-05
3.252378283088176296e-05
3.233338668782841514e-05
3.213606253856554520e-05
3.193187496236999545e-05
3.172095365170139806e-05
3.150341187551732090e-05
3.127941627690868515e-05
3.104911649815828852e-05
3.081265437524160426e-05
3.057008978451546187e-05
3.032156657889408481e-05
3.006728515465743672e-05
2.980747471590960531e-05
2.954231490435480591e-05
2.927196608244428557e-05
2.899656293084676477e-05
2.871633587324555806e-05
2.843149848300186784e-05
2.814228917180560001e-05
2.784890001899604229e-05
2.755152939852138996e-05
2.725037425735740652e-05
2.694564523520077970e-05
2.663754894052409189e-05
2.632636490515659618e-05
2.601233513604223342e-05
2.569566959657683847e-05
2.537657916304842081e-05
2.505533094033963952e-05
2.473210863244265423e-05
2.440714226009116366e-05
2.408069576839844811e-05
2.375299823971097692e-05
2.342424306956280382e-05
2.309471470588576482e-05
2.276459902267400081e-05
2.243412295242965608e-05
2.210349479176012362e-05
2.177293221132074809e-05
2.144268515685422813e-05
2.111292033244578198e-05
2.078385089253019638e-05
2.045573417605124207e-05
2.012869087082182207e-05
1.980291547052266270e-05
1.947863153629186150e-05
1.915601501192698480e-05
1.883520796291232095e-05
1.851643668409803809e-05
1.819982367820702706e-05
1.788552356434525872e-05
1.757368823284601785e-05
1.726453587215111591e-05
1.695814042959815213e-05
1.665460022881805780e-05
1.635410474129045266e-05
1.605679072954454211e-05
1.576273896461497914e-05
1.547201428600162524e-05
1.518477628213000009e-05
1.490113752947222470e-05
1.462112039651762644e-05
1.434482781169765239e-05
1.407235567591180511e-05
1.380379136384226753e-05
1.353913326739691305e-05
1.327847242907391278e-05
1.302190004926388662e-05
1.276945866468169071e-05
1.252110473649197335e-05
1.227690742429531377e-05
1.203697874269143583e-05
1.180126885018302970e-05
1.156975674646357708e-05
1.134251171711916089e-05
1.111956512701744257e-05
1.090085479074271725e-05
1.068635204473676363e-05
1.047614190857105133e-05
1.027019460813874683e-05
1.006839629577587268e-05
9.870752281111918057e-06
9.677348499025187727e-06
9.488084553883639199e-06
9.302853561712413053e-06
9.121658766597225970e-06
8.944565228588847514e-06
8.771433120412652711e-06
8.602178324844574143e-06
8.436808469737688159e-06
8.275346439864173290e-06
8.117593662603068917e-06
7.963509177376624528e-06
7.813134006263567540e-06
7.666400276308266346e-06
7.523098579380555016e-06
7.383221844826676978e-06
7.246838826344288224e-06
7.113800379561015516e-06
6.983945081993752298e-06
6.857279168927563973e-06
6.733834382782822140e-06
6.613416247970010519e-06
6.495905785403529938e-06
6.381321406494326880e-06
6.269652796043024781e-06
6.160659498098362954e-06
6.054302888716023305e-06
5.950653821684010162e-06
5.849599842381246915e-06
5.750920264555571551e-06
5.654590831482905682e-06
5.560697590401551125e-06
5.469039572347730362e-06
5.379478417601695645e-06
5.292015549939583873e-06
5.206709400463512372e-06
5.123322588950612290e-06
5.041773653673746720e-06
4.962084330290589910e-06
4.884251497022723037e-06
4.808022980853700254e-06
4.733398486274062679e-06
4.660453802441160613e-06
4.589062472089321378e-06
4.519023377236405040e-06
4.450346954928755797e-06
4.383132606738295435e-06
4.317196553578940695e-06
4.252420986333906993e-06
4.188816760334500348e-06
4.126446646890329895e-06
4.065100932697379845e-06
4.004740892212406706e-06
3.945411801960949864e-06
3.887095540222800092e-06
3.829593249191040773e-06
3.772916117601485118e-06
3.717153482008205408e-06
3.662181825679236875e-06
3.607887873731430482e-06
3.554280724295471310e-06
3.501448188109851221e-06
3.449232820949544675e-06
3.397592484107242983e-06
3.346534073830688488e-06
3.296127068752553218e-06
3.246194293573804988e-06
3.196740242336401571e-06
3.147813515598739387e-06
3.099411514286428397e-06
3.051384313528269752e-06
3.003757335103127392e-06
2.956627184644758225e-06
2.909891915632791081e-06
2.863502072499364976e-06
2.817484409249175289e-06
2.771910751194471798e-06
2.726685226831828348e-06
2.681802289756743508e-06
2.637291198529756194e-06
2.593220351421533390e-06
2.549477180588005320e-06
2.506104591412136433e-06
2.463149467118408591e-06
2.420594124708496079e-06
2.378349332964963198e-06
2.336393209259981959e-06
2.294737188628394722e-06
2.253248477668443109e-06
2.211857468416921721e-06
2.170509371198466615e-06
2.129214315017515611e-06
2.087870815108167867e-06
2.046486703726654697e-06
2.005072060971957551e-06
1.963691235664500745e-06
1.922331250332871524e-06
1.881089368580079981e-06
1.840066919063351215e-06
1.799337753352205953e-06
1.758964867096069361e-06
1.719030298083169295e-06
1.679634154552136091e-06
1.640802737796564505e-06
1.602594427982893985e-06
1.565037630023679623e-06
1.528185528340978253e-06
1.492024988982944338e-06
1.456574838362725924e-06
1.421817533865752647e-06
1.387755507643431149e-06
1.354371656325936368e-06
1.321660942934178628e-06
1.289595399738301915e-06
1.258141486189655341e-06
1.227296247796764006e-06
1.197031067285262352e-06
1.167317303832013158e-06
1.138122443393432773e-06
1.109454950092998905e-06
1.081277982632671663e-06
1.053571883503114203e-06
1.026318781606838828e-06
9.995188264835323801e-07
9.731462234765633009e-07
9.471947729519255891e-07
9.216535836927348563e-07
8.965161075605576133e-07
8.717693844816000300e-07
8.474067796317349116e-07
8.234450722496128233e-07
7.998691650242326765e-07
7.766629278320607905e-07
7.538491699269417645e-07
7.314301314490569830e-07
7.093915618580607069e-07
6.877349687732988352e-07
6.664743345263033495e-07
6.456122862237633435e-07
6.251412038202249048e-07
6.050588782358019545e-07
5.853881284568205005e-07
5.661245370253633792e-07
5.472561725928528409e-07
5.287956953746096097e-07
5.107516019392678753e-07
4.931170180149408077e-07
4.758819175068618315e-07
4.590662036599382829e-07
4.426679488957714881e-07
4.266771963540851293e-07
4.110885847494617488e-07
3.959141238103464980e-07
3.811541781151500099e-07
3.668008159611312704e-07
3.528447092086797590e-07
3.392906093661923559e-07
3.261370921810294898e-07
3.133691372415777662e-07
3.009886210581046315e-07
2.889951824917102490e-07
2.773839846575859411e-07
2.661397817749752978e-07
2.552652690214327124e-07
2.447495924710656411e-07
2.345851421233706050e-07
2.247653983569761088e-07
2.152903907284950300e-07
2.061450751190032634e-07
1.973247817393229950e-07
1.888282856280763896e-07
1.806389401668659947e-07
1.727490926673490656e-07
1.651562112691706572e-07
1.578497062758050644e-07
1.508247085130817128e-07
1.440738009062905907e-07
1.375788830065298727e-07
1.313391612215181052e-07
1.253506524151133015e-07
1.196040381300336615e-07
1.140850408530133357e-07
1.087926579360489632e-07
1.037226604275837332e-07
9.886389892788572778e-08
9.421349476183586205e-08
8.976013232025318499e-08
8.549484414857998371e-08
8.141596267930773183e-08
7.751550361623513145e-08
7.377631689381294224e-08
7.019993196092971669e-08
6.679385895181811945e-08
6.353990733161324533e-08
6.042477748260400822e-08
5.745737392333129886e-08
5.462827565401778554e-08
5.191981672146117172e-08
4.932935973020354224e-08
4.686671236029040692e-08
4.452398071432150171e-08
4.228570445135703432e-08
4.015621025195450279e-08
3.813243810143300367e-08
3.619843208460868811e-08
3.434740010254170758e-08
3.259089184289704962e-08
3.093044714330757196e-08
2.934367841017787639e-08
2.782987017411752860e-08
2.639345105630687416e-08
2.502757323184111044e-08
2.372731658991744884e-08
2.249361197201373183e-08
2.132509171046523615e-08
2.021140902925863506e-08
1.914981218342325994e-08
1.814219367358529918e-08
1.719342540173832050e-08
1.628660229022037545e-08
1.542325644938606164e-08
1.460554060620977492e-08
1.383598373280392545e-08
1.310138057045508040e-08
1.239994883110040492e-08
1.173833748697837127e-08
1.111579345810392940e-08
1.052288996025584662e-08
9.954767794878621321e-09
9.422211771573282740e-09
8.920380915945514800e-09
8.438572122227145006e-09
7.980435390513064708e-09
7.555198263118778446e-09
7.145822767202832691e-09
6.756543286904801705e-09
6.393742481007395323e-09
6.047063937160212212e-09
5.717081258418379486e-09
5.405598504959442389e-09
5.111697028695394150e-09
4.836656896750725748e-09
4.571736410412894344e-09
4.319385265860394201e-09
4.086169003938122788e-09
3.863727683475718904e-09
3.652103940228908180e-09
3.450490533772866961e-09
3.264895815478970906e-09
3.085802599831063079e-09
2.913672973385461366e-09
2.754089890528208665e-09
2.604869255237158070e-09
2.460217248022134602e-09
2.321757630052214166e-09
2.195191616630749358e-09
2.074765291350964787e-09
1.958753388631652279e-09
1.849163269979006922e-09
1.748322404457670486e-09
1.651702669128188130e-09
1.558670006553590233e-09
1.470079542379546511e-09
1.389747867415289412e-09
1.311098131918055129e-09
1.235278178458920392e-09
1.164617992012523396e-09
1.099187407223257924e-09
1.035969319634918420e-09
9.748696157053598693e-10
9.195897918707530393e-10
8.662798408139243624e-10
8.149533359432295355e-10
7.648901887046150510e-10
7.191457030598027289e-10
6.753483790557719556e-10
6.334724561631209541e-10
5.933817504899028998e-10
5.576365332116448435e-10
5.216866677041862020e-10
4.864189450505333076e-10
4.539338753408385799e-10
4.235062693653443294e-10
3.939508733247229331e-10
3.657191440094750713e-10
3.402707342519198479e-10
3.150360605405217970e-10
2.904482004139636853e-10
2.672069810202025256e-10
2.466025305617664847e-10
2.270112235252831229e-10
2.083017886733213920e-10
1.898173315753297464e-10
1.736271143263189005e-10
1.581587230330714751e-10
1.441197932591781675e-10
1.313254330376214868e-10
1.191077478515581304e-10
1.079969379046289496e-10
9.825145427398069719e-11
9.021766064524095032e-11
8.241292165541424722e-11
7.546465406442093136e-11
6.969201778680118513e-11
6.529089198876823088e-11
6.078132978967442816e-11
5.697966898943576249e-11
5.423547504958182972e-11
5.209861251416346155e-11
4.967172315327570885e-11
4.776655422632927670e-11
4.632415784643135781e-11
4.436215046133298327e-11
4.247669101121788843e-11
4.062004039072640230e-11
3.851728183324924958e-11
3.623364433099461986e-11
3.383210138070871913e-11
3.086433803718112936e-11
2.822669901763061795e-11
2.532784361271875869e-11
2.252554115052601742e-11
2.007721680266071300e-11
1.766787573375099855e-11
1.570128956110512689e-11
1.403640761601330526e-11
1.295343935854076040e-11
1.227040841967798690e-11
1.176268874605365329e-11
1.154845703325877980e-11
1.146699355642498144e-11
1.146855389189561946e-11
1.117616542680886246e-11
1.072325368209641931e-11
1.003131516720958609e-11
9.181789404682472198e-12
8.048266580345064250e-12
6.927386919585053034e-12
5.913609770970936677e-12
5.148636979850656210e-12
4.555928848748311446e-12
4.353987100234236760e-12
4.389625670908684794e-12
4.531299282570598369e-12
4.597963660380714018e-12
4.613723220961939820e-12
4.304120767972596314e-12
3.797502107801422202e-12
3.186539152428556017e-12
2.605004544376119486e-12
2.181874228230582041e-12
2.055038319742971492e-12
2.091597397672495315e-12
2.292655799190341688e-12
2.373493385109798767e-12
2.290107118709336859e-12
1.999636719217485964e-12
1.592160094241938615e-12
1.255971221476208015e-12
1.095880283224413411e-12
1.166348045243384582e-12
1.319898394276617329e-12
1.399703204200643489e-12
1.273436228484498246e-12
9.944969304946495010e-13
7.335217406225595382e-13
6.503182608024127378e-13
7.566175227067915431e-13
8.797692097694768446e-13
8.589233111237779864e-13
6.631541100772370670e-13
4.679069228924259059e-13
4.199227561665796306e-13
5.338390538950115815e-13
6.103683266775798332e-13
5.202028870706128822e-13
3.342634840187359491e-13
2.806481108910509013e-13
3.749423081219682753e-13
4.392307176224994586e-13
3.316402043070422107e-13
2.056270404329627672e-13
2.234085605872380149e-13
3.221527694430306160e-13
2.778736292088653797e-13
1.563179493162168945e-13
1.595076200524603793e-13
2.490031114466821511e-13
1.973459485158673820e-13
1.045223972466514068e-13
1.452829765314877595e-13
1.983453619106600737e-13
1.030444106495043570e-13
8.862517046668960231e-14
1.560052288950784483e-13
1.055363297762167356e-13
5.616616062795578433e-14
1.308330093173951344e-13
7.982188722634728091e-14
5.073237111692082763e-14
1.074086076027147337e-13
5.301095914991566645e-14
5.104629794938585598e-14
9.093820277415755762e-14
1.779484275709770002e-14
8.077117511748183849e-14
3.120301444972318610e-14
4.668283754361533685e-14
4.912395536414541126e-14
2.385183353662570610e-14
5.255247083610154804e-14
1.604405251659319965e-14
4.638925970089777027e-14
1.505506779658565766e-14
3.807565878410225592e-14
1.528877629345286449e-14
3.087497406543976641e-14
1.498471699094301774e-14
2.531536950883198917e-14
1.406270953199711831e-14
2.107330201983297992e-14
1.280386053701886511e-14
1.776108564614622835e-14
1.144040704038058811e-14
1.510118956869120919e-14
1.010505963366966914e-14
1.291590618607454172e-14
8.861295806879493262e-15
1.109138391629897393e-14
7.733943107016318845e-15
9.551404494886725624e-15
6.728078554417373098e-15
8.242047245174684957e-15
5.839240070091901296e-15
7.123187711420963420e-15
5.058702986086977946e-15
6.163740734934901732e-15
4.376168653595882531e-15
5.338893487092883114e-15
3.781121047028454849e-15
4.628410144430335711e-15
3.263494279128875223e-15
4.015533846903271385e-15
2.813979338724091780e-15
3.486236751535487991e-15
2.424140251206045594e-15
3.028683108437886565e-15
2.086429757414705507e-15
2.632829268388996110e-15
1.794153197042855886e-15
2.290115931285852515e-15
1.541407329418496333e-15
1.993225244561044578e-15
1.323008900517522510e-15
1.735885238952632295e-15
1.134421130335317945e-15
1.512709944977328425e-15
9.716825431719714208e-16
1.319067127214879320e-15
8.313404065172351526e-16
1.150967866863541730e-15
7.103898037792076028e-16
1.004973731507070992e-15
6.062186472308078866e-16
8.781183021244322651e-16
5.165585371369288621e-16
7.678405506299380410e-16
4.394411518018868302e-16
6.719280853081194102e-16
3.731597449600514229e-16
5.884686707041964264e-16
3.162352836109778578e-16
5.158087252976675184e-16
2.673867573620080962e-16
4.525177293728676297e-16
2.255052040528705877e-16
3.973576562439020953e-16
1.896310302225772758e-16
3.492566868839445332e-16
1.589342372297785095e-16
3.072865845838040204e-16
1.326972023360119919e-16
2.706432034345145174e-16
1.102996991813969850e-16
2.386296848787783103e-16
9.120587841683917533e-17
2.106419617522103477e-16
7.495295873932024070e-17
1.861562473650988804e-16
6.114141130584937830e-17
1.647182318723428110e-16
4.942644329368027450e-17
1.459337495355698784e-16
3.951061345719496077e-17
1.294607133481622737e-16
3.113743080475908370e-17
1.150021429428278125e-16
2.408580830253794789e-17
1.023001355110038366e-16
1.816525875767471802e-17
9.113065093169088486e-17
1.321173477992884805e-17
8.129899965946014114e-17
9.084027688777226499e-18
7.263593827745718105e-17
5.660650928019637410e-18
6.499428956370855833e-17
2.837143786205016153e-18
5.824601643928793818e-17
5.237389518404352832e-19
5.227968776291434502e-17
-1.356654449814667303e-18
4.699828373705429986e-17
-2.870194566747802586e-18
4.231729436303292153e-17
-4.073614223269948978e-18
3.816307206989861493e-17
-5.015523299423768726e-18
3.447140370124806545e-17
-5.737534229059556628e-18
3.118627285229662184e-17
-6.275233777387936782e-18
2.825878676172948894e-17
-6.659022544075260722e-18
2.564624573613181483e-17
-6.914839407796451695e-18
2.331133592828187049e-17
-7.064786953845669497e-18
2.122142906901384748e-17
-7.127671054433126287e-18
1.934797480527874867e-17
-7.119466212154990921e-18
1.766597327551291048e-17
-7.053716911344237574e-18
1.615351719282092186e-17
-6.941883535592921388e-18
1.479139420173579639e-17
-6.793640431788879317e-18
1.356274150128572158e-17
-6.617132654558147113e-18
1.245274580305882647e-17
-6.419197000848579773e-18
1.144838242330371334e-17
-6.205552291399383464e-18
1.053818866589538235e-17
-5.980962937897778374e-18
9.712066597333602310e-18
-5.749379647893010534e-18
8.961111617057059630e-18
-5.514060238507706725e-18
8.277463136710985029e-18
-5.277673460353530199e-18
7.654174777523666744e-18
-5.042387945775891462e-18
7.085101280488255952e-18
-4.809948564628761951e-18
6.564800007482123739e-18
-4.581741711784194359e-18
6.088445161090234281e-18
-4.358851179932798434e-18
5.651753064597893665e-18
-4.142105927700944118e-18
5.250917025896140028e-18
-3.932120652767582041e-18
4.882550634902205166e-18
-3.729330453960843823e-18
4.543638281276530340e-18
-3.534020142675058967e-18
4.231492166536714045e-18
-3.346349026237982883e-18
3.943714842098432336e-18
-3.166371738069502518e-18
3.678166719443493501e-18
-2.994055677835950554e-18
3.432937819793191418e-18
-2.829295379702538314e-18
3.206323465367920538e-18
-2.671924302504186493e-18
2.996803304661181373e-18
-2.521724242138984073e-18
2.803023414849909884e-18
-2.378432651558181866e-18
2.623781196748729370e-18
-2.241748052081276668e-18
2.458012775651378378e-18
-2.111333671536343121e-18
2.304782778779166731e-18
-1.986819398781790163e-18
2.163276354216452244e-18
-1.867802125277180332e-18
2.032793296906029093e-18
-1.753844464712101313e-18
1.912744324588344538e-18
-1.644471852464441473e-18
1.802649459947379469e-18
-1.539167891631987943e-18
