# bin_5_5
1.195362673133999222e-07
-8.589987321707247930e-08
1.155167887341454120e-07
-7.781586612012256347e-08
1.124141302988905822e-07
-6.947594612692196672e-08
1.102997225082202571e-07
-6.075480139726967198e-08
1.092675187308934223e-07
-5.150571611992612775e-08
1.094375042331843763e-07
-4.155654536090951898e-08
1.109598719723388631e-07
-3.070499894947465576e-08
1.140199446072881793e-07
-1.871314827250142891e-08
1.188439332091592060e-07
-5.301066091431290809e-09
1.257056135522937512e-07
9.860487451733387733e-09
1.349340119555024737e-07
2.715840841764666939e-08
1.469221615897947044e-07
4.704668840588937801e-08
1.621369846805831243e-07
7.005697589783344905e-08
1.811303043012703748e-07
9.681024828767209991e-08
2.045509422430677686e-07
1.280295076978337323e-07
2.331577735409485121e-07
1.645533219822707083e-07
2.678334899489419566e-07
2.073498897141858697e-07
3.095986748057625643e-07
2.575311372320646331e-07
3.596255803626049634e-07
3.163661132963073732e-07
4.192507363160720070e-07
3.852926526180149478e-07
4.899851816047107951e-07
4.659259067405573215e-07
5.735207058379059881e-07
5.600618965837530803e-07
6.717300020065756766e-07
6.696737192399162373e-07
7.866580808248314738e-07
7.968974663076183998e-07
9.205017023203339347e-07
9.440043060093896104e-07
1.075572978996487191e-06
1.113354609097730440e-06
1.254242787559927833e-06
1.307329550980740066e-06
1.458859286314981727e-06
1.528235451725887325e-06
1.691636872231619632e-06
1.778176400954552473e-06
1.954511534775536804e-06
2.058891766481322537e-06
2.248960104444495041e-06
2.371557302953332825e-06
2.575783713762204367e-06
2.716552202991182712e-06
2.934860311355790446e-06
3.093199967845719487e-06
3.324877717992691785e-06
3.499498796490183462e-06
3.743067755444889896e-06
3.931867473714105163e-06
4.184973445749375847e-06
4.384945251921658322e-06
4.644294612192429884e-06
4.851498025275721064e-06
5.112870993628376387e-06
5.322496184470392120e-06
5.580873504672727784e-06
5.787438395817760655e-06
6.037279146278272497e-06
6.234994873029123484e-06
6.470697049253586770e-06
6.654026362730817346e-06
6.870584364913819323e-06
7.034992759768290304e-06
7.228832899358464502e-06
7.371690315637386993e-06
7.541614308171985542e-06
7.663145168154023520e-06
7.811243605622209603e-06
7.915349179356183325e-06
8.047670776972418302e-06
8.142374086964988616e-06
8.269071645728139704e-06
8.366287459306996274e-06
8.500940927711191859e-06
8.615291189809149008e-06
8.773176380457950479e-06
8.919701741352096966e-06
9.114975773717048194e-06
9.305875122686119014e-06
9.548010295751407662e-06
9.788972272595252406e-06
1.007925422319155466e-05
1.036644763297503441e-05
1.069582634645570437e-05
1.101499373772968419e-05
1.136477868227110177e-05
1.169381722877098631e-05
1.204029701781392690e-05
1.235587534708731489e-05
1.267864059547868883e-05
1.296564452935053533e-05
1.325727182688669037e-05
1.351757125476682241e-05
1.379013742425354123e-05
1.404548331226806566e-05
1.432866728492394358e-05
1.461326567987602353e-05
1.494138027877770715e-05
1.528431584970955413e-05
1.567612996701569266e-05
1.608160652486817559e-05
1.652473380359919646e-05
1.696447056920241146e-05
1.741893874790723692e-05
1.784842509467662162e-05
1.827458954688905118e-05
1.866855578725267172e-05
1.906307546506551875e-05
1.944299271832381230e-05
1.984892252024575833e-05
2.026949063432786208e-05
2.073847657756130650e-05
2.123225734208738716e-05
2.176574004768563075e-05
2.229971396406974762e-05
2.283875119621004064e-05
2.334729395741772876e-05
2.384418980368608809e-05
2.431807443899232363e-05
2.480904376623570441e-05
2.531735035060398166e-05
2.587471858713965157e-05
2.645770547283366541e-05
2.706619857526276461e-05
2.765621372036199924e-05
2.822882795727101954e-05
2.876795524777086231e-05
2.931247952063175907e-05
2.987289564845089024e-05
3.048105891471258774e-05
3.110987680964800235e-05
3.174520910312721020e-05
3.234295381066058334e-05
3.291646399456872704e-05
3.347732447012896552e-05
3.407404271361726979e-05
3.469902521007545615e-05
3.533796764186873576e-05
3.593783017760521323e-05
3.650529109022975746e-05
3.706007137271116823e-05
3.765282096763798529e-05
3.826324757248293672e-05
3.885886078035091426e-05
3.939972280214679612e-05
3.992945041992739278e-05
4.048111095332873312e-05
4.105842867000576810e-05
4.159472454713437526e-05
4.208951460322037054e-05
4.258312437838388285e-05
4.311516989952241891e-05
4.362290370527115532e-05
4.408367342752628584e-05
4.453790323690110284e-05
4.503306536338627398e-05
4.549942725415504185e-05
4.592470917585529747e-05
4.636615214033424222e-05
4.683825534504292194e-05
4.725920189958076982e-05
4.767873195852423445e-05
4.813681063769554110e-05
4.857408393977217213e-05
4.898565209070921534e-05
4.945387839597847445e-05
4.989488134972749352e-05
5.032963190078539197e-05
5.080933092776711703e-05
5.126388895739543417e-05
5.172528866346836956e-05
5.222712285977029696e-05
5.268178651667563325e-05
5.319479065746139711e-05
5.367391972310904535e-05
5.417382073082210143e-05
5.467744276053451957e-05
5.516614141356040676e-05
5.567803860579375767e-05
5.616241934341798355e-05
5.667054286391404335e-05
5.715355938683344412e-05
5.765445033773963399e-05
5.813758323834305433e-05
5.863391639466927405e-05
5.912018768412459941e-05
5.961778903210832232e-05
6.011180536639136856e-05
6.061682871499425509e-05
6.112262391009528825e-05
6.163876599377839777e-05
6.215724681468114143e-05
6.268386117171935326e-05
6.321170771633878138e-05
6.374411212235067486e-05
6.427532558079163301e-05
6.480774598072238941e-05
6.533742645654577806e-05
6.586713977470987080e-05
6.639507733243433748e-05
6.692469150456863808e-05
6.745558086586400453e-05
6.799090483150421510e-05
6.853004842140940204e-05
6.907447964880889424e-05
6.962218597187973333e-05
7.017272505289014152e-05
7.072331934028939430e-05
7.127327738897761206e-05
7.182108600930604359e-05
7.236772431177155109e-05
7.291384496017163958e-05
7.346164358035038274e-05
7.401200433526306031e-05
7.456568016235275175e-05
7.512140258177897676e-05
7.567762201214675956e-05
7.623211810111605636e-05
7.678401170415668890e-05
7.733342837259505904e-05
7.788201867201824749e-05
7.843135266981640023e-05
7.898222080883714050e-05
7.953361231950744790e-05
8.008347434686782741e-05
8.062987156839482457e-05
8.117241975449459191e-05
8.171243946172644212e-05
8.225168975081121789e-05
8.279070529931948882e-05
8.332793089812443738e-05
8.386108130202148678e-05
8.438897156527986698e-05
8.491275373547671858e-05
8.543418342291640450e-05
8.595360937354428203e-05
8.646890440644448297e-05
8.697802803967766901e-05
8.748097417896386584e-05
8.797976818765077109e-05
8.847487354327415406e-05
8.896439943937192968e-05
8.944612359335147905e-05
8.992091033719168912e-05
9.039042918489360477e-05
9.085410668718982513e-05
9.130918172562034018e-05
9.175559593307062295e-05
9.219511551480992387e-05
9.262745390305977063e-05
9.304978596225740427e-05
9.346248012964455932e-05
9.386718276533055356e-05
9.426247369804265075e-05
9.464606775524581918e-05
9.501996906234830309e-05
9.538416265695597225e-05
9.573593479313992610e-05
9.607590661283714906e-05
9.640553901643263959e-05
9.672173475272456212e-05
9.702520385904197934e-05
9.731673284025436996e-05
9.759397202437845300e-05
9.785775813063945193e-05
9.810801076698065341e-05
9.834275354766922452e-05
9.856409725492048005e-05
9.876920711882838401e-05
9.895942235376877893e-05
9.913390764443857233e-05
9.929199014800616993e-05
9.943417204403049467e-05
9.955905239830023057e-05
9.966763913279668807e-05
9.975839069626986756e-05
9.983211551599674059e-05
9.988770446479024114e-05
9.992567832444865640e-05
9.994508310435407941e-05
9.994624799799069551e-05
9.992866797995519912e-05
9.989236707757346840e-05
9.983689690948232350e-05
9.976230555720356065e-05
9.966831924646939742e-05
9.955483981914565225e-05
9.942160898451546684e-05
9.926860683643167599e-05
9.909573444253791331e-05
9.890291598781150262e-05
9.869005738740926968e-05
9.845718643275292565e-05
9.820427328210356796e-05
9.793131854810446064e-05
9.763832277390908432e-05
9.732539933550678126e-05
9.699252937475842076e-05
9.663982830375985797e-05
9.626737361636225913e-05
9.587533737414282277e-05
9.546380823644121149e-05
9.503299414020071039e-05
9.458308467692447448e-05
9.411432996397385564e-05
9.362688189900758454e-05
9.312100416604522657e-05
9.259694557296887520e-05
9.205494396725764211e-05
9.149521862289140080e-05
9.091809288043378495e-05
9.032393556587205630e-05
8.971307530014385983e-05
8.908590003284770761e-05
8.844282894405364897e-05
8.778428457057084141e-05
8.711061117367141645e-05
8.642220392375496451e-05
8.571950770955133177e-05
8.500299784644376226e-05
8.427305894038090745e-05
8.353018053313693715e-05
8.277491090610193496e-05
8.200773348838427722e-05
8.122908806155985256e-05
8.043954676307687828e-05
7.963972242875329483e-05
7.883009908815195204e-05
7.801113918678775558e-05
7.718335794581253980e-05
7.634730061611679029e-05
7.550353890459640205e-05
7.465266161546222116e-05
7.379530894562833778e-05
7.293205879868113297e-05
7.206334777153036860e-05
7.118977799896775193e-05
7.031200795096975763e-05
6.943052038878644240e-05
6.854586741277054627e-05
6.765866654189209631e-05
6.676954935239588654e-05
6.587897801819158814e-05
6.498738481419851138e-05
6.409538553639558946e-05
6.320368153204485430e-05
6.231266456714768659e-05
6.142280517601212287e-05
6.053466089300759057e-05
5.964869353235466217e-05
5.876526443584852063e-05
5.788491571136225003e-05
5.700818830804922817e-05
5.613535865463544047e-05
5.526678639609224969e-05
5.440300308768530700e-05
5.354445137653077137e-05
5.269138409359309315e-05
5.184412475647177547e-05
5.100320485262759728e-05
5.016912048023652572e-05
4.934199058540570889e-05
4.852224550919448387e-05
4.771041750236586568e-05
4.690675471100849925e-05
4.611137069440199266e-05
4.532465513516245023e-05
4.454703665408121089e-05
4.377849406094793517e-05
4.301912382664111601e-05
4.226917188456027352e-05
4.152890952054873208e-05
4.079833717628262663e-05
4.007755568998924500e-05
3.936684421930087982e-05
3.866656180697446886e-05
3.797662487666799807e-05
3.729726689298062199e-05
3.662885487719456918e-05
3.597138825655319446e-05
3.532467254202819484e-05
3.468874205443729674e-05
3.406380128837890609e-05
3.344962552920911005e-05
3.284604548811326621e-05
3.225324666612263119e-05
3.167151538809721931e-05
3.110069641997561260e-05
3.054076973442993825e-05
2.999192219917931317e-05
2.945408318568964922e-05
2.892667495599844459e-05
2.840959002212713910e-05
2.790305381000435510e-05
2.740689502129149766e-05
2.692088673756739655e-05
2.644520021130855600e-05
2.598003834609306377e-05
2.552489356762489711e-05
2.507929534041081034e-05
2.464321766187852587e-05
2.421683089062572864e-05
2.379977812850663988e-05
2.339206820563607749e-05
2.299377590213407517e-05
2.260459444533638858e-05
2.222377006559501765e-05
2.185134537701659599e-05
2.148772404697100246e-05
2.113260910965311388e-05
2.078539469246296268e-05
2.044588596924074245e-05
2.011424274667958671e-05
1.979011738652241331e-05
1.947330308948955969e-05
1.916372220257606866e-05
1.886129102405276146e-05
1.856540720130474501e-05
1.827609239442700833e-05
1.799344954003554244e-05
1.771709508041149041e-05
1.744644279503386000e-05
1.718160071799166373e-05
1.692272322050009730e-05
1.666920469043946300e-05
1.642078819287172387e-05
1.617755374794417063e-05
1.593947784848444581e-05
1.570601099313372238e-05
1.547708988683176387e-05
1.525257622583348966e-05
1.503246281567302947e-05
1.481632675463440585e-05
1.460400597072602043e-05
1.439559440146817056e-05
1.419110908302313711e-05
1.398985519555438632e-05
1.379177081634103732e-05
1.359730980051621428e-05
1.340578370909475136e-05
1.321708796606603026e-05
1.303122241496352798e-05
1.284828049024206893e-05
1.266782844305137342e-05
1.248962577895595031e-05
1.231382758958967445e-05
1.214045296432299411e-05
1.196899728095565007e-05
1.179946011008905344e-05
1.163202520591984520e-05
1.146645563628625546e-05
1.130246376889924455e-05
1.114008354122487516e-05
1.097955190067674660e-05
1.082046912647933681e-05
1.066272904680099089e-05
1.050637490656605701e-05
1.035159020430863483e-05
1.019792062229962167e-05
1.004538763298209025e-05
9.894113774879466738e-06
9.744145259526470337e-06
9.595108141091474935e-06
9.447106519041916458e-06
9.300363211706085383e-06
9.154697469272184531e-06
9.009933159207684456e-06
8.866141213622299026e-06
8.723500182876573665e-06
8.581740202359771600e-06
8.440863833823593356e-06
8.300920668354972470e-06
8.162034934959697477e-06
8.023949687893259649e-06
7.886675961439068591e-06
7.750200871255749123e-06
7.614456727645505119e-06
7.479164695094382177e-06
7.344292103005372704e-06
7.209944534016923053e-06
7.075932347982502325e-06
6.942204735778178615e-06
6.808683934683661556e-06
6.675420711453055822e-06
6.542259696955802501e-06
6.409337844720598290e-06
6.276861759593041516e-06
6.145165023601676209e-06
6.014288892017531995e-06
5.884380131170003714e-06
5.755536704966446323e-06
5.627921920703682616e-06
5.501769426145071591e-06
5.377356453815804399e-06
5.254851076206049506e-06
5.134150880276510115e-06
5.015263871009606192e-06
4.898276942061409647e-06
4.783396521954949389e-06
4.670605320209152382e-06
4.559852642069080731e-06
4.451035203625461134e-06
4.344200000249771225e-06
4.239321386937307685e-06
4.136359714451439852e-06
4.035254666773651747e-06
3.935985388335287855e-06
3.838488399819588787e-06
3.742634735605990525e-06
3.648432344230336733e-06
3.555893381770483340e-06
3.464946264880728938e-06
3.375430091235473363e-06
3.287379731995791332e-06
3.200836457773698025e-06
3.115741442392189664e-06
3.031938812636615043e-06
2.949479830330992719e-06
2.868449619534053460e-06
2.788726285596056273e-06
2.710223081968663581e-06
2.633070036064458338e-06
2.557231060309636987e-06
2.482638217789129979e-06
2.409305924503483005e-06
2.337278086540305344e-06
2.266528949577376733e-06
2.197077778067493879e-06
2.128896375483574647e-06
2.062014229578064584e-06
1.996451153183530454e-06
1.932177008762476540e-06
1.869218604347582481e-06
1.807563281211741043e-06
1.747280964017507710e-06
1.688242275435443467e-06
1.630581530366560309e-06
1.574248426700449250e-06
1.519254150381543577e-06
1.465551975910682770e-06
1.413173451400177982e-06
1.362148357417368100e-06
1.312430816907414858e-06
1.264010079938774579e-06
1.216890837535872699e-06
1.171097190136814531e-06
1.126577604221622793e-06
1.083317411129184403e-06
1.041332832851329281e-06
1.000633655774712008e-06
9.611462246546956552e-07
9.228747625467108717e-07
8.858066539945298094e-07
8.499246308538305886e-07
8.151981365235445618e-07
7.816493797136786594e-07
7.492098399500846382e-07
7.178625853640675232e-07
6.876128886242899059e-07
6.584266110943588239e-07
6.302563680756599877e-07
6.031146459745885590e-07
5.769545056594551434e-07
5.517611952380939793e-07
5.274980954267602957e-07
5.041394650285749524e-07
4.816832361730950426e-07
4.601017215139890619e-07
4.393669971903838453e-07
4.194227823943106847e-07
4.002686004455082289e-07
3.818870782351348923e-07
3.642578917467774196e-07
3.473525215763359706e-07
3.311326679916247149e-07
3.155862631369300547e-07
3.007115563211244612e-07
2.864729440201868423e-07
2.728262333214711674e-07
2.597613340510564062e-07
2.472826212054040667e-07
2.353527034203485021e-07
2.239150667663382407e-07
2.129897377959966733e-07
2.025884252274056820e-07
1.926414226105220319e-07
1.831102136826038492e-07
1.740332236859915185e-07
1.654063129770551111e-07
1.571485719337423655e-07
1.492491444945103629e-07
1.417379196979376709e-07
1.345910109809935377e-07
1.277660445651427199e-07
1.212682718416484925e-07
1.150953131310096295e-07
1.092178076002290601e-07
1.036033149533397301e-07
9.825459516677161749e-08
9.319274303742821565e-08
8.837587840851220234e-08
8.378109744933900962e-08
7.940843003060248330e-08
7.526186505364954737e-08
7.132152060160606484e-08
6.756880247809709050e-08
6.401617667810045685e-08
6.063074910441782592e-08
5.742305308158277020e-08
5.437523899389767912e-08
5.149272323267954460e-08
4.874959107401096797e-08
4.614423476444932067e-08
4.366953832871653782e-08
4.133984198837356044e-08
3.911076625468752439e-08
3.699562373245977495e-08
3.500058746229263701e-08
3.311760371272507545e-08
3.132307962121162492e-08
2.961845231043516583e-08
2.801144295555336298e-08
2.649651934310035129e-08
2.505123570194840522e-08
2.367834568246192940e-08
2.239117839315642617e-08
2.116791405574372835e-08
1.999825600886175830e-08
1.889738511270297866e-08
1.787144529858765497e-08
1.688541757436433884e-08
1.594347977906104773e-08
1.506811124318504378e-08
1.424324565613947540e-08
1.345519316306251189e-08
1.270838246401312186e-08
1.200672963768830193e-08
1.134801445040200870e-08
1.071393751469325963e-08
1.011239876858499346e-08
9.556825385567766007e-09
9.024126607938054560e-09
8.518878205427056827e-09
8.044871558486677695e-09
7.599934231630226019e-09
7.174898655710505560e-09
6.771107281301495572e-09
6.397572873263105538e-09
6.045654403906213888e-09
5.704249589643273044e-09
5.376201578945485042e-09
5.079658639919494186e-09
4.797183851331599237e-09
4.527478290422821017e-09
4.272520250525635771e-09
4.040291560888919961e-09
3.812188169707357314e-09
3.592205852254932676e-09
3.391506843427190422e-09
3.206389802433574117e-09
3.023514375930413357e-09
2.849371193654105699e-09
2.692283953264012253e-09
2.541723634442632001e-09
2.395407087037633133e-09
2.257608531535135020e-09
2.133285908694657255e-09
2.014536009929306006e-09
1.899963010992497715e-09
1.788197862802138295e-09
1.689134988164777219e-09
1.591317811794888878e-09
1.498075098584385175e-09
1.412480374814290696e-09
1.332402147558497150e-09
1.253576089909231902e-09
1.177826974171978892e-09
1.112151058019047704e-09
1.046504885477626701e-09
9.825402273077192100e-10
9.213298649406938181e-10
8.670845779560550079e-10
8.146493620717912179e-10
7.630656573838837706e-10
7.129276903286144409e-10
6.710749564561250001e-10
6.278280361454957662e-10
5.843555189191330561e-10
5.455636866427332391e-10
5.099223051807073900e-10
4.736123713290215693e-10
4.388739330078223056e-10
4.099289923843429960e-10
3.785119869875297451e-10
3.490728011214725821e-10
3.222739047252392815e-10
2.969052963321930820e-10
2.734801649444182517e-10
2.516386378067328933e-10
2.285807360589373802e-10
2.103605777408104469e-10
1.916320458341389329e-10
1.745987578238029722e-10
1.593240736306805406e-10
1.444459425718293107e-10
1.319016109786767419e-10
1.198095533000357449e-10
1.099885404507657128e-10
1.006057602978538547e-10
9.253773013588083577e-11
8.527892618566274566e-11
7.984985080842357311e-11
7.430459039329878203e-11
6.975066453675474679e-11
6.623790740414585118e-11
6.334335805620689442e-11
6.044316347223912789e-11
5.808491615351736326e-11
5.596285701508108058e-11
5.365016157120964899e-11
5.125017302140747346e-11
4.887377078288155591e-11
4.633588490122867771e-11
4.359305862023628508e-11
4.064724418452406020e-11
3.715214787590679893e-11
3.397279463786616771e-11
3.057329682397197927e-11
2.729278209056257396e-11
2.434518866632070486e-11
2.155039901617494836e-11
1.916116371887157762e-11
1.721800929982308438e-11
1.587566203731976974e-11
1.503001359617371467e-11
1.436787631796914479e-11
1.404346702593497707e-11
1.389030505141552573e-11
1.383580151127811867e-11
1.346812073607937646e-11
1.288058061034417061e-11
1.206779440405763265e-11
1.103858800893989399e-11
9.708170537567553079e-12
8.391831008935634693e-12
7.203999369511176849e-12
6.297614197459579162e-12
5.603632111928486487e-12
5.340563894567242774e-12
5.360798771341000122e-12
5.488806592347529577e-12
5.541745492273924382e-12
5.537070497762750930e-12
5.157907421879623818e-12
4.566583213223216724e-12
3.863042906741317342e-12
3.183650174856199588e-12
2.685615435929481903e-12
2.527328439548636584e-12
2.549539775419317493e-12
2.765758441264552310e-12
2.852452099090677716e-12
2.751130584433355659e-12
2.407404618969672252e-12
1.927596334806305209e-12
1.540480099705804180e-12
1.352913436216091191e-12
1.426965114242115610e-12
1.593848217292530077e-12
1.676528890884642414e-12
1.524341648202590135e-12
1.203813262152046316e-12
9.063099907928680831e-13
8.046684438686963321e-13
9.162887125236041221e-13
1.055130348332152831e-12
1.030586714409718983e-12
8.026694475128713988e-13
5.737562281625353543e-13
5.194985916154707830e-13
6.471006016583863416e-13
7.300437197783441453e-13
6.223365412957755959e-13
4.129401478497426256e-13
3.485897871188242387e-13
4.516272302214735413e-13
5.252093333861865187e-13
4.007334247603151360e-13
2.543837906991773504e-13
2.750441796941960501e-13
3.850687926812522093e-13
3.324045176748911947e-13
1.950616441365952272e-13
1.959073449674043304e-13
2.970292042300850175e-13
2.379260518141291296e-13
1.303719435155022128e-13
1.771258351712328970e-13
2.354712754048785397e-13
1.273079970372623971e-13
1.097238058783688261e-13
1.858250874883766012e-13
1.279451734700498305e-13
7.110582147838163680e-14
1.556484206880238625e-13
9.701678684789256346e-14
6.366051723901577158e-14
1.275453907603544319e-13
6.541553588321526089e-14
6.277847607324955471e-14
1.078053179977712288e-13
2.435791914767346988e-14
9.564781922974833875e-14
3.903946903112073733e-14
5.638988492036506141e-14
5.892482670310327315e-14
2.999251084026707927e-14
6.240780866072524336e-14
2.072686708709781980e-14
5.504693446989749943e-14
1.926310319543575295e-14
4.528978063201318445e-14
1.923535261463398431e-14
3.683813670637926737e-14
1.863674345158074882e-14
3.028688425855129050e-14
1.737052664679208222e-14
2.526379271132943708e-14
1.575130191005195737e-14
2.132429597159127341e-14
1.403884956828430308e-14
1.814948782622340671e-14
1.238045335743056371e-14
1.553433556796106111e-14
1.084522564398891670e-14
1.334676435964997292e-14
9.458781449606516157e-15
1.149781482608598505e-14
8.224651245134767237e-15
9.924174129856504370e-15
7.135832648345680731e-15
8.578476738439074133e-15
6.180742963775772861e-15
7.423864198556980857e-15
5.346237688692565106e-15
6.430810204538476956e-15
4.619120828884088264e-15
5.575167182891409455e-15
3.986876654134745432e-15
4.836895009023702862e-15
3.437995252043674654e-15
4.199188317165815063e-15
2.962084718062874090e-15
3.647848554827953150e-15
2.549871890978179448e-15
3.170813983818805846e-15
2.193146568663404152e-15
2.757796548836476111e-15
1.884679257185630474e-15
2.399994218183537921e-15
1.618128996859382733e-15
2.089858669495203021e-15
1.387950318304568845e-15
1.820904865358612201e-15
1.189304149722502656e-15
1.587553182219483182e-15
1.017975074579242820e-15
1.384997377677667945e-15
8.702959482543487351e-16
1.209093423118914101e-15
7.430800992344529113e-16
1.056265411977513896e-15
6.335608903358550867e-16
9.234255926550016066e-16
5.393381843027182877e-16
8.079061872793731998e-16
4.583311517199338923e-16
7.074011077824181352e-16
3.887368148559103781e-16
6.199160292299544612e-16
3.289937340705701610e-16
5.437255505032627626e-16
2.777502640112212099e-16
4.773363849350567716e-16
2.338368546026515939e-16
4.194556961181873598e-16
1.962419134465463467e-16
3.689638338368476042e-16
1.640907967632144896e-16
3.248908400188315755e-16
1.366275393329417702e-16
2.863961894401029405e-16
1.131989796729005578e-16
2.527513091146560081e-16
9.324097566629478220e-17
2.233244885290879625e-16
7.626644142668719655e-17
1.975678474136009626e-16
6.185497129862295951e-17
1.750060761637543543e-16
4.964384293054541321e-17
1.552267042408393742e-16
3.932021979045318370e-17
1.378716872127349966e-16
3.061439620874456232e-17
1.226301308839704962e-16
2.329394597137748362e-17
1.092319977583368469e-16
1.715865657860411732e-17
9.744266161365099907e-17
1.203614358962519894e-17
8.705819479572074192e-17
7.778055889011506286e-18
7.790128913017133164e-17
4.256791937946897346e-18
6.981772396625293882e-17
1.362659823741861232e-18
6.267330794055574073e-17
-9.985790398780119864e-19
5.635122983914704004e-17
-2.907833254235308292e-18
5.074976387427554284e-17
-4.434517285776685774e-18
4.578028149229580444e-17
-5.638137696533955029e-18
4.136552799895041070e-17
-6.569663752298326375e-18
3.743812909583191443e-17
-7.272711586364163331e-18
3.393929608630143981e-17
-7.784566188809029556e-18
3.081770288323312216e-17
-8.137064843143573766e-18
2.802851230353718602e-17
-8.357358532173464909e-18
2.553253129149076723e-17
-8.468569821209085978e-18
2.329547802764772174e-17
-8.490359948895019231e-18
2.128734572111757085e-17
-8.439418038852729646e-18
1.948185057550993978e-17
-8.329882883324736995e-18
1.785595231668793914e-17
-8.173706353370088459e-18
1.638943796088744119e-17
-7.980966432108154062e-18
1.506456017798383303e-17
-7.760136955953581257e-18
1.386572307867237513e-17
-7.518319570355330206e-18
1.277920926183628729e-17
-7.261443268539147828e-18
1.179294231923463738e-17
-6.994436071496820867e-18
1.089628082328018233e-17
-6.721372342377488997e-18
1.007983862687365319e-17
-6.445599281958212610e-18
9.335329096619327399e-18
-6.169845405373760356e-18
8.655429319030548631e-18
-5.896313305543329691e-18
8.033662265161144887e-18
-5.626759063026501131e-18
7.464294196781327643e-18
-5.362559934962922489e-18
6.942245612448088430e-18
-5.104771967293148730e-18
6.463014008453017758e-18
-4.854178652376813534e-18
6.022606823401122162e-18
-4.611332256203144867e-18
5.617483532042469095e-18
-4.376588167402293725e-18
5.244505690891277129e-18
-4.150133464634085057e-18
4.900894135940680149e-18
-3.932010339717433821e-18
4.584192472646769306e-18
-3.722134709525442838e-18
4.292236360432248114e-18
-3.520310709829921780e-18
4.023127958285611569e-18
-3.326241188182595301e-18
3.775215293836944667e-18
-3.139534562596280233e-18
3.547076233068368532e-18
-2.959708085217829882e-18
3.337506746332610242e-18
-2.786187637151097164e-18
3.145513636923255516e-18
-2.618303933521194430e-18
2.970311564932110688e-18
-2.455284940817677297e-18
2.811324633410236328e-18
-2.296244432618108800e-18
2.668192674736366323e-18
-2.140166155202441241e-18
2.540782689982206564e-18
-1.985883175576919761e-18
2.429205911493403978e-18
-1.832051872785041760e-18
