# bin_3_3
8.451408022535823484e-08
-7.460577764677384267e-08
7.967903757111268950e-08
-6.991674107197247240e-08
7.523996426034763913e-08
-6.540596291538514903e-08
7.118494051956425852e-08
-6.104755250985366306e-08
6.750643367972695137e-08
-5.681343977597214209e-08
6.420156455937739664e-08
-5.267290289497750661e-08
6.127246912835233348e-08
-4.859200547799469553e-08
5.872676592873351837e-08
-4.453293637883659598e-08
5.657813723703204506e-08
-4.045324056142803758e-08
5.484703239712563186e-08
-3.630493248142057698e-08
5.356150298125572718e-08
-3.203348235633314998e-08
5.275817618074196636e-08
-2.757666912744523542e-08
5.248337208911288239e-08
-2.286329599922185072e-08
5.279436407826107284e-08
-1.781177206242927403e-08
5.376077680291318695e-08
-1.232856832303856373e-08
5.546610500781680936e-08
-6.306572792400116131e-09
5.800932332850327972e-08
3.766194435476070159e-10
6.150653809359740645e-08
7.860419158434114856e-09
6.609260794175535673e-08
1.630287283896017339e-08
7.192262738538373700e-08
2.588208287269107681e-08
7.917312786326146432e-08
3.679725195552854960e-08
8.804280192466412144e-08
4.926912722130269020e-08
9.875249705773277246e-08
6.353956046038149541e-08
1.115441601845115502e-07
7.986982945754100785e-08
1.266783421239889088e-07
9.853729322833380630e-08
1.444297987275953579e-07
1.198298856465401309e-07
1.650806629563497612e-07
1.440378969818231289e-07
1.889106221716804712e-07
1.714424732151977227e-07
2.161835380249137970e-07
2.023002974220319395e-07
2.471300232611430576e-07
2.368240431528834656e-07
2.819256733034682520e-07
2.751584468123296479e-07
3.206649922134196031e-07
3.173522807578660851e-07
3.633315960780003301e-07
3.633271771714354336e-07
4.097660783828765836e-07
4.128451939156945768e-07
4.596340108480657267e-07
4.654782529465339292e-07
5.123979347380991954e-07
5.205840881744791783e-07
5.672988032493437918e-07
5.772950038675768246e-07
6.233539964458587906e-07
6.345273200099476848e-07
6.793804173638962762e-07
6.910204495635244460e-07
7.340517654614671847e-07
7.454144702804753377e-07
7.859981182323836209e-07
7.963729662961067200e-07
8.339524874635216231e-07
8.427528194393314865e-07
8.769420537852775739e-07
8.838136045076807593e-07
9.145105739890995517e-07
9.194458459761336924e-07
9.469430326990925233e-07
9.503803243413922104e-07
9.754455493199713183e-07
9.783225566559582978e-07
1.002216854777191964e-06
1.005943026424049031e-06
1.030339437259783016e-06
1.036653406272768460e-06
1.063428811435296441e-06
1.074122921871678900e-06
1.105019450334062854e-06
1.121547270397088123e-06
1.157743227737358852e-06
1.180777979202635735e-06
1.222466568101074964e-06
1.251538977454974050e-06
1.297670011030102743e-06
1.331059536318401187e-06
1.379423762297946686e-06
1.414469912064877520e-06
1.462256086357898005e-06
1.496155926822914918e-06
1.540954000375028015e-06
1.571900500536891887e-06
1.612868869560635745e-06
1.641107639074277293e-06
1.679758798561614643e-06
1.707938046646282471e-06
1.747911248646890457e-06
1.780188648172095734e-06
1.825689480481172423e-06
1.865616714264966984e-06
1.918988538295609731e-06
1.967133094286528125e-06
2.026978615985675156e-06
2.080009749643154332e-06
2.141622818740712883e-06
2.194271145001955103e-06
2.253000695613129402e-06
2.302332329826058534e-06
2.357917571675412012e-06
2.406648528921988826e-06
2.464437034980681986e-06
2.519308480281667271e-06
2.585705818505831778e-06
2.650818515389838472e-06
2.726209647417565427e-06
2.797794282307231909e-06
2.875320235955373596e-06
2.945711183911808132e-06
3.019897917187448865e-06
3.088254206568836669e-06
3.163765762324364695e-06
3.238711150747844976e-06
3.324593740832363244e-06
3.411314817505569106e-06
3.506097190067655440e-06
3.596816758010306732e-06
3.690418994234963483e-06
3.778561261151525403e-06
3.872345255744820332e-06
3.967024967851985471e-06
4.072479710277936771e-06
4.179806112788963256e-06
4.292986724190735657e-06
4.401413348385495327e-06
4.512038490465606206e-06
4.621278537172485216e-06
4.739992097648191922e-06
4.862577560096991790e-06
4.992011649646143021e-06
5.117484342418428218e-06
5.244190200821976589e-06
5.370319940672467056e-06
5.506060305426171075e-06
5.644993352621692301e-06
5.786992774030738903e-06
5.923457725091249989e-06
6.063130431835052068e-06
6.206359814677765810e-06
6.356789067749305784e-06
6.502888327833630912e-06
6.647504178276719737e-06
6.792109732737458109e-06
6.944100659493661911e-06
7.092641119856550472e-06
7.237363372701302682e-06
7.379960448613560340e-06
7.528272446038156066e-06
7.670840306496265370e-06
7.808108825250122028e-06
7.944051366829749100e-06
8.082191222464586578e-06
8.209934898257465103e-06
8.334968159144698680e-06
8.459597423789089055e-06
8.578361269503655007e-06
8.688453809224137156e-06
8.801546043183528087e-06
8.905663673716039265e-06
9.005208075876687941e-06
9.104849441106563246e-06
9.198175801146061590e-06
9.287912292777711514e-06
9.380269254585942942e-06
9.463878572562939705e-06
9.553669330681618452e-06
9.637906471061281086e-06
9.725313282718762921e-06
9.813223558320458429e-06
9.901278404935807484e-06
9.993283146607443912e-06
1.008459336870935330e-05
1.018027293893601000e-05
1.027538388975248143e-05
1.037362678792945429e-05
1.047118012712508921e-05
1.057004837844515432e-05
1.066763682291101877e-05
1.076482888333869427e-05
1.086011367105278597e-05
1.095394102738323934e-05
1.104578188591155104e-05
1.113612734903348235e-05
1.122528133700782857e-05
1.131390328222581819e-05
1.140279686429547132e-05
1.149256430442206803e-05
1.158399776514913520e-05
1.167723799341468091e-05
1.177259504229442459e-05
1.186950078737485869e-05
1.196768241859717872e-05
1.206608014110470623e-05
1.216427005750364649e-05
1.226135654073836830e-05
1.235744768957831273e-05
1.245239955581246105e-05
1.254712527329492691e-05
1.264210212772355697e-05
1.273846747045179725e-05
1.283643304649855454e-05
1.293640057550212664e-05
1.303762416488750873e-05
1.313962258545649531e-05
1.324123152747547101e-05
1.334218038247714056e-05
1.344215575388328906e-05
1.354200105112839051e-05
1.364233065746077190e-05
1.374420431484607562e-05
1.384762390665728602e-05
1.395241567621231403e-05
1.405742699387182757e-05
1.416204302759288623e-05
1.426576555539303298e-05
1.436933642504786340e-05
1.447350121587462956e-05
1.457918903967111082e-05
1.468610904048924163e-05
1.479359550450125452e-05
1.490050611724818823e-05
1.500679087216601334e-05
1.511298653572754026e-05
1.522025241579117161e-05
1.532870780426222893e-05
1.543774817442315655e-05
1.554620629515608783e-05
1.565407255171629577e-05
1.576211118080463020e-05
1.587129250170175472e-05
1.598116511566395118e-05
1.609072522787597276e-05
1.619946174005625335e-05
1.630835583575170996e-05
1.641811883905469697e-05
1.652826983949197301e-05
1.663764631840078999e-05
1.674653737337718592e-05
1.685595129308629347e-05
1.696587214366276423e-05
1.707507354082996560e-05
1.718360819278972457e-05
1.729250672011736303e-05
1.740160913046864157e-05
1.750976989751590915e-05
1.761745468310656556e-05
1.772543544891773859e-05
1.783287981335520444e-05
1.793939722857978752e-05
1.804590650510763298e-05
1.815190253995674130e-05
1.825684522640753360e-05
1.836164576516939175e-05
1.846570213523222244e-05
1.856859423351976749e-05
1.867129279314430125e-05
1.877285708341552698e-05
1.887328359543554698e-05
1.897333389912167240e-05
1.907181977562496074e-05
1.916961892510076152e-05
1.926605871197019314e-05
1.936134726379182890e-05
1.945554209209939521e-05
1.954808861937865717e-05
1.963955895089269430e-05
1.972928818498143977e-05
1.981775614507253722e-05
1.990435353055175149e-05
1.998951293951055613e-05
2.007276214052202535e-05
2.015429214043391821e-05
2.023377414973536210e-05
2.031145122763423588e-05
2.038696269773269314e-05
2.046041943099437537e-05
2.053159475133943933e-05
2.060060269643271123e-05
2.066715869894401820e-05
2.073130264380943272e-05
2.079284430388214891e-05
2.085186405450516499e-05
2.090813660506600451e-05
2.096168201519273225e-05
2.101233523939358572e-05
2.106010743187103503e-05
2.110481007202016113e-05
2.114644372728137969e-05
2.118489517944605497e-05
2.122010553923325699e-05
2.125195508389937852e-05
2.128041359663741366e-05
2.130537223589169059e-05
2.132678302014723499e-05
2.134454631931417335e-05
2.135862011564881725e-05
2.136890975847895532e-05
2.137535688500869196e-05
2.137788894283889363e-05
2.137648089585964279e-05
2.137102739339670002e-05
2.136147943624734283e-05
2.134777174702664012e-05
2.132990132100625252e-05
2.130776490093520451e-05
2.128135269170389082e-05
2.125060335293053236e-05
2.121549917881901710e-05
2.117596876788412969e-05
2.113200469894361690e-05
2.108357148944097324e-05
2.103068125436521695e-05
2.097325368177579538e-05
2.091129421144749203e-05
2.084481250291870435e-05
2.077381645656552200e-05
2.069825613015000826e-05
2.061814723474102596e-05
2.053352030861537068e-05
2.044440621945164060e-05
2.035081476987663139e-05
2.025277676831687575e-05
2.015031718182056102e-05
2.004349770851845974e-05
1.993232992258647847e-05
1.981686630376577814e-05
1.969717318235739240e-05
1.957327451260664007e-05
1.944524373319253812e-05
1.931318650288015232e-05
1.917714332587392126e-05
1.903721855671945242e-05
1.889346953129886133e-05
1.874597635263266452e-05
1.859484438057520047e-05
1.844016887798565469e-05
1.828204695095337443e-05
1.812062237752356457e-05
1.795596907877840842e-05
1.778821563231798735e-05
1.761746487467527811e-05
1.744382676651802213e-05
1.726741896128671696e-05
1.708838728480623114e-05
1.690687739784593342e-05
1.672301115124768950e-05
1.653690701814443845e-05
1.634870152594346615e-05
1.615854205206547823e-05
1.596656664089647580e-05
1.577289964406541147e-05
1.557767566824214744e-05
1.538105380973374531e-05
1.518316373426911561e-05
1.498415114574963576e-05
1.478417111842529471e-05
1.458336288115960761e-05
1.438184645857321500e-05
1.417975283633804807e-05
1.397724888078603646e-05
1.377447646683126794e-05
1.357154993518203074e-05
1.336859687974296267e-05
1.316576802836689388e-05
1.296318093243973345e-05
1.276094457648305018e-05
1.255920513046087374e-05
1.235810699724895756e-05
1.215773636472014981e-05
1.195820061540090019e-05
1.175964685676455371e-05
1.156218232438783676e-05
1.136588499543464965e-05
1.117086590056640969e-05
1.097724592706979209e-05
1.078510605783898670e-05
1.059453117631495265e-05
1.040562325027419749e-05
1.021846876688955746e-05
1.003312683171850348e-05
9.849683518829320259e-06
9.668214532105750175e-06
9.488807012749228724e-06
9.311483554618143441e-06
9.136331221572030733e-06
8.963421106380123536e-06
8.792794847968844288e-06
8.624476346696266727e-06
8.458520195679669488e-06
8.295000540062314563e-06
8.133931233895708824e-06
7.975319727303261291e-06
7.819214637289078026e-06
7.665676727118876947e-06
7.514678615405579128e-06
7.366235845373838195e-06
7.220406610160530940e-06
7.077197040737099122e-06
6.936571642230038950e-06
6.798545854908734959e-06
6.663175865647199255e-06
6.530432900329954588e-06
6.400266770148412771e-06
6.272697730394576022e-06
6.147760288857714641e-06
6.025399785920988568e-06
5.905573267534764464e-06
5.788298844953733435e-06
5.673588876102697738e-06
5.561354889781704651e-06
5.451576191761894446e-06
5.344285391504126763e-06
5.239449465097946172e-06
5.136961250292754012e-06
5.036818109537398508e-06
4.939062710820368675e-06
4.843609448511851060e-06
4.750372778227498238e-06
4.659353971502409778e-06
4.570570895484697559e-06
4.483919883010576674e-06
4.399336346497877376e-06
4.316830103630679073e-06
4.236397050240492026e-06
4.157898341016020198e-06
4.081311004654962190e-06
4.006668619421687614e-06
3.933906464835462779e-06
3.862893831604089568e-06
3.793620599242301247e-06
3.726133315809976138e-06
3.660317350053169070e-06
3.596081178349261631e-06
3.533423645587515213e-06
3.472368224034016764e-06
3.412776556306061212e-06
3.354594841779513683e-06
3.297839621998474018e-06
3.242498835917681835e-06
3.188416632435963647e-06
3.135581486472814705e-06
3.084039383162363787e-06
3.033711627703744828e-06
2.984472379587816980e-06
2.936320207301649484e-06
2.889309111873147536e-06
2.843319646855179140e-06
2.798276768887229706e-06
2.754187593867553192e-06
2.711083669871577126e-06
2.668823724943425139e-06
2.627378965633653771e-06
2.586782011582554978e-06
2.547016952094836781e-06
2.507943962698054432e-06
2.469566609097725512e-06
2.431944738040503672e-06
2.394995028986953164e-06
2.358625843419793340e-06
2.322842314336618930e-06
2.287700825801237746e-06
2.253090953471009376e-06
2.218968370842938483e-06
2.185344449401471010e-06
2.152259399087433620e-06
2.119587032142704269e-06
2.087327444186595359e-06
2.055520211982937475e-06
2.024151913579135465e-06
1.993119771585051016e-06
1.962437396466922431e-06
1.932163401500603262e-06
1.902222773682389750e-06
1.872566872443249986e-06
1.843204850633236966e-06
1.814186274423818551e-06
1.785430642441463481e-06
1.756930226694628873e-06
1.728702250364496671e-06
1.700788785917621879e-06
1.673099571116514833e-06
1.645653025232409254e-06
1.618483888291927410e-06
1.591579716763772405e-06
1.564889669753537817e-06
1.538430095238358638e-06
1.512255363738208144e-06
1.486309392838969237e-06
1.460570157586079562e-06
1.435019511579110041e-06
1.409667760400037749e-06
1.384425682782195351e-06
1.359275990262551618e-06
1.334205699279140869e-06
1.309224757839531853e-06
1.284265057259753573e-06
1.259332632043963293e-06
1.234443912854832252e-06
1.209600005040413580e-06
1.184810431691193398e-06
1.160119344414120328e-06
1.135590449176807917e-06
1.111223560357880066e-06
1.087055633086054347e-06
1.063123769628594552e-06
1.039488607641588311e-06
1.016143606825080073e-06
9.931127273000277216e-07
9.704118798221086377e-07
9.480789380210942064e-07
9.261188020921790281e-07
9.045429142650392639e-07
8.833499497387294145e-07
8.625317582874010380e-07
8.420955603501197361e-07
8.220329800152422718e-07
8.023429401952216597e-07
7.830104805844033566e-07
7.640415784812303981e-07
7.454106791039398138e-07
7.271153503589110295e-07
7.091442786879745756e-07
6.914934390946373908e-07
6.741381131375952191e-07
6.570804473102445957e-07
6.403194430350666844e-07
6.238434947069482844e-07
6.076343386189986103e-07
5.916824972748959868e-07
5.759980399040698725e-07
5.605754832245111454e-07
5.453986865867526379e-07
5.304572882809533202e-07
5.157608239734418960e-07
5.013141158329465033e-07
4.870997431868933547e-07
4.731184026158390275e-07
4.593810494520630936e-07
4.458784601293796158e-07
4.326080159282639427e-07
4.195737471853487332e-07
4.067814034748063311e-07
3.942183401366158323e-07
3.818962913726040139e-07
3.698122089152277980e-07
3.579719773262724262e-07
3.463731877958840330e-07
3.350139513820155838e-07
3.239040141725012617e-07
3.130416710706380240e-07
3.024109002846430943e-07
2.920355677200292238e-07
2.819055510449107679e-07
2.720088189850187558e-07
2.623547177992112420e-07
2.529475320058839071e-07
2.437840402863291321e-07
2.348591562986906929e-07
2.261683448071995234e-07
2.177206568522848600e-07
2.095105892429141936e-07
2.015281183658082324e-07
1.937832692117496393e-07
1.862711438638256171e-07
1.789874519620340097e-07
1.719234822338796124e-07
1.650855766446365129e-07
1.584616946994949302e-07
1.520473844210916051e-07
1.458438261870781812e-07
1.398488885166250760e-07
1.340552707056814572e-07
1.284596811711099539e-07
1.230606611989692375e-07
1.178524011498800589e-07
1.128318801955759658e-07
1.079894771997045459e-07
1.033216678191759130e-07
9.882304868640701861e-08
9.449366313901374441e-08
9.032846162952829794e-08
8.632495659235023019e-08
8.247988234418994900e-08
7.878395315332033610e-08
7.522998799460702275e-08
7.181323627893683513e-08
6.853487590992767918e-08
6.538851768960701578e-08
6.237486375982405664e-08
5.948800210760605019e-08
5.672124255892363690e-08
5.406559863496131497e-08
5.152045156527364676e-08
4.908312227326948095e-08
4.675543866095389540e-08
4.453451983318663561e-08
4.240260474691594128e-08
4.035579557775058378e-08
3.840705246589571352e-08
3.655142382908465663e-08
3.477533389004700315e-08
3.307400214590596758e-08
3.145201461370591028e-08
2.990610264995523667e-08
2.842860233955917489e-08
2.702069159917062754e-08
2.567712637722427285e-08
2.439423354502400645e-08
2.317444219469304900e-08
2.201458484541963934e-08
2.090465725434868205e-08
1.984621925712290759e-08
1.884284887808474818e-08
1.788600952701530211e-08
1.697406376252453352e-08
1.610886943924760273e-08
1.528317632904591142e-08
1.449775632764608363e-08
1.375334693802404076e-08
1.304471343758066974e-08
1.236732349081166259e-08
1.172947158700443849e-08
1.111954341994504313e-08
1.053730023850538496e-08
9.991562881981192886e-09
9.469372899495762320e-09
8.972902462875489604e-09
8.501160822040398940e-09
8.054755147484446679e-09
7.632341129919704751e-09
7.228516134226417820e-09
6.846026556710428192e-09
6.485336332741474092e-09
6.140903825738646376e-09
5.813944485200186712e-09
5.504795909492051169e-09
5.213855722843680254e-09
4.934569738229986859e-09
4.669809057091380653e-09
4.421288854081175745e-09
4.186154064803365393e-09
3.961231725720789998e-09
3.747578979154041564e-09
3.547172164884068871e-09
3.357571822837575116e-09
3.176336762556615359e-09
3.003975092642890083e-09
2.843267357655314855e-09
2.689333970844949239e-09
2.542252343528864231e-09
2.404626613921946793e-09
2.275744001634005008e-09
2.151918564067928198e-09
2.033154792997897539e-09
1.923426047186229990e-09
1.819570497238317223e-09
1.719609403180357704e-09
1.624292390470972321e-09
1.536203938032692675e-09
1.451743440435731051e-09
1.370773207188015475e-09
1.294271863472400123e-09
1.223653447606387329e-09
1.155029933006838326e-09
1.089395486532295040e-09
1.028074101979562332e-09
9.708885611351601590e-10
9.150570915538716069e-10
8.616588596140591247e-10
8.128787704859212434e-10
7.659355056668143608e-10
7.205514903761395778e-10
6.770513833137382659e-10
6.372228689319237783e-10
5.986322261405690674e-10
5.617608733085070525e-10
5.267271613556046440e-10
4.944312029939071123e-10
4.623501533899391860e-10
4.315182884032270970e-10
4.029979068645573088e-10
3.760780947586473612e-10
3.498459940601806337e-10
3.244580706216484808e-10
3.013922992553305910e-10
2.790714918031638501e-10
2.577084863761955900e-10
2.371009391061684699e-10
2.186269212934839125e-10
2.009019736017089044e-10
1.841710708712044891e-10
1.682209789195609165e-10
1.537432443042249986e-10
1.399798190459375236e-10
1.271503678783265924e-10
1.156148566427252689e-10
1.049603064550440111e-10
9.520072089004435545e-11
8.628503695352238012e-11
7.894592690508104139e-11
7.238620649738552684e-11
6.644271774804846016e-11
6.113715146208025259e-11
5.718940876496467436e-11
5.346285799905860779e-11
5.009850769566916165e-11
4.751775145047297321e-11
4.564950514771833765e-11
4.385673823333404922e-11
4.215434067696153309e-11
4.079661676977597967e-11
3.942918455460603490e-11
3.771119051805687826e-11
3.586923162350065068e-11
3.420022576124111143e-11
3.209087928756263780e-11
2.990340757413569473e-11
2.748752607441564967e-11
2.504837375562195239e-11
2.240675271074286559e-11
1.996180485852735444e-11
1.756182202351464811e-11
1.558902289017032784e-11
1.377711596484264199e-11
1.233924200232226573e-11
1.140274931128109854e-11
1.070423847775575783e-11
1.031842755931267549e-11
1.013148011844300435e-11
1.019251525370442857e-11
1.015005609200897508e-11
9.906157492563225877e-12
9.460078357281115647e-12
8.923444980871474033e-12
8.172999007839698201e-12
7.145618570282497671e-12
6.067218082909388502e-12
5.198023975935887383e-12
4.550577983937073227e-12
3.993015320039084050e-12
3.771641820709865432e-12
3.865336897347289123e-12
4.038316799587811895e-12
4.054482552527784146e-12
4.066481945070279179e-12
3.863735571537941088e-12
3.367881036607021953e-12
2.782108653852968696e-12
2.313289534445048592e-12
1.916294805010450318e-12
1.762122308098938790e-12
1.867446044877853518e-12
2.024583296681122503e-12
2.088845233705152639e-12
2.060776586887400135e-12
1.755952274727590709e-12
1.406011184245551647e-12
1.108596184811664587e-12
9.417674296474272952e-13
1.041007519091460001e-12
1.156220589364560047e-12
1.249819043139770599e-12
1.128373838893838269e-12
8.798787295877076129e-13
6.434769837725006821e-13
5.642438954726185224e-13
6.669514247680494637e-13
7.801850406306651526e-13
7.670651534229266985e-13
5.851022599016920005e-13
4.081020459380681793e-13
3.656988905543647761e-13
4.731884289611193811e-13
5.427375523475553068e-13
4.612193950604699540e-13
2.931726543977116001e-13
2.441265067056120744e-13
3.306566673300522105e-13
3.917586608003465208e-13
2.942441670223511478e-13
1.777663604555898494e-13
1.956941981990114676e-13
2.872476844876745697e-13
2.468034653614368003e-13
1.357025222343253437e-13
1.394133412623449274e-13
2.220592159566580934e-13
1.750402738533375483e-13
8.995909908467560435e-14
1.285057633523002179e-13
1.767049756699452492e-13
9.031386994844574957e-14
7.685239201491751794e-14
1.394096637708091172e-13
9.304712625869671506e-14
4.817281160818706041e-14
1.169358707972457302e-13
7.017634539368377903e-14
4.396159835958421880e-14
9.585526061241366291e-14
4.639837492396482016e-14
4.453746130303716960e-14
8.144689473062892248e-14
1.439756913625944832e-14
7.232762787556730599e-14
2.701032559984405289e-14
4.125097368827576539e-14
4.369873502678329806e-14
2.049829349082497555e-14
4.703916427277261391e-14
1.351605361647145134e-14
4.154500616962316281e-14
1.276990875728085276e-14
3.405446730887395731e-14
1.312427000232319987e-14
2.756687915098213946e-14
1.296585284670027464e-14
2.256952788295226315e-14
1.222377917359476515e-14
1.876743104689378638e-14
1.115844312666771522e-14
1.580650620763168853e-14
9.985001586188338541e-15
1.343360186484529025e-14
8.826940719362681328e-15
1.148701678042015760e-14
7.743945610200462121e-15
9.863492003877197016e-15
6.760020051870667414e-15
8.494154004727919756e-15
5.880869091678117588e-15
7.330454152244308358e-15
5.103298533417403999e-15
6.336381922422114853e-15
4.420079253397257854e-15
5.484114204751911053e-15
3.822432340721595962e-15
4.751489717545685969e-15
3.301288826779213710e-15
4.120465476047952512e-15
2.847914735018026753e-15
3.576119960033130014e-15
2.454203210978844778e-15
3.105974380303012775e-15
2.112790249409846961e-15
2.699508215644239316e-15
1.817076943385223512e-15
2.347799325516251217e-15
1.561203122160183410e-15
2.043247759426615888e-15
1.339997069474689651e-15
1.779358245936598880e-15
1.148915038001246604e-15
1.550565399358936040e-15
9.839781738156458493e-16
1.352091040991267484e-15
8.417110002916742612e-16
1.179826320451721038e-15
7.190836225183500684e-16
1.030233414301883890e-15
6.134586603195818091e-16
9.002629560959723636e-16
5.225432513317061827e-16
7.872842878269467180e-16
4.443460894274133251e-16
6.890262803293877425e-16
3.771392520956345713e-16
6.035269443321274070e-16
3.194244681924741879e-16
5.290904065317385273e-16
2.699034295526652627e-16
4.642500900828243641e-16
2.274517450001946115e-16
4.077371477274415322e-16
1.910961444478930581e-16
3.584533565014320823e-16
1.599945673266115073e-16
3.154478152375436468e-16
1.334187970140178771e-16
2.778968895421982380e-16
1.107393355899121667e-16
2.450869372052295641e-16
9.141224339247564621e-17
2.163994166828108111e-16
7.496769861741685871e-17
1.912980425772369815e-16
6.100005956787132120e-17
1.693176995000302659e-16
4.915923785985560562e-17
1.500548698624398932e-16
3.914321343635103692e-17
1.331593646326346691e-16
3.069154418410760947e-17
1.183271773781345559e-16
2.357973956001619810e-17
1.052943065407715361e-16
1.761438609331229337e-17
9.383141347015011977e-17
1.262892473835069122e-17
8.373920125436696316e-17
8.479995286342398921e-18
7.484441663421351363e-17
5.044271438688242326e-18
6.699638961896493627e-17
2.215722566394217585e-18
6.006403808668007960e-17
-9.675549921821113079e-20
5.393327398897074135e-17
-1.971389474750484777e-18
4.850475724048400233e-17
-3.475300182806874761e-18
4.369194980752295078e-17
-4.666034132699044541e-18
3.941942984853789803e-17
-5.592887011444351725e-18
3.562143063110870591e-17
-6.298047227016734323e-18
3.224057414979098681e-17
-6.817583597360375718e-18
2.922677313442249150e-17
-7.182298375855745880e-18
2.653627893538050418e-17
-7.418463540238711201e-18
2.413085564745956051e-17
-7.548456277234152899e-18
2.197706368940655264e-17
-7.591307377249410549e-18
2.004563798744338415e-17
-7.563174080204872127e-18
1.831094843768316123e-17
-7.477747935802489859e-18
1.675053127716234307e-17
-7.346606238075017245e-18
1.534468227418245353e-17
-7.179514929873980071e-18
1.407610327399289062e-17
-6.984689385170298200e-18
1.292959512510568696e-17
-6.769019033839367896e-18
1.189179069225091941e-17
-6.538260557484564688e-18
1.095092287673631312e-17
-6.297204144486624274e-18
1.009662272216454832e-17
-6.049816317590224169e-18
9.319743852131056929e-18
-5.799362718789264685e-18
8.612209640821179786e-18
-5.548513515234453044e-18
7.966880174672577700e-18
-5.299433781795701096e-18
7.377436376486777366e-18
-5.053861047302860410e-18
6.838279041037952040e-18
-4.813171687017924891e-18
6.344440865547132732e-18
-4.578437716701687285e-18
5.891509707149586445e-18
-4.350475371685776902e-18
5.475561678828175801e-18
-4.129886527002981805e-18
5.093102778447842729e-18
-3.917094027038836517e-18
4.741017913696121847e-18
-3.712371707738437832e-18
4.416526447837539191e-18
-3.515869895796832278e-18
4.117143372146702089e-18
-3.327636951432420935e-18
3.840645431487670290e-18
-3.147637483603772123e-18
3.585041547899492755e-18
-2.975767564043506253e-18
3.348547069856471313e-18
-2.811867479504125760e-18
3.129561325470103955e-18
-2.655732217446134902e-18
2.926648138090119908e-18
-2.507120066419746473e-18
2.738518934495104404e-18
-2.365759510301719820e-18
2.564018198130387449e-18
-2.231354612202990090e-18
2.402111007912761498e-18
-2.103589051003623579e-18
2.251872475955243309e-18
-1.982128938546037323e-18
2.112478928269397864e-18
-1.866624459099137599e-18
1.983200712738010687e-18
-1.756710476451872525e-18
1.863396541555587238e-18
-1.652006024475503618e-18
1.752509321746279399e-18
-1.552112791065050887e-18
