# bin_2_2
6.289337289014397841e-08
-5.671412104805684077e-08
5.903965795405462488e-08
-5.335603680571612569e-08
5.545779646193293877e-08
-5.016969177195245902e-08
5.213121387482674240e-08
-4.714300505683204513e-08
4.904539755851112960e-08
-4.426369527053936922e-08
4.618783540303316563e-08
-4.151919952723754729e-08
4.354798583843023490e-08
-3.889656935811054067e-08
4.111727962974682432e-08
-3.638234330551881642e-08
3.888915447360005724e-08
-3.396239537575931362e-08
3.685912186628823116e-08
-3.162175715439757143e-08
3.502486821937382591e-08
-2.934441273498742260e-08
3.338639015718431816e-08
-2.711306546205009370e-08
3.194616400979211743e-08
-2.490887620642606689e-08
3.070934957783024883e-08
-2.271117376111925525e-08
2.968402578171806895e-08
-2.049713986352678918e-08
2.888145451241546480e-08
-1.824147309710710252e-08
2.831636656057256313e-08
-1.591603972563423400e-08
2.800725916942891052e-08
-1.348952356778395785e-08
2.797669057847584754e-08
-1.092709212458541626e-08
2.825154999587308602e-08
-8.190104218284621650e-09
2.886327422695982439e-08
-5.235892146928256589e-09
2.984797151931375361e-08
-2.017663294755679525e-09
3.124640257195994701e-08
1.515422777058710456e-09
3.310375488566675939e-08
5.417931154766610577e-09
3.546913278812655765e-08
9.747496946796097831e-09
3.839467073665335227e-08
1.456374139343780005e-08
4.193416555992466435e-08
1.992664888691082562e-08
4.614111504342140660e-08
2.589429193060911599e-08
5.106605087900878995e-08
3.251979732822264739e-08
5.675306970600320978e-08
3.984747268825203306e-08
6.323550215494647112e-08
4.790806259177865654e-08
7.053072797775014256e-08
5.671319111130804143e-08
7.863425336463507671e-08
6.624917973295118891e-08
8.751332623920659314e-08
7.647061722945861548e-08
9.710058170965081324e-08
8.729430453680880286e-08
1.072884847736305772e-07
9.859449746523404294e-08
1.179256568849890787e-07
1.102007009026920039e-07
1.288165033406099526e-07
1.218995818134924692e-07
1.397258345676232973e-07
1.334427811046835170e-07
1.503902913392547830e-07
1.445623883152446449e-07
1.605381927007988892e-07
1.549954279507926632e-07
1.699187362410759492e-07
1.645176943019835176e-07
1.783400967749204780e-07
1.729854762341952559e-07
1.857137405357058297e-07
1.803810506124010374e-07
1.920992056599110154e-07
1.868544286608801766e-07
1.977400086007400903e-07
1.927502481650667650e-07
2.030780164243616724e-07
1.986060101087935553e-07
2.087319912905721773e-07
2.051077927126816891e-07
2.154280728361179598e-07
2.129943293954282096e-07
2.238779353629384942e-07
2.229119237209987491e-07
2.346157302057510672e-07
2.352416601233817512e-07
2.478268681259655888e-07
2.499440119237756326e-07
2.632250661480987915e-07
2.664863103761734275e-07
2.800479799797920183e-07
2.839219591710116934e-07
2.972304700980736896e-07
3.011604369308886513e-07
3.137633719123100949e-07
3.173939139776222586e-07
3.291528083439189093e-07
3.325404212214384772e-07
3.437875621316913163e-07
3.474707730115273496e-07
3.589646553426176583e-07
3.637870534860954339e-07
3.764028425366417950e-07
3.830931429180124424e-07
3.973405894743019773e-07
4.060405307628130090e-07
4.216913556295995942e-07
4.317748283588259716e-07
4.479495779012916397e-07
4.584132710235921908e-07
4.742513387372235277e-07
4.845657673606953235e-07
5.000886974490939684e-07
5.108585517908477112e-07
5.272136709336721814e-07
5.398561675352055338e-07
5.584132726177552033e-07
5.738342042886153601e-07
5.947795037329348365e-07
6.123347424301356927e-07
6.344289927681406627e-07
6.527159481895621120e-07
6.750115536229833916e-07
6.940021976048887496e-07
7.175849335322776199e-07
7.391518395517585839e-07
7.659972622568015142e-07
7.913487701475761554e-07
8.213598010577003711e-07
8.491455002349839184e-07
8.805313023242260230e-07
9.096574768080310606e-07
9.429186741339049865e-07
9.754271033121038674e-07
1.013091445566370779e-06
1.050438011722461360e-06
1.091972876679427951e-06
1.132108319571900481e-06
1.175722244040309275e-06
1.218833072976568414e-06
1.266886630426446032e-06
1.315693879604681455e-06
1.368932957387057578e-06
1.421557178198612245e-06
1.477491953684205019e-06
1.533642413081422556e-06
1.594738296251698339e-06
1.656914502447364743e-06
1.722665834534504453e-06
1.787823295213422834e-06
1.856463932192270932e-06
1.926313089012292173e-06
2.000255617763944072e-06
2.073755259605408716e-06
2.149363306076187436e-06
2.225216935601559003e-06
2.304601638949418627e-06
2.383285690005407972e-06
2.462847995936217139e-06
2.541621598723154528e-06
2.622666289387881695e-06
2.701774229666792085e-06
2.780400661203994178e-06
2.857488024635862900e-06
2.934993233953088011e-06
3.008661075309554151e-06
3.081195542624337355e-06
3.151422011477059465e-06
3.219384784226454585e-06
3.283036309339307475e-06
3.345818744133965489e-06
3.404030886862553509e-06
3.459693823302689583e-06
3.512604525463425116e-06
3.562680680273471371e-06
3.609525890204822330e-06
3.655617606115581786e-06
3.697933189919474806e-06
3.740711257722644991e-06
3.780987960469313258e-06
3.821745521167178507e-06
3.861885577568306502e-06
3.902490804373104042e-06
3.943728699979838458e-06
3.985660705235714750e-06
4.028609027570142626e-06
4.072354554435337099e-06
4.116816023670228703e-06
4.161772673260349114e-06
4.206700345502426675e-06
4.251467196779625945e-06
4.295317643801387961e-06
4.338310236565412177e-06
4.379734837171762850e-06
4.419964559186131157e-06
4.458548136827716234e-06
4.496226433473806407e-06
4.532851139377161051e-06
4.569416564162053689e-06
4.605906543404875755e-06
4.643282795993747133e-06
4.681354738514373154e-06
4.720735673402151429e-06
4.760830344913252473e-06
4.801795781441162889e-06
4.842705992905664519e-06
4.883514147552633611e-06
4.923368151220465242e-06
4.962487322114024070e-06
5.000517082121936053e-06
5.038193320845819796e-06
5.075639378041640629e-06
5.113786456466803307e-06
5.152672841584008754e-06
5.192777836573742988e-06
5.233537345635188526e-06
5.274802417945021600e-06
5.315682511172056499e-06
5.356080603175107437e-06
5.395626238543522567e-06
5.434936718711384691e-06
5.474304795056684259e-06
5.514553036624098957e-06
5.555649119887376910e-06
5.597623560540785971e-06
5.639664624352871360e-06
5.681434770106764332e-06
5.722489273451018153e-06
5.763348451343210174e-06
5.804427104283957551e-06
5.846436796197504060e-06
5.889178266222402920e-06
5.932311377004459648e-06
5.975023876284653226e-06
6.017303280892043440e-06
6.059422446021858808e-06
6.102205536588396055e-06
6.145728744701805296e-06
6.189681595801032756e-06
6.233254098277674589e-06
6.276452833570756492e-06
6.319723765293889462e-06
6.363770290696352953e-06
6.408305768568673227e-06
6.452726374143407999e-06
6.496645981558353547e-06
6.540731806989662580e-06
6.585448767331088303e-06
6.630551307717786057e-06
6.675252300512476572e-06
6.719750432391178656e-06
6.764689785490047849e-06
6.810123075682705361e-06
6.855238829397200173e-06
6.900087952435097674e-06
6.945340079186656027e-06
6.990948453661819620e-06
7.036150881991095977e-06
7.081270084206173511e-06
7.126822624217387628e-06
7.172308938527990310e-06
7.217455566444878539e-06
7.262902513282612188e-06
7.308339112822926789e-06
7.353430214313513461e-06
7.398768692799459061e-06
7.444004552444067824e-06
7.488859394490761014e-06
7.534008872861707992e-06
7.578856793597644264e-06
7.623417540159057783e-06
7.668208136292247107e-06
7.712483596782830874e-06
7.756816913686361646e-06
7.800811866630433469e-06
7.844619443463272541e-06
7.888315570191822338e-06
7.931544713431765820e-06
7.974711961593386117e-06
8.017404361761415422e-06
8.059960294238606725e-06
8.101995444490894225e-06
8.143831086982900594e-06
8.185190885511843238e-06
8.226220899913216513e-06
8.266723196929691349e-06
8.306884431011600110e-06
8.346482612945027536e-06
8.385618204841884879e-06
8.424161673657591432e-06
8.462210106135236516e-06
8.499605996462775658e-06
8.536402496139993234e-06
8.572495317419609467e-06
8.607963306210403073e-06
8.642665105120798979e-06
8.676641562321380248e-06
8.709812633266859853e-06
8.742217150645696265e-06
8.773740414987864689e-06
8.804402036151525842e-06
8.834170435133212510e-06
8.863041216560468258e-06
8.890933556219861842e-06
8.917848377147565025e-06
8.943745622311694704e-06
8.968600549378326597e-06
8.992352657444616250e-06
9.014995225486735646e-06
9.036471448372970189e-06
9.056743570256231186e-06
9.075756471544437797e-06
9.093494431414124646e-06
9.109907050173091783e-06
9.124964615369739150e-06
9.138627858203475201e-06
9.150898766472548559e-06
9.161726123115237867e-06
9.171102301733264500e-06
9.178983215056410182e-06
9.185364930925590826e-06
9.190181555827499327e-06
9.193410977360416168e-06
9.195004789899839903e-06
9.194949359669819946e-06
9.193183075503629737e-06
9.189697734512692010e-06
9.184471391955992714e-06
9.177492996997719488e-06
9.168732915402307674e-06
9.158178013096443607e-06
9.145798505242214724e-06
9.131575614628227190e-06
9.115479940524170123e-06
9.097498485307339174e-06
9.077628205369218966e-06
9.055864349520926257e-06
9.032198188692570022e-06
9.006611588375915324e-06
8.979080703668142256e-06
8.949583510520653728e-06
8.918116928046492580e-06
8.884704325083287216e-06
8.849357215677398342e-06
8.812087436057881612e-06
8.772885333513728395e-06
8.731743887006043832e-06
8.688661954419567795e-06
8.643673470331064140e-06
8.596809777828871504e-06
8.548084316416370708e-06
8.497494579696685750e-06
8.445053815416547624e-06
8.390788050370538636e-06
8.334736921627935595e-06
8.276927572181285348e-06
8.217385803937048562e-06
8.156144165119310252e-06
8.093248892166212194e-06
8.028743702264576904e-06
7.962644722828785343e-06
7.894980066494209115e-06
7.825813383497195262e-06
7.755216401832025619e-06
7.683218693921776323e-06
7.609849319061632066e-06
7.535169825064722206e-06
7.459242768711953862e-06
7.382107993964340762e-06
7.303824421217976121e-06
7.224456701289687370e-06
7.144049290286541494e-06
7.062670375866431646e-06
6.980398259767118613e-06
6.897261757276824015e-06
6.813314071608271683e-06
6.728648172271893430e-06
6.643317859312141887e-06
6.557375911164711131e-06
6.470897450442871199e-06
6.383930628605520685e-06
6.296557170235522012e-06
6.208818299043950161e-06
6.120792767831193044e-06
6.032540093607166675e-06
5.944104944187588698e-06
5.855568890367103139e-06
5.766995124129500861e-06
5.678431139235042440e-06
5.589928015208872528e-06
5.501560597264700423e-06
5.413377293647819506e-06
5.325436005328752049e-06
5.237785108730156630e-06
5.150479325810718455e-06
5.063581611417074362e-06
4.977123692974386185e-06
4.891166341301702599e-06
4.805763169388204857e-06
4.720947628684076047e-06
4.636762157544511807e-06
4.553251375258979050e-06
4.470468185281265669e-06
4.388438408224212774e-06
4.307195863580087077e-06
4.226780206258507157e-06
4.147234101660315340e-06
4.068572570730874787e-06
3.990829215109195855e-06
3.914043190433261904e-06
3.838238881224174742e-06
3.763423775037419158e-06
3.689628767677048323e-06
3.616890278429796945e-06
3.545215464557307592e-06
3.474610382637912284e-06
3.405096898685136352e-06
3.336702872913489461e-06
3.269428010571690226e-06
3.203274405717586945e-06
3.138258485369912578e-06
3.074400523592337809e-06
3.011683816156962039e-06
2.950114395740660167e-06
2.889712706150683960e-06
2.830478254114094005e-06
2.772387726784688856e-06
2.715446844714166055e-06
2.659676315969239344e-06
2.605058010849401029e-06
2.551567939362552242e-06
2.499212649245139565e-06
2.448002351448412739e-06
2.397906647022931322e-06
2.348906999929360898e-06
2.301011630977594731e-06
2.254218345639688073e-06
2.208484741601169914e-06
2.163802887615454911e-06
2.120186206199678895e-06
2.077612537919083553e-06
2.036035825173408723e-06
1.995452045146220543e-06
1.955877613777126244e-06
1.917271154446271186e-06
1.879598007573057857e-06
1.842855643595327680e-06
1.807051525378927016e-06
1.772132633645453131e-06
1.738076034893519197e-06
1.704885872893671822e-06
1.672554772092596719e-06
1.641020197658035690e-06
1.610274974554495001e-06
1.580334234829855989e-06
1.551163909983441376e-06
1.522708577005519618e-06
1.494965404980204264e-06
1.467951382186815866e-06
1.441616517916886251e-06
1.415922286187186469e-06
1.390870047898532734e-06
1.366467064295564441e-06
1.342651163716082771e-06
1.319402880989995050e-06
1.296734938075240995e-06
1.274634004122089786e-06
1.253034999893306694e-06
1.231934274791142577e-06
1.211356736922568732e-06
1.191260908884702619e-06
1.171598751431425384e-06
1.152370541162112304e-06
1.133599346355559017e-06
1.115231204265689289e-06
1.097238061635728460e-06
1.079624425938834576e-06
1.062403873849410732e-06
1.045511436007083277e-06
1.028939931098960886e-06
1.012706996495632888e-06
9.968002245818863272e-07
9.811615991781881598e-07
9.657949711351784124e-07
9.507285432017358777e-07
9.359219177920239787e-07
9.213426529552328319e-07
9.069957524073496897e-07
8.929031511375825593e-07
8.790181227125199422e-07
8.653261835902543843e-07
8.518347068140713447e-07
8.385583476170578890e-07
8.254420213854719200e-07
8.124889581896963342e-07
7.997184595865569608e-07
7.871176224047532377e-07
7.746491191844123590e-07
7.623176497294577411e-07
7.501518200524127725e-07
7.381175252938839208e-07
7.262020850854880417e-07
7.144096411035459901e-07
7.027630394886189365e-07
6.912253409503876558e-07
6.797976484953843378e-07
6.684874906376574933e-07
6.573085122384686827e-07
6.462235542224933738e-07
6.352417349277006125e-07
6.243776343444232668e-07
6.136189711194382475e-07
6.029426171123321214e-07
5.923477131975070092e-07
5.818473065868974365e-07
5.714110326302026151e-07
5.610286565487823599e-07
5.506952086769349231e-07
5.404202208709300977e-07
5.301739694608929009e-07
5.199576747621693366e-07
5.097743578437283745e-07
4.996312263935952812e-07
4.895139750733530669e-07
4.794366265407878677e-07
4.694197112832801516e-07
4.594663350759366797e-07
4.495839676441290340e-07
4.397857829916171781e-07
4.300956268233445412e-07
4.205123559251022975e-07
4.110503597706864234e-07
4.017170125945909110e-07
3.925296178940339803e-07
3.834814976254252202e-07
3.745827849673037879e-07
3.658356210618150841e-07
3.572438896542122101e-07
3.488030554801113681e-07
3.405161788107066030e-07
3.323838803894053535e-07
3.243977849649117976e-07
3.165574607032430905e-07
3.088603312991832706e-07
3.013063345292697337e-07
2.938854119103389948e-07
2.865976581289566502e-07
2.794373355370056408e-07
2.724034055970028974e-07
2.654888466920956655e-07
2.586937027552962395e-07
2.520114285915115720e-07
2.454393432142851000e-07
2.389788734039835510e-07
2.326255869197577817e-07
2.263747819287580081e-07
2.202260110447620282e-07
2.141809914379197637e-07
2.082342754461670101e-07
2.023859690443472205e-07
1.966344807909227385e-07
1.909840061089925270e-07
1.854293698769859124e-07
1.799689481795781168e-07
1.746077070587147557e-07
1.693451603224091253e-07
1.641773473042989055e-07
1.591060902702158494e-07
1.541346102928124192e-07
1.492615763413433728e-07
1.444841170270434984e-07
1.398046882193264828e-07
1.352265074295288017e-07
1.307472010904516447e-07
1.263636598337283225e-07
1.220808640324071921e-07
1.178990886176382576e-07
1.138147818665108835e-07
1.098266199039128663e-07
1.059393166934592843e-07
1.021521100269434455e-07
9.846015834042806074e-08
9.486438783099610812e-08
9.136732310723065929e-08
8.796735874538442536e-08
8.466006654998677067e-08
8.144791180935150594e-08
7.833060987435097695e-08
7.530583191155844334e-08
7.237040042717611982e-08
6.952651239133357699e-08
6.677125837008039992e-08
6.410280654703191587e-08
6.151972183762249530e-08
5.902241511666496529e-08
5.660762328160015517e-08
5.427362042127917980e-08
5.202040654909941373e-08
4.984489550186519841e-08
4.774575104023614905e-08
4.572032420598767844e-08
4.376828889914803674e-08
4.188703042883207465e-08
4.007582061866980396e-08
3.833077699587083281e-08
3.665211213850419268e-08
3.503787126882392616e-08
3.348569802994480098e-08
3.199301945673427036e-08
3.055903161028353521e-08
2.918234438680428890e-08
2.786002674125893473e-08
2.659143756675811609e-08
2.537434822303771253e-08
2.420709665345947927e-08
2.308784637864767452e-08
2.201524857001353690e-08
2.098682696609593038e-08
2.000249399714039495e-08
1.906118283819672225e-08
1.815942105727498738e-08
1.729511860833156341e-08
1.647019688162431783e-08
1.568323473691684169e-08
1.492962775999281657e-08
1.420848531901770922e-08
1.352146892489812290e-08
1.286602754430985820e-08
1.223787827226501395e-08
1.163821383853410797e-08
1.106742367500975717e-08
1.052209680419999395e-08
1.000060772196050247e-08
9.504656971341048453e-09
9.032993695980536039e-09
8.582570420867776855e-09
8.153007952749692618e-09
7.744704756624386816e-09
7.356370955705715464e-09
6.985437309142832884e-09
6.631639311983936545e-09
6.295832328676408037e-09
5.976211887702677826e-09
5.671701668636486193e-09
5.381883317180414606e-09
5.107840870479784154e-09
4.846288939882246347e-09
4.597059417564831713e-09
4.360275778431130766e-09
4.135245883858600290e-09
3.921094935267309942e-09
3.717893639919507419e-09
3.525947835999212034e-09
3.343556564895497602e-09
3.169258068461290369e-09
3.003016047618869843e-09
2.846318500101297042e-09
2.697611822200958860e-09
2.556655723756064310e-09
2.422620344106128200e-09
2.295769475055277236e-09
2.174104461521647317e-09
2.058480092671551735e-09
1.949925147555963164e-09
1.847801159909730365e-09
1.749533554554623906e-09
1.655557156453784880e-09
1.567600832779697870e-09
1.484559496028798664e-09
1.404954815643351961e-09
1.328919002775089511e-09
1.257680325153993778e-09
1.190296361727618235e-09
1.125590385439570391e-09
1.063684289028885074e-09
1.006045066192575958e-09
9.513619120879940551e-10
8.985957790657339273e-10
8.483201468563117339e-10
8.014413689804799163e-10
7.568382347160464115e-10
7.134349235390475656e-10
6.728446558794160136e-10
6.347556865444852711e-10
5.978648881975463642e-10
5.621463195334735601e-10
5.292852391757169306e-10
4.976268291247884315e-10
4.670387173799150852e-10
4.381910149974155119e-10
4.110633628170228756e-10
3.846659411089563636e-10
3.593305090544068658e-10
3.353935732272108810e-10
3.132646595099429863e-10
2.913260952696808790e-10
2.703190666643486296e-10
2.510257873425591591e-10
2.323721364273020010e-10
2.145535601426606204e-10
1.975055101644761837e-10
1.819905330007031299e-10
1.669375501629902933e-10
1.527653944246531974e-10
1.392852067493242049e-10
1.272916712308805288e-10
1.156893413896237473e-10
1.049531461309242380e-10
9.517042440410424282e-11
8.642980730990884271e-11
7.837040786557750190e-11
7.102325043624043027e-11
6.472042971384767205e-11
5.916358019324681785e-11
5.426726930423571490e-11
4.996790785703997471e-11
4.655661238725497686e-11
4.358636033321967423e-11
4.107858424760784261e-11
3.907862852829803193e-11
3.751874972618796514e-11
3.611011029561279001e-11
3.477365033468888238e-11
3.366398119709834815e-11
3.254243742769478535e-11
3.129930015885316164e-11
2.986658634379428888e-11
2.849114691640234819e-11
2.678287494552781630e-11
2.490597376615039944e-11
2.282598504596365359e-11
2.078670165422299696e-11
1.860077532779996433e-11
1.650467328018051430e-11
1.451750286259693636e-11
1.280868760718437124e-11
1.127544100225023867e-11
1.008149587577170039e-11
9.262229038389448627e-12
8.747305379731634632e-12
8.459244539503036841e-12
8.350182019668559052e-12
8.385971664290524738e-12
8.380481942867171258e-12
8.250332410462363168e-12
7.941074390855237543e-12
7.452193917060558740e-12
6.751569775378926218e-12
5.912536140913374893e-12
5.065829374109252169e-12
4.272410828934468468e-12
3.654971122047031017e-12
3.253868632044321151e-12
3.123924434762861391e-12
3.153119715888017116e-12
3.305842675852805750e-12
3.404167868748764283e-12
3.397713254659921907e-12
3.189110090889214211e-12
2.814734155017416310e-12
2.313802095966853627e-12
1.880350835018298057e-12
1.561748506262373005e-12
1.445311163904981712e-12
1.518217365738182745e-12
1.666212416375099443e-12
1.759974031912424780e-12
1.708068185382630662e-12
1.471304750249153542e-12
1.161212763065316795e-12
8.883685130517508042e-13
7.785868277510132921e-13
8.363030833860199962e-13
9.737370400765037828e-13
1.037862360034422519e-12
9.430880267362681042e-13
7.255757424779668550e-13
5.247042133184591523e-13
4.567271987529058881e-13
5.467156538792917146e-13
6.519302195078788463e-13
6.414755384760155249e-13
4.858014568493668147e-13
3.293617498653446217e-13
2.961069572365744365e-13
3.916692303404401418e-13
4.543667197282392068e-13
3.846457690199191341e-13
2.383998347230096151e-13
1.967266423336680913e-13
2.726560687042708303e-13
3.299702034630460806e-13
2.436544438055374913e-13
1.424037153842897635e-13
1.595968072003983087e-13
2.410526970214669683e-13
2.053972100039666432e-13
1.098202295907227076e-13
1.125597228304993457e-13
1.866101431315766022e-13
1.458278608338337035e-13
7.117328602532701955e-14
1.060487540013595516e-13
1.488407101265502890e-13
7.295072760180619100e-14
6.222937864797684958e-14
1.169208359673451435e-13
7.709122334336579830e-14
3.758776424272709772e-14
9.865924701852934168e-14
5.758149918435599281e-14
3.508288069350238870e-14
8.069022805253851932e-14
3.770921001429434386e-14
3.606748654122184388e-14
6.891726603260585340e-14
1.000444192700246756e-14
6.124813623938636602e-14
2.145598957938392830e-14
3.424210615236870523e-14
3.643076311842370188e-14
1.627719464162087377e-14
3.962620774429031337e-14
1.038204545898082640e-14
3.502033613627834803e-14
9.935452197553805198e-15
2.863059833546880479e-14
1.042679453403207392e-14
2.309754796494759396e-14
1.044207101406175517e-14
1.885258618736124413e-14
9.922700835889820055e-15
1.563906750125492070e-14
9.100727724788232939e-15
1.314813218394594351e-14
8.167917210280788053e-15
1.115939660766692935e-14
7.235037939787428508e-15
9.532623202667134865e-15
6.356441176223700154e-15
8.178717635996947557e-15
5.554839490992450370e-15
7.038601294216881402e-15
4.836631986856559983e-15
6.070873599461972528e-15
4.200202110881129537e-15
5.244989068610441461e-15
3.640222038853880007e-15
4.537453391443709906e-15
3.149860746215276250e-15
3.929621889467048529e-15
2.721911143151545346e-15
3.406359178244446209e-15
2.349356315198246121e-15
2.955177422992899325e-15
2.025640671094571518e-15
2.565652405812238946e-15
1.744783985975707932e-15
2.229008738521859785e-15
1.501411550200681671e-15
1.937813145526334753e-15
1.290740121633509387e-15
1.685740055455954351e-15
1.108541596404031572e-15
1.467387670201331100e-15
9.510966336103546865e-16
1.278130621148374807e-15
8.151450765747471559e-16
1.114000017206309801e-15
6.978369470738999108e-16
9.715845652362329463e-16
5.966860215162347033e-16
8.479482672981415577e-16
5.095269691212306173e-16
7.405613979986983325e-16
4.344764347002872506e-16
6.472422769137250103e-16
3.698981031267372708e-16
5.661079191507123717e-16
3.143715914854840796e-16
4.955320562699389645e-16
2.666649122597467722e-16
4.341093212236826058e-16
2.257102058482397830e-16
3.806246196833590390e-16
1.905824265317698884e-16
3.340268858813792470e-16
1.604806719134039911e-16
2.934065594354582478e-16
1.347118623789648335e-16
2.579762303989732477e-16
1.126764986176897129e-16
2.270539882339793427e-16
9.385624984321115418e-17
2.000490839791928951e-16
7.780314972935994445e-17
1.764495743426243501e-16
6.413020053301192297e-17
1.558116665311909807e-16
5.250320866180764147e-17
1.377505244863553088e-16
4.263369501761747267e-17
1.219323318455115811e-16
3.427274237409153744e-17
1.080674368797104653e-16
2.720565872657122064e-17
9.590442940975634284e-17
2.124735045450818520e-17
8.522502133534169975e-17
1.623831260852432983e-17
7.583962003274365402e-17
1.204115535747701301e-17
6.758349996436699671e-17
8.537595885683938651e-18
6.031349048478889858e-17
5.625854113755684996e-18
5.390510974484557446e-17
3.218398931950545138e-18
4.825008375763993156e-17
1.239998064252655405e-18
4.325419855027469455e-17
-3.739686311553973835e-19
3.883544016211885504e-17
-1.678967850884538082e-18
3.492238357151385823e-17
-2.722573865184833443e-18
3.145279695400528873e-17
-3.545558399417770233e-18
2.837243223169278804e-17
-4.182832416506518175e-18
2.563397680158644600e-17
-4.664259685922039601e-18
2.319614478433336080e-17
-5.015359357753231768e-18
2.102288909280806188e-17
-5.257912587251428505e-18
1.908271797119779610e-17
-5.410486124927685045e-18
1.734810222350358451e-17
-5.488884127789721440e-18
1.579496080363888674e-17
-5.506537911897465587e-18
1.440221437563151630e-17
-5.474842023594566061e-18
1.315139778690004575e-17
-5.403443994221648731e-18
1.202632352737102727e-17
-5.300494005112593152e-18
1.101278944811428267e-17
-5.172859966260646257e-18
1.009832484148132519e-17
-5.026312730305135624e-18
9.271969725186280253e-18
-4.865685455491167718e-18
8.524083011292924211e-18
-4.695010771008228537e-18
7.846175687190051733e-18
-4.517638668436262591e-18
7.230765663843714451e-18
-4.336337833803671693e-18
6.671251515794621459e-18
-4.153382687589238024e-18
6.161802534236141273e-18
-3.970628080579417133e-18
5.697262997028035168e-18
-3.789573373566238315e-18
5.273068761366097751e-18
-3.611417336193129933e-18
4.885174567869080353e-18
-3.437105188031355272e-18
4.529990660442726913e-18
-3.267368816407998390e-18
4.204327489305534907e-18
-3.102761172160890652e-18
3.905347456999331736e-18
-2.943685602654966229e-18
3.630522779230217910e-18
-2.790420876035289626e-18
3.377598677588005295e-18
-2.643142481227876354e-18
3.144561214743850029e-18
-2.501940712345397834e-18
2.929609160574289352e-18
-2.366836020657512395e-18
2.731129386925022488e-18
-2.237791979367536197e-18
2.547675345541346326e-18
-2.114726234253064732e-18
2.377948218243048613e-18
-1.997519705377444980e-18
2.220780428266411972e-18
-1.886024262565219093e-18
2.075121202000743512e-18
-1.780069136316044556e-18
1.940023938870493910e-18
-1.679466196093980549e-18
1.814635169594400909e-18
-1.584014256492084492e-18
1.698184922496497943e-18
-1.493502555309094303e-18
1.589978320138643865e-18
-1.407713488448083246e-18
1.489388294888722826e-18
-1.326424703297846847e-18
1.395849287906699505e-18
-1.249410617038753234e-18
1.308851848666159578e-18
-1.176443412884068301e-18
