# bin_2_1
5.950097827239636349e-08
-5.517573082294136205e-08
5.584467671586069454e-08
-5.196314183558765488e-08
5.242484289043535605e-08
-4.893339335989117197e-08
4.922508247117312016e-08
-4.607649374381447525e-08
4.623031566457706967e-08
-4.338286532476383920e-08
4.342666411868401437e-08
-4.084333753517075075e-08
4.080135009424962895e-08
-3.844913584043742172e-08
3.834260734017318137e-08
-3.619186785085679615e-08
3.603960200915707067e-08
-3.406350633595865919e-08
3.388236308187163562e-08
-3.205637016969765591e-08
3.186172106275233475e-08
-3.016310291861056278e-08
2.996925452893017071e-08
-2.837664987250720560e-08
2.819724352833361025e-08
-2.669023328042174931e-08
2.653862947973482239e-08
-2.509732641225376872e-08
2.498698085487684053e-08
-2.359162637750039992e-08
2.353646401548252031e-08
-2.216702626144590841e-08
2.218181857837372167e-08
-2.081758677995898756e-08
2.091833645414017262e-08
-1.953750826647837639e-08
1.974184376461393688e-08
-1.832110343429073154e-08
1.864868446477114942e-08
-1.716277233765383201e-08
1.763570414311295449e-08
-1.605698047884096298e-08
1.670023237658290592e-08
-1.499824227187664583e-08
1.584006130619064576e-08
-1.398111177850013377e-08
1.505341779628875826e-08
-1.300018383363125256e-08
1.433892580828107027e-08
-1.205010871725619554e-08
1.369555523617902000e-08
-1.112562450867136174e-08
1.312255294144173632e-08
-1.022161129389636560e-08
1.261935123172589018e-08
-9.333171910862573985e-09
1.218544932356171586e-08
-8.455743336138879711e-09
1.182026387750715329e-08
-7.585241989954901423e-09
1.152294608832925848e-08
-6.718244016946847277e-09
1.129216569666175317e-08
-5.852198391538100761e-09
1.112586654571219463e-08
-4.985664848549921597e-09
1.102100483604987586e-08
-4.118561666452616182e-09
1.097328991804947122e-08
-3.252397948398606692e-09
1.097695851570371089e-08
-2.390453204930625044e-09
1.102462623540842838e-08
-1.537853502841832242e-09
1.110727354764763414e-08
-7.014810439135515600e-10
1.121443452113803632e-08
1.103549691609649444e-10
1.133466157016401212e-08
8.885574648295754189e-10
1.145633175343676424e-08
1.624245644377976710e-09
1.156883279898219284e-08
2.310138456966491512e-09
1.166411151089320458e-08
2.942259963131872434e-09
1.173847788110239627e-08
3.521802147660252471e-09
1.179443517545456943e-08
4.056844651137588054e-09
1.184216210112204881e-08
4.563486454536039723e-09
1.190013967654647053e-08
5.065836392809215996e-09
1.199434968611186784e-08
5.594306227322302048e-09
1.215555392531323042e-08
6.181840829421094755e-09
1.241448326348841458e-08
6.858184810931560996e-09
1.279538285443375943e-08
7.643047752256866861e-09
1.330924145260428912e-08
8.539980240461600227e-09
1.394897267612814417e-08
9.533592790485424922e-09
1.468937667078914669e-08
1.059289011134072627e-08
1.549426175998835432e-08
1.168229913782673221e-08
1.633105462761654971e-08
1.277903275047024506e-08
1.718950268276888721e-08
1.389118036291555394e-08
1.809675355641590057e-08
1.506718871992756590e-08
1.911878592669934563e-08
1.638741049769556407e-08
2.034134773249527416e-08
1.793531758028321716e-08
2.183426052730560672e-08
1.975972996193917625e-08
2.361805342942279514e-08
2.185315697037850770e-08
2.566076530208662621e-08
2.417157324261268498e-08
2.792117203485667724e-08
2.669619064028362718e-08
3.041839420774802021e-08
2.949550621658703226e-08
3.326916502520018439e-08
3.272324182624050060e-08
3.663979462658500246e-08
3.653010951434125747e-08
4.063774669761439125e-08
4.096680785265554553e-08
4.526130636006738196e-08
4.600709553415856101e-08
5.050126792453908156e-08
5.170336501114727490e-08
5.649757807687144799e-08
5.827888590325085650e-08
6.351583357874136331e-08
6.598021841558318543e-08
7.172653537684001996e-08
7.488309285825909756e-08
8.114472592793880604e-08
8.502076069896062334e-08
9.190285480771113566e-08
9.665928843029259624e-08
1.043554288097700500e-07
1.101371014280304028e-07
1.187245050770485823e-07
1.255419049499655517e-07
1.350521702131581359e-07
1.430098768818333835e-07
1.536439732142936750e-07
1.629502501173813960e-07
1.748443582200708085e-07
1.855214236043432211e-07
1.986777108090201278e-07
2.108051951841545779e-07
2.254151797611277108e-07
2.391727066173997866e-07
2.552931435917397822e-07
2.706190567146665667e-07
2.882328942164114621e-07
3.052292928634660351e-07
3.244556681177148591e-07
3.430789386459004587e-07
3.637542615768028182e-07
3.839063686975128467e-07
4.060490603802242933e-07
4.276512747296898305e-07
4.509954324653603792e-07
4.737823096202187093e-07
4.981990909014778250e-07
5.219651188371816698e-07
5.470575662318484171e-07
5.714359519442473587e-07
5.969621733906479567e-07
6.215770979737306953e-07
6.470488145381120371e-07
6.715494924899066099e-07
6.966300955952509600e-07
7.205359703229743621e-07
7.448583370760322350e-07
7.678866068314269997e-07
7.910738851528691843e-07
8.129629022624279466e-07
8.348552537725137793e-07
8.554004683822463817e-07
8.759467409900074353e-07
8.951512399448018970e-07
9.143830423954369969e-07
9.324079812002482280e-07
9.504950241216853850e-07
9.675783799785598878e-07
9.847945492828703619e-07
1.001203889165931707e-06
1.017834253261089937e-06
1.033806884835947764e-06
1.050058593834588920e-06
1.065731030359935354e-06
1.081674233102550252e-06
1.097039260835225253e-06
1.112596940755685593e-06
1.127519858036062469e-06
1.142520761076176952e-06
1.156820925084969553e-06
1.171106103705231275e-06
1.184675499970187960e-06
1.198214033855120417e-06
1.211112451943842137e-06
1.224058208230712162e-06
1.236517508056919261e-06
1.249152953708932223e-06
1.261462763137130437e-06
1.274040181515922223e-06
1.286370166718481791e-06
1.298949019908495150e-06
1.311238490880895957e-06
1.323658989670882196e-06
1.335691662571008850e-06
1.347745307326646137e-06
1.359383793041059110e-06
1.371056372265355747e-06
1.382425752415984571e-06
1.393959385398049649e-06
1.405353143967531524e-06
1.417007285355919650e-06
1.428566949147057026e-06
1.440320975598929333e-06
1.451875388819961245e-06
1.463483594669698593e-06
1.474822497285855010e-06
1.486214598297669263e-06
1.497451353284895181e-06
1.508883410363149525e-06
1.520296819980436060e-06
1.531931465132727946e-06
1.543481565030227708e-06
1.555104248787677007e-06
1.566536312973944701e-06
1.578022950237635092e-06
1.589435745993469215e-06
1.601051529672612393e-06
1.612692736899234048e-06
1.624487297550933362e-06
1.636173087951937972e-06
1.647886864307703274e-06
1.659511245064373424e-06
1.671293436150373444e-06
1.683123072133788721e-06
1.695098776638803541e-06
1.706992755606892333e-06
1.718914329849643249e-06
1.730802439786599549e-06
1.742863033254623737e-06
1.754965586698308811e-06
1.767133932685703073e-06
1.779213283093875026e-06
1.791376663156607984e-06
1.803602876556373837e-06
1.815954090659776798e-06
1.828244060682773435e-06
1.840566551624875587e-06
1.852931691284917904e-06
1.865428067645023449e-06
1.877882675461252844e-06
1.890358110579300465e-06
1.902880584315789663e-06
1.915514398647812119e-06
1.928098462362330142e-06
1.940715669804831532e-06
1.953389064222917409e-06
1.966118262233810397e-06
1.978809941295016460e-06
1.991579838078762674e-06
2.004357146688802540e-06
2.017146106119388754e-06
2.029971862931893198e-06
2.042823307684619994e-06
2.055638175921054257e-06
2.068538342873065803e-06
2.081404736452565803e-06
2.094265999183069671e-06
2.107175343913491094e-06
2.120059150572211923e-06
2.132947494968773671e-06
2.145824111577512745e-06
2.158694864553330392e-06
2.171581194192718482e-06
2.184406309798134280e-06
2.197250103422713554e-06
2.210051963369367928e-06
2.222853774235983122e-06
2.235585950359088073e-06
2.248315240035608361e-06
2.260997131371049458e-06
2.273641029299925681e-06
2.286214426819258575e-06
2.298768390236380445e-06
2.311252798207788496e-06
2.323677324300781181e-06
2.336022609593415948e-06
2.348317917808065741e-06
2.360522880066196560e-06
2.372647234887755729e-06
2.384677411845488086e-06
2.396634787536734009e-06
2.408477913612771723e-06
2.420219176123922433e-06
2.431845245616093508e-06
2.443361623843729090e-06
2.454738170452747741e-06
2.465982830407546467e-06
2.477091288607013160e-06
2.488051295972480625e-06
2.498847608851776349e-06
2.509476798457290404e-06
2.519936806884764988e-06
2.530211062575723249e-06
2.540290747196521862e-06
2.550167367699389231e-06
2.559838398994998794e-06
2.569283743483715225e-06
2.578499869610691077e-06
2.587484179372225344e-06
2.596227533196026770e-06
2.604713891011436971e-06
2.612939203237644005e-06
2.620905741568720940e-06
2.628600611685695100e-06
2.636011990052186464e-06
2.643132812700739519e-06
2.649956584646803348e-06
2.656469752932702988e-06
2.662659975522106989e-06
2.668519982054203977e-06
2.674035948097562208e-06
2.679190005776407091e-06
2.683971861571078447e-06
2.688379045736520631e-06
2.692395622848481634e-06
2.696014950103465414e-06
2.699227147644564794e-06
2.702033810124024430e-06
2.704419981574211526e-06
2.706380856740556724e-06
2.707902593183981410e-06
2.708985071282930154e-06
2.709607496893693396e-06
2.709767978544386350e-06
2.709448574141673534e-06
2.708645941526834474e-06
2.707350126480644863e-06
2.705563684313629154e-06
2.703275115844778210e-06
2.700484121914095635e-06
2.697173848309863062e-06
2.693338121286603142e-06
2.688967616510189389e-06
2.684059692334046245e-06
2.678608127291662677e-06
2.672619015004535107e-06
2.666090056632905253e-06
2.659020049943484657e-06
2.651396863217268915e-06
2.643220235127221999e-06
2.634474922865602681e-06
2.625163744285409934e-06
2.615286686159691503e-06
2.604857801421810507e-06
2.593871792683082535e-06
2.582330020659465848e-06
2.570225808425038162e-06
2.557568871721012370e-06
2.544358854303580605e-06
2.530609755276649733e-06
2.516316638641656207e-06
2.501485128863136258e-06
2.486112339244719869e-06
2.470218511336561340e-06
2.453812059579828707e-06
2.436902136477029086e-06
2.419476187690709625e-06
2.401552214185453727e-06
2.383148438682945566e-06
2.364280095612792623e-06
2.344946418404055700e-06
2.325159829332503272e-06
2.304930828283728263e-06
2.284280380998396325e-06
2.263209426902348735e-06
2.241741361276209472e-06
2.219898781241244557e-06
2.197689726831934525e-06
2.175112079038259655e-06
2.152196277240630053e-06
2.128960686690943172e-06
2.105420818622482943e-06
2.081588102192472505e-06
2.057489627349570027e-06
2.033127564843464926e-06
2.008532687884866527e-06
1.983720838182002552e-06
1.958702840422636951e-06
1.933498307401485671e-06
1.908133821889016312e-06
1.882614831227577102e-06
1.856971418916483342e-06
1.831210133527633079e-06
1.805363375098720553e-06
1.779439123214622055e-06
1.753456086421437401e-06
1.727433873456134572e-06
1.701389178509534204e-06
1.675341972108138022e-06
1.649309117047548793e-06
1.623303231872091945e-06
1.597342438281384700e-06
1.571447671585577939e-06
1.545628303938290731e-06
1.519901241486821810e-06
1.494289871195750615e-06
1.468799359010309583e-06
1.443447600498516477e-06
1.418246913220959406e-06
1.393216126330773678e-06
1.368364292981848786e-06
1.343702486174910676e-06
1.319243515766523516e-06
1.295002404913160519e-06
1.270988003755409588e-06
1.247209439024639274e-06
1.223676072968360942e-06
1.200402148911074712e-06
1.177391491567352931e-06
1.154653224447342321e-06
1.132198017538011658e-06
1.110034250777136535e-06
1.088163535257893563e-06
1.066593505178955330e-06
1.045333962306186240e-06
1.024389531318004249e-06
1.003758968582531079e-06
9.834508655135926534e-07
9.634711095160479248e-07
9.438196878052324203e-07
9.244961680621750467e-07
9.055091888100985314e-07
8.868597151318482091e-07
8.685453691519451787e-07
8.505666125548094038e-07
8.329309747879396084e-07
8.156361329666937825e-07
7.986761033142103666e-07
7.820515317173796654e-07
7.657699067707352209e-07
7.498231115573893784e-07
7.342072654307250281e-07
7.189215825700455001e-07
7.039711655580905941e-07
6.893439347642323340e-07
6.750375329975849893e-07
6.610522708362901168e-07
6.473889352020308345e-07
6.340325934262545636e-07
6.209838463254441611e-07
6.082451219067326171e-07
5.958101999349597517e-07
5.836649222230408618e-07
5.718102429867193351e-07
5.602483197273635973e-07
5.489689377278799030e-07
5.379606577433841546e-07
5.272247069975056538e-07
5.167607602346863935e-07
5.065543332360752701e-07
4.965982672751263598e-07
4.868964047518946608e-07
4.774429594887939736e-07
4.682219486662275894e-07
4.592300923982004915e-07
4.504742145328974608e-07
4.419412310029081461e-07
4.336178027905338994e-07
4.255017277234851548e-07
4.175987983287428715e-07
4.098924077826262785e-07
4.023738377992747594e-07
3.950426488499034288e-07
3.879018840056873805e-07
3.809314616233590906e-07
3.741282716046655905e-07
3.674955970254973242e-07
3.610289118705798456e-07
3.547085247610446214e-07
3.485351726019075208e-07
3.425154527611168522e-07
3.366370054629661501e-07
3.308864819950298395e-07
3.252653402944552120e-07
3.197777713060063583e-07
3.144088757209634384e-07
3.091507524263057138e-07
3.040064598713335814e-07
2.989778864895910279e-07
2.940465320272585614e-07
2.892105010578537246e-07
2.844766973160429212e-07
2.798386566534448822e-07
2.752822406835796098e-07
2.708071846065137894e-07
2.664226942371060729e-07
2.621150500145957650e-07
2.578774862085835735e-07
2.537103662148975702e-07
2.496203704084785154e-07
2.455919515142137977e-07
2.416233793895897245e-07
2.377167902511723107e-07
2.338753818425616726e-07
2.300827323324735511e-07
2.263414625223263444e-07
2.226571963293900460e-07
2.190248841242853762e-07
2.154342630191810046e-07
2.118878671833651814e-07
2.083929748295873147e-07
2.049401383501629755e-07
2.015260520857829482e-07
1.981528882145023638e-07
1.948259953803125345e-07
1.915348916022171875e-07
1.882795415863385913e-07
1.850630393485016775e-07
1.818863180586056343e-07
1.787385784421248357e-07
1.756197342838970897e-07
1.725335153126108128e-07
1.694719452435451427e-07
1.664291647412335031e-07
1.634040405671399209e-07
1.604017782673723005e-07
1.574142251291821643e-07
1.544408492588989104e-07
1.514817990757376014e-07
1.485427000977344259e-07
1.456173429522712813e-07
1.427099421341275747e-07
1.398239852964163149e-07
1.369623434055793393e-07
1.341218632407011616e-07
1.313069419035894134e-07
1.285231737894507320e-07
1.257696562990945236e-07
1.230472836439683100e-07
1.203584412211306661e-07
1.177074445422094459e-07
1.150918335535146291e-07
1.125135376386457813e-07
1.099736473101279773e-07
1.074750159681265403e-07
1.050141465298027271e-07
1.025925156802736784e-07
1.002110128444539705e-07
9.786926119556825576e-08
9.556602685703479031e-08
9.330103819529688107e-08
9.107551828132405977e-08
8.888670378790769346e-08
8.673509964117230032e-08
8.461932669972203569e-08
8.254030681209767706e-08
8.049521021669931212e-08
7.848498340004883908e-08
7.650786562283576615e-08
7.456431128156944334e-08
7.265249091493515655e-08
7.077288610276417252e-08
6.892408166755283813e-08
6.710609342537470381e-08
6.531875733609858000e-08
6.356146800285529461e-08
6.183351107019171052e-08
6.013444161483495769e-08
5.846523339032900732e-08
5.682481604005469439e-08
5.521280455319777690e-08
5.362916235951429556e-08
5.207467096246325099e-08
5.054826712083615802e-08
4.904946123021056110e-08
4.757957793326687755e-08
4.613830621401380371e-08
4.472448118941145804e-08
4.333856162152661547e-08
4.198173555264557099e-08
4.065280153569232865e-08
3.935141303980577280e-08
3.807815227364280214e-08
3.683350593939227022e-08
3.561648482663151173e-08
3.442698310110452508e-08
3.326539779553759039e-08
3.213199077669553935e-08
3.102595799637123396e-08
2.994657743962691877e-08
2.889512483882269808e-08
2.787125172880852795e-08
2.687341316103184016e-08
2.590246656988076483e-08
2.495834746662137381e-08
2.404057975152451129e-08
2.314813401634190219e-08
2.228173502870791743e-08
2.144073214398001744e-08
2.062459828087150497e-08
1.983275521126702815e-08
1.906568872416913405e-08
1.832226245395674765e-08
1.760219285788381589e-08
1.690503169304180964e-08
1.623085691681889524e-08
1.557878828812130632e-08
1.494817472324255795e-08
1.433887548866051871e-08
1.375053723794644893e-08
1.318269583477074580e-08
1.263437987468533131e-08
1.210556079787391252e-08
1.159589754744433749e-08
1.110470312118189568e-08
1.063107418358787625e-08
1.017503629750002373e-08
9.736275751726615138e-09
9.313923291660815306e-09
8.907695580169822163e-09
8.517042565516064271e-09
8.141622015596754808e-09
7.780821071439742629e-09
7.434465276564847477e-09
7.101648529856811359e-09
6.782183376679118827e-09
6.475791219825103915e-09
6.181974550314533471e-09
5.899882292452942653e-09
5.629756418967229832e-09
5.371122680006176872e-09
5.123130339859683009e-09
4.885263841372342563e-09
4.657983658154655847e-09
4.440676593832395940e-09
4.232294587322925949e-09
4.032879325993393072e-09
3.842616490952536929e-09
3.660710853199656338e-09
3.486288385136900982e-09
3.319702060314915619e-09
3.160965014292973076e-09
3.009148691396785714e-09
2.863835825584806995e-09
2.725294664488503566e-09
2.593311339665929653e-09
2.467027054264646074e-09
2.346460203208511838e-09
2.231797077311282409e-09
2.122496704419865320e-09
2.017998452849605552e-09
1.918372950019566103e-09
1.823742677216415537e-09
1.733390831425789016e-09
1.647136922018361321e-09
1.564961286063873772e-09
1.486909333371319654e-09
1.412285664313634183e-09
1.341137387757082334e-09
1.273583313360719769e-09
1.209392141644098931e-09
1.148053153996166358e-09
1.089589479761246225e-09
1.034251237725345922e-09
9.814498868579946476e-10
9.310718797618725595e-10
8.830031223084868573e-10
8.374808449426037235e-10
7.940195362368265192e-10
7.525823541981650768e-10
7.130903712952741177e-10
6.757796580013390644e-10
6.399847374717449136e-10
6.057401482350090189e-10
5.732463635351100775e-10
5.423864796802054201e-10
5.127488760347314631e-10
4.844116094345651015e-10
4.576992476804955033e-10
4.321895068797410080e-10
4.075755827257401957e-10
3.840242964818640176e-10
3.617782964721877958e-10
3.405202316675745768e-10
3.200960302126466360e-10
3.006603495238284468e-10
2.822154752755727275e-10
2.643192339027092736e-10
2.470959081977296105e-10
2.308953535587957346e-10
2.154923017278462513e-10
2.005545318395107540e-10
1.861429574175602148e-10
1.726416602735425407e-10
1.597695319696273715e-10
1.474193588654511552e-10
1.356302481175025978e-10
1.247117048429677969e-10
1.143148259090859857e-10
1.044605756839984107e-10
9.519921171757884050e-11
8.668889123790401967e-11
7.867663573840126522e-11
7.117069753726945314e-11
6.430698418965086497e-11
5.813611902090332694e-11
5.256218160525252885e-11
4.749599330061053173e-11
4.314008900776286269e-11
3.937928187581319333e-11
3.608637916984697123e-11
3.319820816195319314e-11
3.091077275527684518e-11
2.891902382877327472e-11
2.725534839119230490e-11
2.601105583965672649e-11
2.507402863330425555e-11
2.428307244613808481e-11
2.355132914807161449e-11
2.286703550335062321e-11
2.218100278411917762e-11
2.135790584159744991e-11
2.043981072697667322e-11
1.955525316930587498e-11
1.845674711672235398e-11
1.718106384244939288e-11
1.569938371395522619e-11
1.421284115683922998e-11
1.266731884422591575e-11
1.121535162074124809e-11
9.842501621102992842e-12
8.619181890882620933e-12
7.487712866461063260e-12
6.634266602487762473e-12
6.117088803499359564e-12
5.830446911816615423e-12
5.648521393630861803e-12
5.579230768637867435e-12
5.651260082789231801e-12
5.738359293792694306e-12
5.685944469093974110e-12
5.451908303617388620e-12
5.115470453106207057e-12
4.663130777888845274e-12
4.061091696463701289e-12
3.411118940428270564e-12
2.850701981381205560e-12
2.442427910561303245e-12
2.136764458731753704e-12
2.045012964240832377e-12
2.118308537670253856e-12
2.245207097896980761e-12
2.316482701880552899e-12
2.356756755466088135e-12
2.206528547229429079e-12
1.920762422202277434e-12
1.579913435737376509e-12
1.252689798373531354e-12
1.019282087451773177e-12
9.577742656242247261e-13
1.001428443505544315e-12
1.144885104012542464e-12
1.208876767923148712e-12
1.180063794983378488e-12
1.014601412680102772e-12
7.809825831880262625e-13
5.898098555298243741e-13
5.010822904575501804e-13
5.626779991486087420e-13
6.603355010781085764e-13
7.221039322138518829e-13
6.495799176991705287e-13
4.954544891231348942e-13
3.408745054538484214e-13
2.982416162767466543e-13
3.659701419439363919e-13
4.520851125753841550e-13
4.443390809773093670e-13
3.307790241324033273e-13
2.145770546732830066e-13
1.930516009142191931e-13
2.657024649792232445e-13
3.160173172142752434e-13
2.648941544480057878e-13
1.576190466709952122e-13
1.253354374498618090e-13
1.861025551931678881e-13
2.299271982056007524e-13
1.670248848702007529e-13
9.016307792568119219e-14
1.060236130344683229e-13
1.673335283465489441e-13
1.422387233491384939e-13
7.034702261466829198e-14
7.383471226992101121e-14
1.299148684867944080e-13
1.007240396327982906e-13
4.398227029048191732e-14
7.197940448792928240e-14
1.041179429554002532e-13
4.785929228567570146e-14
3.996025702205102136e-14
8.200434437776008433e-14
5.210750544041564073e-14
2.297047305472472831e-14
6.920030000660746814e-14
3.880104582376559324e-14
2.190530797303270213e-14
5.688161759807823896e-14
2.449909963621043303e-14
2.374505027239510113e-14
4.857835345204729400e-14
4.559602531432509592e-15
4.322707152163609700e-14
1.363280717329230513e-14
2.322263881450040811e-14
2.529962411554824486e-14
1.000194825871593114e-14
2.801649770169788386e-14
5.853480496889771243e-15
2.479899664689515537e-14
5.779731800339205669e-15
2.019906075778912301e-14
6.378737154246307016e-15
1.621594533947799851e-14
6.587377854965870481e-15
1.317940530985282555e-14
6.365706233375380942e-15
1.089900333725809067e-14
5.892653313574412587e-15
9.144463888669670081e-15
5.316183392967874307e-15
7.751973970566651111e-15
4.722632406930591468e-15
6.617922313714049874e-15
4.155348124789301866e-15
5.677027181617353776e-15
3.633464297789725827e-15
4.886413024901898741e-15
3.163522773514714615e-15
4.216324364523226521e-15
2.745779410319225115e-15
3.645002069464476536e-15
2.377487505755229753e-15
3.155836667978562694e-15
2.054592987454869246e-15
2.735728774392420324e-15
1.772609199601486769e-15
2.374097060744267978e-15
1.527064737260102018e-15
2.062245088068902060e-15
1.313725602605579915e-15
1.792935648396629458e-15
1.128696317556458826e-15
1.560090828448615813e-15
9.684556293429843376e-16
1.358571922539487768e-15
8.298570786778835908e-16
1.184012414965602750e-15
7.101112255872841578e-16
1.032687744862894629e-15
6.067589824485897459e-16
9.014115406736528059e-16
5.176413997381645527e-16
7.874515330561081128e-16
4.408689105282727373e-16
6.884605084194245403e-16
3.747916826266627264e-16
6.024190243679970976e-16
3.179719330299039665e-16
5.275874988877352292e-16
2.691585913807200961e-16
4.624658841662996989e-16
2.272644260697080201e-16
4.057595537219957750e-16
1.913455894395794556e-16
3.563503301111551380e-16
1.605834522740347457e-16
3.132717995197035482e-16
1.342685544058295466e-16
2.756882240884179987e-16
1.117864803289210083e-16
2.428764897683140225e-16
9.260546689249449954e-17
2.142106254242348697e-16
7.626555685593952169e-17
1.891485079806205318e-16
6.236912384635635280e-17
1.672204309043005225e-16
5.057260840495342953e-17
1.480192648603483448e-16
4.057931963195238763e-17
1.311919813052976517e-16
3.213317195315694869e-17
1.164323448688454625e-16
2.501324050615208409e-17
1.034746090026733846e-16
1.902903190609363653e-17
9.208807435490503567e-17
1.401637921170440851e-17
8.207238907740495657e-17
9.833880861441079188e-18
7.325348837434667541e-17
6.359813159839460822e-18
6.548008472008252221e-17
3.489454598294755525e-18
5.862063297043714019e-17
1.132768162596280486e-18
5.256070523856088713e-17
-7.876055546834930772e-19
4.720071947551308345e-17
-2.338085342621261460e-18
4.245397343426360351e-17
-3.575652292596380352e-18
3.824494259530235127e-17
-4.549149773810764079e-18
3.450780608138658314e-17
-5.300407374439330197e-18
3.118516975771347887e-17
-5.865212480616612371e-18
2.822695982392207091e-17
-6.274149744624373203e-18
2.558946389883677635e-17
-6.553326284697657409e-18
2.323449968540381857e-17
-6.724997861166576108e-18
2.112869412339647985e-17
-6.808109465976909088e-18
1.924285809509239039e-17
-6.818761786405009473e-18
1.755144397215666802e-17
-6.770613633009283686e-18
1.603207478608032150e-17
-6.675228944098954508e-18
1.466513557768304170e-17
-6.542375908903589235e-18
1.343341851225387480e-17
-6.380284709015370296e-18
1.232181463952000587e-17
-6.195869513450952577e-18
1.131704607808637337e-17
-5.994919582489487810e-18
1.040743325588096434e-17
-5.782263720887182296e-18
9.582692524552319285e-18
-5.561911698219132130e-18
8.833760167620070424e-18
-5.337175832279750386e-18
8.152639235388137989e-18
-5.110775404784360292e-18
7.532266281095893360e-18
-4.884926331792975931e-18
6.966395285133667396e-18
-4.661418065348601998e-18
6.449496562499997770e-18
-4.441679537985368221e-18
5.976668642347720806e-18
-4.226835626013216582e-18
5.543561456769903770e-18
-4.017755491992184041e-18
5.146309314272007595e-18
-3.815093888532892967e-18
4.781472416279315216e-18
-3.619326453218612220e-18
4.445985767121748796e-18
-3.430779794003783860e-18
4.137114549594827661e-18
-3.249657135516713860e-18
3.852415098302366357e-18
-3.076060118642273142e-18
3.589700760537975553e-18
-2.910007321890752280e-18
3.347012006249024737e-18
-2.751449954686225790e-18
3.122590245458069390e-18
-2.600285137303047026e-18
2.914854869722391185e-18
-2.456367103233620046e-18
2.722383112839910028e-18
-2.319516638231265863e-18
2.543892360181809174e-18
-2.189528987113760937e-18
2.378224608354690835e-18
-2.066180482502019840e-18
2.224332791510209405e-18
-1.949234052467437287e-18
2.081268746579533487e-18
-1.838443801169853579e-18
1.948172603742139018e-18
-1.733558770123531306e-18
1.824263431435846366e-18
-1.634326034708624181e-18
1.708830977666092446e-18
-1.540493208174585204e-18
1.601228371433463180e-18
-1.451810465965736902e-18
1.500865662796946071e-18
-1.368032145845408751e-18
1.407204106321049328e-18
-1.288918002296449215e-18
1.319751095886170276e-18
-1.214234164329710407e-18
1.238055667192584585e-18
-1.143753845357497055e-18
