# bin_4_3
8.335540269641222183e-08
-7.174296516292063453e-08
7.877011867958634025e-08
-6.703297627481094033e-08
7.460674450332111089e-08
-6.245868917857095698e-08
7.085948943834594245e-08
-5.798821448366403000e-08
6.752819137553574862e-08
-5.358610235335690695e-08
6.461880258896073647e-08
-4.921263100552565601e-08
6.214401265289385038e-08
-4.482296395359588119e-08
6.012401977647596866e-08
-4.036616251519677639e-08
5.858746602994017626e-08
-3.578403717119378916e-08
5.757255004838852158e-08
-3.100982227941404776e-08
5.712833222527440148e-08
-2.596666311600880722e-08
5.731624170102812707e-08
-2.056590236078525212e-08
5.821179527770567063e-08
-1.470516127340126472e-08
5.990652711148901741e-08
-8.266219195519355946e-09
6.251012159829835808e-08
-1.112707052499179052e-09
6.615272399674006288e-08
6.912353596225744777e-09
7.098738508014096942e-08
1.598910580611766146e-08
7.719256605710980256e-08
2.632341992580173535e-08
8.497459411788631453e-08
3.814932893503980780e-08
9.456991055503051170e-08
5.173115143774764652e-08
1.062468921819033202e-07
6.736504870517468509e-08
1.203069547530732617e-07
8.537968154917151686e-08
1.370845589400148750e-07
1.061355396495701916e-07
1.569456384694645617e-07
1.300224110485616494e-07
1.802838648719088867e-07
1.574543501931819844e-07
2.075140531734047652e-07
1.888614002758624923e-07
2.390619191639390423e-07
2.246772439315816606e-07
2.753493387092305018e-07
2.653219251493993976e-07
3.167742649336253435e-07
3.111788390431670043e-07
3.636845728237227591e-07
3.625653732389778995e-07
4.163453793414986558e-07
4.196969704463097594e-07
4.748998963937410328e-07
4.826450358786278448e-07
5.393246931652347057e-07
5.512901146352429982e-07
6.093814454937559085e-07
6.252731787777643668e-07
6.845688856122918215e-07
7.039497226683420275e-07
7.640807398169169332e-07
7.863536289806513645e-07
8.467778510172761926e-07
8.711802632461255373e-07
9.311851777336384134e-07
9.568006223991943703e-07
1.015526442663882030e-06
1.041319964904153764e-06
1.097810086385961417e-06
1.122694227518938107e-06
1.175978731535339939e-06
1.198914398516205171e-06
1.248129161921035219e-06
1.268261368092465758e-06
1.312799366700392042e-06
1.329620224513530277e-06
1.369302370974263947e-06
1.382822852043693996e-06
1.418063417758213907e-06
1.428962058554823104e-06
1.460889951587000114e-06
1.470593341512919357e-06
1.501078786463676247e-06
1.511720057203963292e-06
1.543252505690022989e-06
1.557457261278772084e-06
1.592832688979704789e-06
1.613305376331725730e-06
1.655117741761006929e-06
1.684052319488288703e-06
1.734049169176944967e-06
1.772466057488771024e-06
1.830915807403328048e-06
1.878118047193166494e-06
1.943421947338254127e-06
1.996831728509930341e-06
2.065650173212589987e-06
2.121276025022903857e-06
2.189364583818742590e-06
2.242998450990282785e-06
2.306713619918946295e-06
2.355639592984730003e-06
2.413690799935206161e-06
2.458271251952538776e-06
2.512899880219502762e-06
2.557100401370883666e-06
2.613737876438822599e-06
2.663785806282079533e-06
2.728710186918925842e-06
2.789917940402937414e-06
2.866607053292266040e-06
2.939800889248048883e-06
3.026111333813287209e-06
3.106258272573155063e-06
3.195072807366471611e-06
3.274221780475302954e-06
3.358498781192183129e-06
3.432196615518894122e-06
3.511477600821168185e-06
3.583743968688557664e-06
3.665981145539002461e-06
3.746868021013010434e-06
3.841591290306722646e-06
3.937174368697982630e-06
4.044862589999647683e-06
4.149388525260747463e-06
4.259631702404189578e-06
4.361483056478028156e-06
4.465936246185572498e-06
4.563726479369910349e-06
4.669250451042172354e-06
4.775786857756974021e-06
4.895805841425163216e-06
5.018718967260379406e-06
5.150851090306644905e-06
5.278292418640113976e-06
5.407216423126363389e-06
5.529126787736089423e-06
5.656686825705523754e-06
5.786552260437694789e-06
5.929787233165908472e-06
6.076573676701557782e-06
6.229346247472795537e-06
6.375510607259240605e-06
6.522172996417960657e-06
6.667083927666275176e-06
6.823417064882986777e-06
6.985706782240648965e-06
7.155488071089001103e-06
7.319304487351333417e-06
7.482208928422466475e-06
7.644102386083255905e-06
7.817715476859046780e-06
7.995889320643796049e-06
8.176049376884772196e-06
8.347633907316515662e-06
8.521558019648303072e-06
8.700585551811631171e-06
8.888147491152665071e-06
9.069075358746568797e-06
9.245771461029590440e-06
9.422502396857858667e-06
9.608661749333698854e-06
9.789956796214909889e-06
9.964278355538080202e-06
1.013606823675955795e-05
1.031568010473694408e-05
1.048773181420922219e-05
1.065159587108562461e-05
1.081497299828623731e-05
1.098195518909955774e-05
1.113526825397006688e-05
1.128532123111060621e-05
1.143708656731665842e-05
1.158126836363155887e-05
1.171501587283851057e-05
1.185475429383391631e-05
1.198369707371830766e-05
1.210732509950646450e-05
1.223365556029986154e-05
1.235188782341917018e-05
1.246693437242488843e-05
1.258690170416918972e-05
1.269538286244049982e-05
1.281356019537712378e-05
1.292436601755909103e-05
1.303970725993291111e-05
1.315609579561923383e-05
1.327191864344656753e-05
1.339345120137230071e-05
1.351283534627472553e-05
1.363835268452445531e-05
1.376193810991815446e-05
1.388996848715488054e-05
1.401627626515234707e-05
1.414479133305529885e-05
1.427132438238190152e-05
1.439810883769601378e-05
1.452257605455691256e-05
1.464614598321094412e-05
1.476757014044700593e-05
1.488805296298056437e-05
1.500737178314428646e-05
1.512670643620789195e-05
1.524643254557467294e-05
1.536752004637343725e-05
1.549038602993526412e-05
1.561543044461277617e-05
1.574263840148614071e-05
1.587164678575943576e-05
1.600192792022731792e-05
1.613262011234035015e-05
1.626312517761396796e-05
1.639275269881877522e-05
1.652149329866688530e-05
1.664938846809287069e-05
1.677724070240561074e-05
1.690565488413186610e-05
1.703563104721833086e-05
1.716744940335578000e-05
1.730136701494787820e-05
1.743669515107429426e-05
1.757285086692227932e-05
1.770875971868102503e-05
1.784410365436625269e-05
1.797867127594283111e-05
1.811326011113600015e-05
1.824854161133231996e-05
1.838549090476002617e-05
1.852412435843906786e-05
1.866418654518911934e-05
1.880456117201568757e-05
1.894460257343606079e-05
1.908387588080496093e-05
1.922309717001109054e-05
1.936303641771738716e-05
1.950455830208406647e-05
1.964737111849434428e-05
1.979076726748220003e-05
1.993364205456336195e-05
2.007593697424685759e-05
2.021821176223767737e-05
2.036157678875410843e-05
2.050613554857727227e-05
2.065124535024740152e-05
2.079576417165262931e-05
2.093967979184185386e-05
2.108376475425288623e-05
2.122894385627194247e-05
2.137474844938935095e-05
2.152015362843443742e-05
2.166466122334230286e-05
2.180922907301172995e-05
2.195455016803722658e-05
2.210011648426839641e-05
2.224477156509627388e-05
2.238878830748182187e-05
2.253315529084299590e-05
2.267782933879258341e-05
2.282158167276177629e-05
2.296444055004744043e-05
2.310740957123715920e-05
2.325031520954380911e-05
2.339201079159198424e-05
2.353291589754830560e-05
2.367376562952406264e-05
2.381374078214931018e-05
2.395244562766884010e-05
2.409073338356522263e-05
2.422808291366112819e-05
2.436396896047962569e-05
2.449924970067217091e-05
2.463327932591766742e-05
2.476564224446888783e-05
2.489728080723614938e-05
2.502722609415756916e-05
2.515545313953427992e-05
2.528269251014459565e-05
2.540774657344077998e-05
2.553143745600052470e-05
2.565307450685750114e-05
2.577284639886118510e-05
2.589077664087737315e-05
2.600629131879182460e-05
2.611992180672112246e-05
2.623097669783799144e-05
2.633989983369161144e-05
2.644606166800198398e-05
2.654986097352033859e-05
2.665081088215638785e-05
2.674905760314847883e-05
2.684424630204455819e-05
2.693660173222493773e-05
2.702573377671967306e-05
2.711172605756674206e-05
2.719431848118329735e-05
2.727360567421047678e-05
2.734926647247586519e-05
2.742131921756338711e-05
2.748954242917325428e-05
2.755399943575179481e-05
2.761443353664462335e-05
2.767084679272395118e-05
2.772304572820410637e-05
2.777102990936822780e-05
2.781457460426701130e-05
2.785366243148216801e-05
2.788815989995433887e-05
2.791799119628199084e-05
2.794300781163080113e-05
2.796317485782841172e-05
2.797837005793747805e-05
2.798852387696820057e-05
2.799352445764202623e-05
2.799332172646908554e-05
2.798779469911389319e-05
2.797688536041982596e-05
2.796051342551151398e-05
2.793864774151853653e-05
2.791118712037131931e-05
2.787807802069593185e-05
2.783925551932673502e-05
2.779472764712314340e-05
2.774438586762804565e-05
2.768823507744953093e-05
2.762621283364510638e-05
2.755831698755136674e-05
2.748448314132272184e-05
2.740472282880609476e-05
2.731901554820141570e-05
2.722739349049568567e-05
2.712979136162642677e-05
2.702623852925402180e-05
2.691676454559606044e-05
2.680139957321564336e-05
2.668011949740610279e-05
2.655298220059446672e-05
2.642005355132713795e-05
2.628139288298229296e-05
2.613703781292738774e-05
2.598706672032442564e-05
2.583154410888656170e-05
2.567056381208103388e-05
2.550417547328957682e-05
2.533248277313562374e-05
2.515558154921121111e-05
2.497353421165806705e-05
2.478648003247910827e-05
2.459458221536564245e-05
2.439791135529168216e-05
2.419662941395800908e-05
2.399084030732541028e-05
2.378066389358390577e-05
2.356626099376949837e-05
2.334776955438767744e-05
2.312533471920258715e-05
2.289918211576523295e-05
2.266941967737978869e-05
2.243622452987076676e-05
2.219974776753174821e-05
2.196014663466761062e-05
2.171759153336826358e-05
2.147227613893358856e-05
2.122441575063797610e-05
2.097417526323599145e-05
2.072170437417424923e-05
2.046719140926308585e-05
2.021084049334995498e-05
1.995283191852182793e-05
1.969333682936620671e-05
1.943253963703696661e-05
1.917063148483059729e-05
1.890778475521703050e-05
1.864418836695484974e-05
1.838004191287824843e-05
1.811552675620301314e-05
1.785078028510592719e-05
1.758597055793658601e-05
1.732131167627781672e-05
1.705697246902669286e-05
1.679308767090198818e-05
1.652980503910607380e-05
1.626732155278628154e-05
1.600577165580607331e-05
1.574527687730186023e-05
1.548600776464079169e-05
1.522814754423072969e-05
1.497178387918284988e-05
1.471704045514177275e-05
1.446409989386017770e-05
1.421308547195071385e-05
1.396407076281456563e-05
1.371719188534894182e-05
1.347259567529027148e-05
1.323036093128997097e-05
1.299057281648707808e-05
1.275335305796635280e-05
1.251879034720768584e-05
1.228693847346667212e-05
1.205788135263805584e-05
1.183169753920409705e-05
1.160848523990108067e-05
1.138823997060014531e-05
1.117105947176206084e-05
1.095702844486577835e-05
1.074617970866880726e-05
1.053852291587210194e-05
1.033411202800780953e-05
1.013303698844462129e-05
9.935283252121125078e-06
9.740841109037089797e-06
9.549752492217012024e-06
9.362080806076026023e-06
9.177763962277853872e-06
8.996811645754944144e-06
8.819291285495809926e-06
8.645205779241898781e-06
8.474484025559684533e-06
8.307138400924068063e-06
8.143230167036000672e-06
7.982698269549563658e-06
7.825452083812621185e-06
7.671509584759036583e-06
7.520915467373170268e-06
7.373585864082356568e-06
7.229454223646983724e-06
7.088537318431311755e-06
6.950838372582728466e-06
6.816215547786910362e-06
6.684632456109249799e-06
6.556137479752960524e-06
6.430687371522673684e-06
6.308132532125536702e-06
6.188461028605750316e-06
6.071723086081738601e-06
5.957793079620910659e-06
5.846557798336939194e-06
5.738024672632537609e-06
5.632219169295217685e-06
5.528982009721753581e-06
5.428217163625503838e-06
5.329940470533513070e-06
5.234159165973288926e-06
5.140681367794542773e-06
5.049468138645193400e-06
4.960563176789374386e-06
4.873892132047235515e-06
4.789287813225836541e-06
4.706728904982112681e-06
4.626269620560842945e-06
4.547762337037512509e-06
4.471095941209013692e-06
4.396260754753664812e-06
4.323286049236394479e-06
4.252002147040578348e-06
4.182347844904598240e-06
4.114333791414124583e-06
4.047950425363695711e-06
3.983001965169722591e-06
3.919465295118404528e-06
3.857402627645056258e-06
3.796730971188038151e-06
3.737285562923973739e-06
3.679066987341077567e-06
3.622158849045138741e-06
3.566391460388788762e-06
3.511674434707034484e-06
3.458024669989099206e-06
3.405477974964532280e-06
3.353868271526153973e-06
3.303152262459071351e-06
3.253371607846249946e-06
3.204511680090451683e-06
3.156397660465058307e-06
3.109048494922049732e-06
3.062530907879517821e-06
3.016745502719843274e-06
2.971575899386959786e-06
2.927042581715390768e-06
2.883220763486214932e-06
2.839978885615489161e-06
2.797262919206532199e-06
2.755093355713275251e-06
2.713524231414882518e-06
2.672398588846836000e-06
2.631711912715647708e-06
2.591517508206211939e-06
2.551804904939646545e-06
2.512449531558888506e-06
2.473464314540786121e-06
2.434928249227308551e-06
2.396753361707750854e-06
2.358888526985263717e-06
2.321354214194189984e-06
2.284219771883546756e-06
2.247383867284561033e-06
2.210846673884117614e-06
2.174631517408350966e-06
2.138792602121211915e-06
2.103231934014684635e-06
2.067977399829153995e-06
2.033066108237787926e-06
1.998492437589901270e-06
1.964185761109926338e-06
1.930144897939166071e-06
1.896398874258945495e-06
1.862852947503157348e-06
1.829463258099419153e-06
1.796187924590630230e-06
1.763036945475088047e-06
1.729915807585709736e-06
1.696818878738668716e-06
1.663736086374336560e-06
1.630702533619271810e-06
1.597681058035352267e-06
1.564725533050310797e-06
1.531900122635985072e-06
1.499247466273951209e-06
1.466798913932954970e-06
1.434613305277561981e-06
1.402775961040817331e-06
1.371299560407523217e-06
1.340233705830705405e-06
1.309608093115245559e-06
1.279472187731314483e-06
1.249820463658570965e-06
1.220683173684128889e-06
1.192071172024691033e-06
1.164001722576658012e-06
1.136448124876244056e-06
1.109404601337273679e-06
1.082864157678958252e-06
1.056821261498745418e-06
1.031273641978071454e-06
1.006205902582108165e-06
9.816098734475181869e-07
9.574517640760075291e-07
9.337178933151882182e-07
9.103933509116806364e-07
8.874822742134093624e-07
8.649592881308392691e-07
8.428223753038358651e-07
8.210505802653612839e-07
7.996262311907041812e-07
7.785546623072298785e-07
7.578318789195474248e-07
7.374351320586646428e-07
7.173623135386731295e-07
6.976146325822308921e-07
6.781870323741988209e-07
6.590719229790774118e-07
6.402594793827966417e-07
6.217699594430855802e-07
6.035941899163798744e-07
5.857248910565123844e-07
5.681662053256494757e-07
5.509235506564158845e-07
5.339914359645470657e-07
5.173761329563693787e-07
5.010838284323260930e-07
4.851097195269944859e-07
4.694526182229558327e-07
4.541196986768828836e-07
4.391104247679966954e-07
4.244184429907459547e-07
4.100521362176249608e-07
3.960173914134584676e-07
3.823050171556969012e-07
3.689185905092391903e-07
3.558550714658888455e-07
3.431206273834610955e-07
3.307145338959344957e-07
3.186319203974679523e-07
3.068572371534468134e-07
2.954080255847491475e-07
2.842882495917055733e-07
2.734693277585562467e-07
2.629656770773203107e-07
2.527761608914771477e-07
2.428928847264389137e-07
2.333093602122492220e-07
2.240203209705374048e-07
2.150295411988800965e-07
2.063265432053003800e-07
1.979089508653411205e-07
1.897754277321801806e-07
1.819128221963282465e-07
1.743177764921298954e-07
1.669839568190587651e-07
1.599102376680227181e-07
1.530884414474820391e-07
1.465111218280886018e-07
1.401730220843588114e-07
1.340681822815895173e-07
1.281928273924852856e-07
1.225372587999232679e-07
1.170977028044218415e-07
1.118693164313119715e-07
1.068452557059542895e-07
1.020154931262093308e-07
9.737974549698611689e-08
9.293018133199056057e-08
8.865701374112441287e-08
8.456175841067775244e-08
8.063769200428887681e-08
7.687724050044418244e-08
7.327332623061360225e-08
6.982347151407832851e-08
6.651523007152610663e-08
6.334839217088086196e-08
6.032493564907505593e-08
5.743543965515904920e-08
5.466320765621093067e-08
5.201582631060276462e-08
4.949339694397873910e-08
4.707936121220797839e-08
4.476994419878776544e-08
4.257341215210385611e-08
4.047655841218652499e-08
3.846806572119481594e-08
3.655480607290185909e-08
3.473521986478470643e-08
3.300084745230879081e-08
3.134038499894279207e-08
2.976077529516154642e-08
2.826287932621870309e-08
2.683075150504896061e-08
2.546369017202494633e-08
2.416588349306283033e-08
2.293478345249198535e-08
2.175794113110477509e-08
2.063785710886319231e-08
1.957680095788106498e-08
1.856550634184889566e-08
1.760408287685173268e-08
1.669016101817030356e-08
1.582241924607879643e-08
1.499816833445388776e-08
1.421456969480337880e-08
1.346858841269346785e-08
1.276550894646378445e-08
1.209306717591649691e-08
1.145411542735233491e-08
1.085222503525747255e-08
1.027913090109818083e-08
9.734653413989208552e-09
9.216976836687018539e-09
8.728095321096660254e-09
8.264543364270730769e-09
7.823026166566069414e-09
7.404040649706901996e-09
7.010338877322830344e-09
6.634818702526216670e-09
6.277263313506353222e-09
5.939536434710442414e-09
5.623024896840105330e-09
5.320379133092735084e-09
5.031598082935839774e-09
4.761153634771315171e-09
4.506120627835652832e-09
4.261986911857806473e-09
4.029781141930291541e-09
3.812873309433441610e-09
3.606988361436540070e-09
3.409441883849307588e-09
3.222898358019566908e-09
3.049728303209309661e-09
2.883835934158320180e-09
2.724921292351141253e-09
2.576329472140206018e-09
2.437485117449804448e-09
2.303557237721855220e-09
2.175646177403271578e-09
2.057322663900343888e-09
1.945231649347634519e-09
1.837255416132919459e-09
1.734585538031134872e-09
1.640458684098481673e-09
1.550209580419372253e-09
1.463395141463363768e-09
1.380825825480961882e-09
1.305094650676036229e-09
1.231177091646016777e-09
1.160697284350467525e-09
1.095509705604996698e-09
1.034521589073634343e-09
9.749443394181545851e-10
9.174365724681362493e-10
8.647760791079222059e-10
8.147561530981903018e-10
7.666125292193401313e-10
7.202671660243901087e-10
6.778077240635909712e-10
6.362938863232839630e-10
5.969060185567554426e-10
5.598475768017936971e-10
5.255324529294537279e-10
4.914307447573865175e-10
4.584015124318540232e-10
4.279298144301235255e-10
3.996473566860626272e-10
3.719414308909624113e-10
3.446896374323561826e-10
3.200427999106173718e-10
2.965294132722226577e-10
2.740641040841689608e-10
2.521239102477976166e-10
2.323375114588089231e-10
2.135263241661087843e-10
1.958325402260423825e-10
1.789036202293560841e-10
1.635919175659954025e-10
1.491807972945351411e-10
1.355603319272869784e-10
1.231121947861583367e-10
1.120466107165019706e-10
1.016318795750405245e-10
9.200129064898963687e-11
8.435461065102619080e-11
7.725842497481211967e-11
7.089151183231649951e-11
6.543280461688828552e-11
6.114850378014325715e-11
5.712800674787226729e-11
5.358342791954823154e-11
5.071971534991801141e-11
4.871589198647597289e-11
4.672916143382454977e-11
4.494109568662367965e-11
4.342962945379781549e-11
4.193507275718762450e-11
4.020436805993040055e-11
3.814781536504200747e-11
3.632517563695231558e-11
3.404189367599673462e-11
3.179015710955982112e-11
2.919745310711281615e-11
2.664841557395247949e-11
2.385555832139058733e-11
2.122800984307818540e-11
1.870658763617297694e-11
1.664136499542521597e-11
1.472365790846009664e-11
1.319335433535199916e-11
1.220452904510881738e-11
1.144445938818321477e-11
1.099511231404885178e-11
1.082994833447207888e-11
1.086542601865229737e-11
1.079945759187412455e-11
1.052056750220383134e-11
1.003848983003547316e-11
9.482405984944846245e-12
8.687864473712036426e-12
7.600278795356305903e-12
6.452159911443083901e-12
5.560745628140667873e-12
4.881573443070563153e-12
4.252808705138777955e-12
4.030163875642260994e-12
4.137829502409539626e-12
4.299401862169327988e-12
4.299975131687466904e-12
4.331305833093143658e-12
4.101685333015942553e-12
3.566713663413278027e-12
2.979003786107232517e-12
2.465956663127240212e-12
2.043589755847334132e-12
1.895533711884060055e-12
1.986064146814201611e-12
2.160779333178578288e-12
2.221706183902776957e-12
2.178250083243496572e-12
1.872562960406237792e-12
1.494656154276673626e-12
1.189922450770864722e-12
1.007398199405926901e-12
1.112058152183677604e-12
1.231336965944036501e-12
1.323212220563528710e-12
1.199740864948011527e-12
9.381435478679230977e-13
6.894999260712569509e-13
6.016608579720506632e-13
7.136794543110228428e-13
8.278870859767583669e-13
8.144284924433273968e-13
6.227413603189736352e-13
4.362522485841252049e-13
3.918770741966389681e-13
5.059151986116502300e-13
5.738232652221900417e-13
4.904554531174662273e-13
3.134303820303310356e-13
2.625532335824435666e-13
3.520492846539686207e-13
4.149598412380313470e-13
3.131509827811124695e-13
1.907599129254822766e-13
2.098826548073040689e-13
3.043247373335955028e-13
2.617604338355052574e-13
1.460788069635647373e-13
1.494008296275740098e-13
2.350385643597396642e-13
1.861350251728588198e-13
9.712158893271529386e-14
1.368558719426550583e-13
1.869941995311138714e-13
9.705447074258913003e-14
8.226528189643438022e-14
1.476761351910413643e-13
9.933546225282967318e-14
5.181856365846224206e-14
1.240573201650229677e-13
7.469497632013607082e-14
4.743724592748150141e-14
1.014378726760883283e-13
4.972773054185774994e-14
4.765587937614454265e-14
8.620445973052763257e-14
1.596759760686941714e-14
7.658116792969768001e-14
2.897203537404252063e-14
4.401330639690964484e-14
4.628320662297411247e-14
2.221958090221029229e-14
4.968612101204736884e-14
1.481399039223978266e-14
4.387827179719216028e-14
1.393562645403064876e-14
3.599378475358803762e-14
1.422185579154704803e-14
2.916293731241589147e-14
1.398576341038642003e-14
2.389428591437986258e-14
1.315090471268817834e-14
1.987961032047084617e-14
1.198722381899703048e-14
1.674880051079538738e-14
1.071789302643671820e-14
1.423701599777284242e-14
9.470702282280847172e-15
1.217486848686771185e-14
8.307056776848162580e-15
1.045400733423762365e-14
7.251271607187386352e-15
9.002024915827004098e-15
6.308679873455125386e-15
7.767784332909998410e-15
5.475419898990485386e-15
6.713290034045374043e-15
4.743495496943025832e-15
5.809142603145186742e-15
4.103357078003998318e-15
5.031897713982356807e-15
3.545206453058860346e-15
4.362450026594349927e-15
3.059641098643445555e-15
3.784987953266484049e-15
2.637952357580827250e-15
3.286280835215174506e-15
2.272240614528567560e-15
2.855169329531237876e-15
1.955433777549802776e-15
2.482186260887485176e-15
1.681255734134761195e-15
2.159265244972937484e-15
1.444170429920107005e-15
1.879510938709473133e-15
1.239315791132495972e-15
1.637014218017127886e-15
1.062435360250109741e-15
1.426701179160887743e-15
9.098119130748910004e-16
1.244208293571538037e-15
7.782052609143508701e-16
1.085778232446326088e-15
6.647952461335398168e-16
9.481723172876896832e-16
5.671302521811308471e-16
8.285965341833183638e-16
4.830811578120648359e-16
7.246387354841356799e-16
4.108004555021933945e-16
6.342151547703541732e-16
3.486861438101804788e-16
5.555247273626558051e-16
2.953499638626960907e-16
4.870099903277318698e-16
2.495895410069098622e-16
4.273235551635658325e-16
2.103640107324716469e-16
3.752993140829567703e-16
1.767727324291231768e-16
3.299276840892598301e-16
1.480367287946143813e-16
2.903342983536001970e-16
1.234825217724885374e-16
2.557616507687233939e-16
1.025280698053887927e-16
2.255532716844998924e-16
8.467054427742646405e-17
1.991400780376260159e-16
6.947571219565706072e-17
1.760285920753221844e-16
5.656871958675742993e-17
1.557907684356081862e-16
4.562609546942397252e-17
1.380552061016744474e-16
3.636881784095169533e-17
1.224995538485991330e-16
2.855630364337438194e-17
1.088439452933776189e-16
2.198120059405709245e-17
9.684532145004947065e-17
1.646487661332135049e-17
8.629252028788705440e-17
1.185351379876694202e-17
7.700202793003090580e-17
8.014727331284026209e-18
6.881430179008557491e-17
4.834639358609978247e-18
6.159058780520043447e-17
2.215347532026446962e-18
5.521016466592690617e-17
7.273530311240787407e-20
4.956795746841876252e-17
-1.665421566243022104e-18
4.457247073133088324e-17
-3.061091949426164233e-18
4.014399748879279988e-17
-4.167404232762221061e-18
3.621306760489217524e-17
-5.029868923531897015e-18
3.271910284659732909e-17
-5.687434844864104399e-18
2.960925098177504752e-17
-6.173401358979391080e-18
2.683737492627225252e-17
-6.516205982921578365e-18
2.436317602741155066e-17
-6.740104374072216416e-18
2.215143356311203910e-17
-6.865757029781290569e-18
2.017134507673251978e-17
-6.910735595704572034e-18
1.839595367454484008e-17
-6.889959367791531493e-18
1.680165105845850942e-17
-6.816071796658559326e-18
1.536774599886321231e-17
-6.699764888031500265e-18
1.407608955988706885e-17
-6.550058758771067863e-18
1.291074960143256093e-17
-6.374542353291317657e-18
1.185772780132885221e-17
-6.179580718035566814e-18
1.090471386203935294e-17
-5.970493310476974894e-18
1.004087171129469354e-17
-5.751707348692654429e-18
9.256653588009406898e-18
-5.526889652677009307e-18
8.543638292701319620e-18
-5.299059907752172739e-18
7.894390423248131991e-18
-5.070687825068226878e-18
7.302337871887848819e-18
-4.843776573169875270e-18
6.761665077912806560e-18
-4.619934230915054420e-18
6.267220112744679578e-18
-4.400434968219616730e-18
5.814433642930294923e-18
-4.186271374702377313e-18
5.399248404945534950e-18
-3.978199170210855685e-18
5.018057607972133428e-18
-3.776775254840083769e-18
4.667651329994798057e-18
-3.582390197307951137e-18
4.345169730749151087e-18
-3.395295695265430460e-18
4.048062305841547944e-18
-3.215627878067497305e-18
3.774052363874652046e-18
-3.043426910682670602e-18
3.521106146132365676e-18
-2.878653414401521228e-18
3.287405940191086139e-18
-2.721202132951988069e-18
3.071326841027124407e-18
-2.570913148687669779e-18
2.871416611298741167e-18
-2.427580981200751411e-18
2.686378393081071139e-18
-2.290961788678317964e-18
2.515055956856131007e-18
-2.160778833207180193e-18
2.356421276685622584e-18
-2.036726418325537973e-18
2.209564177702372816e-18
-1.918472349736482263e-18
2.073684017865158914e-18
-1.805659018493217606e-18
1.948083188843066971e-18
-1.697903133619534566e-18
1.832162491680081609e-18
-1.594794128005653609e-18
1.725418248951088122e-18
-1.495891139767376931e-18
