# bin_5_1
5.061557644563833906e-08
-4.623495990661986246e-08
4.747072010006691608e-08
-4.355174341929785179e-08
4.453523206294267678e-08
-4.101854975064082623e-08
4.179420937902573126e-08
-3.862728595582135972e-08
3.923403941067135298e-08
-3.637010456287590682e-08
3.684229012265948274e-08
-3.423940295244179910e-08
3.460761403864762255e-08
-3.222781735345951712e-08
3.251966510953183396e-08
-3.032821144711345141e-08
3.056902747611743072e-08
-2.853366041848912472e-08
2.874715442359165976e-08
-2.683743052112321561e-08
2.704631784106512493e-08
-2.523295484154484568e-08
2.545956657487694504e-08
-2.371380499913564639e-08
2.398069327584801486e-08
-2.227365966476904481e-08
2.260420927960595861e-08
-2.090626952241919222e-08
2.132532664610710253e-08
-1.960541961482960860e-08
2.013994653512806585e-08
-1.836488948669764090e-08
1.904465311667955416e-08
-1.717841177323208691e-08
1.803671145171160492e-08
-1.603963066523018071e-08
1.711406811380513202e-08
-1.494206188258498004e-08
1.627535180048043788e-08
-1.387905635491082108e-08
1.551987158643258502e-08
-1.284377085998229782e-08
1.484760867049018211e-08
-1.182914949091216623e-08
1.425919709052442155e-08
-1.082792126388138931e-08
1.375588735958954675e-08
-9.832620227199064184e-09
1.333948593416997968e-08
-8.835635659112368206e-09
1.301226184819997648e-08
-7.829301529818582576e-09
1.277681114095100414e-08
-6.806034804256887531e-09
1.263586870092625133e-08
-5.758533127436110732e-09
1.259205720379941879e-08
-4.680041351877089033e-09
1.264756459835969291e-08
-3.564694161030839453e-09
1.280374446120517930e-08
-2.407937621233813509e-09
1.306064011782530185e-08
-1.207024283483405288e-09
1.341644310100439723e-08
3.843548964084432316e-11
1.386691107545205128e-08
1.325900268108661564e-09
1.440479013387896030e-08
2.649359367483488198e-09
1.501931134709915651e-08
3.998913696957262995e-09
1.569586057395792799e-08
5.360590077368224315e-09
1.641595067262217334e-08
6.716531851238244231e-09
1.715765041083842009e-08
8.045728116004494704e-09
1.789663522475178261e-08
9.325442662389801167e-09
1.860800770749345339e-08
1.053346612280250126e-08
1.926897327372121817e-08
1.165122304506637425e-08
1.986233106580955225e-08
1.266760279748999698e-08
2.038053767773477501e-08
1.358314136903768206e-08
2.082982300426328067e-08
1.441387285939220827e-08
2.123351119730480712e-08
1.519384328762184592e-08
2.163339821899062469e-08
1.597503435422731245e-08
2.208788877297165836e-08
1.682343872109761909e-08
2.266578242624584135e-08
1.781045996183287379e-08
2.343532257585960204e-08
1.899986295134310628e-08
2.444951884528501778e-08
2.043222552993501588e-08
2.573074762283988231e-08
2.211099144158096567e-08
2.725976041952800079e-08
2.399607663845288362e-08
2.897549499803826046e-08
2.601129539458559862e-08
3.079106425677527331e-08
2.806916595371585136e-08
3.262665277118706266e-08
3.011000773926385536e-08
3.445162008070850969e-08
3.214262355570303343e-08
3.631834054291191900e-08
3.426543110282139351e-08
3.836509020235054164e-08
3.664695280802302531e-08
4.077250571474618201e-08
3.946024493357192351e-08
4.368237103289004066e-08
4.279697706492166606e-08
4.712166565836396743e-08
4.661796481459203806e-08
5.099486589716289917e-08
5.079743214984557477e-08
5.518123794276589047e-08
5.526220366622750851e-08
5.969168140386216958e-08
6.013133830979755521e-08
6.475218563895045539e-08
6.571048968364883930e-08
7.069408343368217355e-08
7.229115756062860420e-08
7.770763150138128250e-08
7.993015743361758188e-08
8.572716397670975373e-08
8.850093702948797234e-08
9.466031687700663423e-08
9.804467683488401135e-08
1.047414220592862780e-07
1.089777863558380939e-07
1.164769450252390709e-07
1.217565077777010585e-07
1.301446463783315719e-07
1.364365837169720859e-07
1.456562715758288475e-07
1.529632901703177167e-07
1.631747657345055978e-07
1.717941212107690597e-07
1.833506959206163841e-07
1.935352923110439111e-07
2.065199382299538668e-07
2.182112180815095745e-07
2.325976097867021658e-07
2.459438143220424647e-07
2.620842058697769287e-07
2.774635056233997915e-07
2.955604000219480028e-07
3.129273983236914385e-07
3.328798223929306861e-07
3.523201997733692992e-07
3.744594949761864104e-07
3.962904918740071793e-07
4.206511766602040836e-07
4.446544411047668226e-07
4.711183464994757759e-07
4.974634524821871480e-07
5.262418532345891936e-07
5.547928037948157056e-07
5.854857137538810253e-07
6.160157781356375735e-07
6.486721478797246112e-07
6.810385085892281498e-07
7.151079687439985260e-07
7.487926192949838243e-07
7.840859937348518493e-07
8.187593121680303725e-07
8.545350396105581610e-07
8.895572509213782562e-07
9.254796325745668943e-07
9.602430189757052097e-07
9.954681109331689776e-07
1.029466095552942250e-06
1.063531504290038267e-06
1.095993290370269421e-06
1.128387604205402524e-06
1.158998432676032101e-06
1.189183989162559204e-06
1.217658776566124813e-06
1.245556921219411913e-06
1.271692847478646280e-06
1.297410470987234826e-06
1.321401549716783812e-06
1.345149469308456184e-06
1.367456383060672228e-06
1.389663105612707746e-06
1.410825465523940543e-06
1.432065333748629261e-06
1.452608986544507146e-06
1.473415078371302194e-06
1.493748457922662090e-06
1.514449464710469557e-06
1.534746833805437755e-06
1.555377327894671126e-06
1.575522965838096721e-06
1.595835091342821082e-06
1.615484241176344573e-06
1.635078005555299729e-06
1.653836294737543240e-06
1.672379666270633383e-06
1.690036397182490831e-06
1.707482202505659169e-06
1.724176953146245621e-06
1.740846277062054238e-06
1.757045211885280792e-06
1.773485581603542254e-06
1.789731319725641896e-06
1.806389709403471460e-06
1.822951081114814951e-06
1.839868406820497005e-06
1.856551001102581371e-06
1.873346300494774339e-06
1.889676963428569726e-06
1.905913165304268678e-06
1.921616786083925784e-06
1.937274624222866148e-06
1.952611376141797472e-06
1.968173077215038920e-06
1.983710711268456668e-06
1.999655561242284608e-06
2.015624758361706409e-06
2.031855546553915370e-06
2.047868887759743468e-06
2.063867557838544191e-06
2.079500144395657824e-06
2.095135812384065445e-06
2.110626950749340715e-06
2.126412270951056133e-06
2.142302077531172273e-06
2.158527913138914349e-06
2.174698271268869314e-06
2.190906827874157007e-06
2.206839401314634072e-06
2.222789581074562116e-06
2.238693122084252766e-06
2.254914321573275675e-06
2.271265645639581833e-06
2.287827357993394696e-06
2.304235284926449894e-06
2.320612540049766602e-06
2.336875821467325315e-06
2.353377822516039584e-06
2.370026240462381383e-06
2.386883540038246899e-06
2.403615097056502790e-06
2.420326000051467644e-06
2.437007940029006777e-06
2.453964367650106414e-06
2.471030008098939531e-06
2.488154838307359910e-06
2.505123585251147661e-06
2.522198053466144887e-06
2.539415328834271023e-06
2.556817501435623204e-06
2.574106553858727933e-06
2.591403890378370683e-06
2.608796196562327471e-06
2.626394845036890615e-06
2.643912910453404703e-06
2.661423104589846641e-06
2.679029321464473535e-06
2.696807914538799639e-06
2.714486569033105751e-06
2.732192763610496853e-06
2.750008391002175584e-06
2.767888675441759766e-06
2.785688060154165670e-06
2.803611526036858877e-06
2.821542621158191374e-06
2.839457758412500767e-06
2.857440533307145499e-06
2.875450141493840238e-06
2.893378977471355181e-06
2.911448238851381246e-06
2.929447172557534320e-06
2.947419107313851861e-06
2.965473980841502116e-06
2.983456978932291371e-06
3.001454414074608777e-06
3.019417652745560862e-06
3.037358323502559934e-06
3.055320995492341105e-06
3.073167249201202680e-06
3.091043813300460941e-06
3.108827723945940215e-06
3.126614979968267157e-06
3.144274092833560198e-06
3.161929090396225098e-06
3.179487427982994052e-06
3.196987604415994801e-06
3.214357750863019353e-06
3.231690314323717069e-06
3.248892349798047783e-06
3.266000736239235846e-06
3.282965438806883946e-06
3.299844407846239263e-06
3.316563738433473029e-06
3.333155192078531177e-06
3.349576613665804163e-06
3.365873798381609376e-06
3.381970514956899851e-06
3.397902779758432165e-06
3.413634059561363683e-06
3.429188085077786429e-06
3.444506511069662763e-06
3.459614329127554348e-06
3.474488720690298495e-06
3.489131221793319033e-06
3.503505974212623763e-06
3.517623287057842485e-06
3.531464219227965680e-06
3.545022138493155700e-06
3.558270540866751615e-06
3.571214683730036741e-06
3.583836290354652725e-06
3.596121973995924982e-06
3.608049407233619083e-06
3.619626872730444476e-06
3.630825832397120951e-06
3.641639198858834756e-06
3.652042113690236262e-06
3.662043187879449223e-06
3.671608963447599457e-06
3.680737307691208625e-06
3.689402851706769434e-06
3.697608429130546359e-06
3.705322174519913574e-06
3.712542870167983473e-06
3.719246613171143752e-06
3.725432216110606323e-06
3.731070179840648521e-06
3.736158097750285953e-06
3.740676864977511559e-06
3.744620547785461913e-06
3.747968272966377820e-06
3.750714957252617712e-06
3.752846556792973391e-06
3.754351656863781300e-06
3.755213087468183693e-06
3.755424993665421461e-06
3.754974874716744204e-06
3.753850161393762021e-06
3.752038975050287354e-06
3.749533417167612831e-06
3.746314518107509198e-06
3.742374751726992651e-06
3.737704644906029774e-06
3.732298412860881929e-06
3.726144598949100830e-06
3.719238883804460669e-06
3.711573146690859089e-06
3.703148380714678030e-06
3.693956637403542009e-06
3.683996560221974747e-06
3.673260801530029224e-06
3.661750261099303731e-06
3.649452841135545482e-06
3.636367164494866644e-06
3.622493198849657202e-06
3.607830461039884517e-06
3.592377233813257091e-06
3.576137985191746649e-06
3.559119313202280798e-06
3.541325685246532094e-06
3.522759742840229411e-06
3.503427656029388383e-06
3.483332689880194351e-06
3.462481613395166275e-06
3.440884647285132737e-06
3.418553394818114288e-06
3.395498853185010531e-06
3.371731694727271205e-06
3.347262108730010999e-06
3.322101349981287298e-06
3.296263427730565594e-06
3.269761058882391065e-06
3.242613685978639073e-06
3.214845365747188766e-06
3.186470197881639853e-06
3.157502115169504415e-06
3.127955009105854249e-06
3.097850716974002729e-06
3.067214198572131457e-06
3.036070009258099814e-06
3.004440084522718976e-06
2.972343723719678795e-06
2.939799133725688203e-06
2.906832146965976483e-06
2.873471161287827292e-06
2.839738040903251821e-06
2.805653585834572419e-06
2.771245357292196650e-06
2.736545440119421540e-06
2.701576393825760899e-06
2.666357485763784687e-06
2.630913389524397095e-06
2.595277538982725507e-06
2.559475975268716971e-06
2.523527708816774591e-06
2.487456885756965913e-06
2.451296891402354611e-06
2.415070405479963251e-06
2.378799956986844886e-06
2.342514591618862290e-06
2.306237356468443976e-06
2.269985683362535736e-06
2.233789169339540035e-06
2.197677303031094666e-06
2.161662925536269759e-06
2.125768131370484329e-06
2.090021325987083981e-06
2.054439281549364239e-06
2.019041677929300547e-06
1.983850064907607119e-06
1.948885330038759410e-06
1.914168524709843666e-06
1.879707329506370047e-06
1.845526492754820616e-06
1.811646295248003260e-06
1.778076447511243649e-06
1.744832299970072492e-06
1.711926939923450001e-06
1.679380737399960772e-06
1.647201454398496033e-06
1.615400841677927696e-06
1.583988476706362919e-06
1.552982898327161186e-06
1.522385022045881985e-06
1.492205984679935353e-06
1.462458288073768382e-06
1.433150401397675263e-06
1.404281971144895972e-06
1.375861014426551246e-06
1.347899908243511732e-06
1.320400765950073037e-06
1.293360515370512114e-06
1.266787582688239621e-06
1.240689446100019639e-06
1.215062024568774272e-06
1.189903508214714224e-06
1.165222086773513608e-06
1.141019208476527364e-06
1.117286677882450079e-06
1.094024722166411615e-06
1.071240883450280150e-06
1.048930979781490664e-06
1.027082719508857133e-06
1.005696880234097749e-06
9.847811401676653682e-07
9.643236146722499510e-07
9.443150926190758525e-07
9.247552336232695498e-07
9.056483269515174547e-07
8.869772904543407787e-07
8.687357102939758981e-07
8.509250402956351094e-07
8.335436874907654026e-07
8.165705164450550703e-07
8.000038104106318522e-07
7.838482806584756067e-07
7.680924471796226805e-07
7.527163860307352778e-07
7.377193160931323559e-07
7.231059099190630979e-07
7.088589947374024387e-07
6.949632585604051872e-07
6.814189497132474506e-07
6.682271316338583299e-07
6.553650712356696976e-07
6.428238509702441842e-07
6.306076927529196448e-07
6.187096989334045023e-07
6.071050016684130872e-07
5.957903746797139732e-07
5.847744858776309321e-07
5.740399712303018770e-07
5.635666551816681846e-07
5.533531949020989902e-07
5.434072841195492917e-07
5.337065824310701232e-07
5.242378558287061080e-07
5.150018866359150722e-07
5.060022604494382730e-07
4.972115700858799501e-07
4.886248799095412332e-07
4.802484957318435826e-07
4.720756243325790535e-07
4.640800213844021669e-07
4.562620471352893180e-07
4.486322622095234074e-07
4.411724623450465041e-07
4.338657127467740674e-07
4.267136733174362613e-07
4.197240440932188422e-07
4.128754905819828123e-07
4.061586178673969870e-07
3.995767725798812161e-07
3.931342247382577143e-07
3.868051433422262627e-07
3.805887051392551376e-07
3.744937150303254107e-07
3.685123391991964439e-07
3.626249203336936660e-07
3.568324432899654448e-07
3.511473442097253228e-07
3.455519206113736084e-07
3.400368493317085553e-07
3.346035082280625209e-07
3.292611564025176099e-07
3.239900333225590852e-07
3.187876704564115039e-07
3.136574920343436643e-07
3.086041015723158608e-07
3.036068219216729737e-07
2.986687500775537863e-07
2.937980324386054177e-07
2.889883453683692562e-07
2.842275533439604547e-07
2.795183244962684637e-07
2.748713923497420672e-07
2.702745423720213796e-07
2.657248586609075353e-07
2.612252206051241910e-07
2.567844336323213587e-07
2.523886458648592390e-07
2.480386587753860751e-07
2.437367935160908725e-07
2.394827735915208247e-07
2.352605254213392306e-07
2.310685974678557995e-07
2.269093443030007195e-07
2.227727337783795140e-07
2.186505318249585635e-07
2.145414077453293399e-07
2.104514944357116850e-07
2.063720923731098667e-07
2.023050855495092906e-07
1.982535175632145913e-07
1.942271278331589382e-07
1.902208283588069197e-07
1.862418518582113964e-07
1.822963865442063905e-07
1.783901262226471151e-07
1.745217310707675741e-07
1.706974629152655720e-07
1.669247450655672544e-07
1.632027953625119761e-07
1.595333816821812863e-07
1.559184700903306817e-07
1.523632037070451829e-07
1.488645017842513347e-07
1.454243748171778938e-07
1.420419127589136157e-07
1.387199013546617996e-07
1.354543079238443484e-07
1.322465842692166698e-07
1.290956538683334885e-07
1.260004214110354516e-07
1.229593406629047385e-07
1.199714132127572050e-07
1.170361432310556649e-07
1.141501744687991683e-07
1.113143283694375877e-07
1.085261838956030115e-07
1.057852530512495781e-07
1.030891025614812301e-07
1.004391047483742921e-07
9.783247800279158136e-08
9.526920622425173170e-08
9.274839831709222887e-08
9.026970767749073615e-08
8.783067694266838346e-08
8.543161096663018284e-08
8.307328087153545518e-08
8.075488808824014849e-08
7.847553839104079272e-08
7.623513496479036975e-08
7.403551016358207127e-08
7.187514315529649225e-08
6.975242749212528404e-08
6.766816646933555705e-08
6.562335976308657905e-08
6.361716261280273959e-08
6.164930212213582008e-08
5.972139667922905305e-08
5.783301157665408073e-08
5.598211271368018344e-08
5.416979625048816567e-08
5.239808162171576413e-08
5.066604507656237800e-08
4.897237172028241345e-08
4.731783911802061330e-08
4.570263354296622568e-08
4.412613307854384343e-08
4.258760761566122684e-08
4.108781633208730515e-08
3.962651978405996874e-08
3.820303841142482708e-08
3.681678636452587914e-08
3.546937698800337566e-08
3.415930271547515685e-08
3.288483067273356304e-08
3.164772908539153831e-08
3.044787558920446165e-08
2.928305244422785352e-08
2.815195786671580167e-08
2.705648799925473766e-08
2.599529504968704557e-08
2.496714049861799092e-08
2.397203646824105343e-08
2.301077607785664944e-08
2.208073235836228401e-08
2.118163858389827222e-08
2.031314509542086006e-08
1.947394556986282126e-08
1.866328637852970174e-08
1.788141057267670729e-08
1.712751960529309761e-08
1.640123826242758114e-08
1.570238212446711409e-08
1.502818480403194299e-08
1.437895508158861045e-08
1.375369904660357767e-08
1.315227757353220900e-08
1.257404901397330040e-08
1.201882501919813452e-08
1.148574835985550737e-08
1.097243594071661626e-08
1.047932090449974221e-08
1.000614255190241980e-08
9.552830872272773789e-09
9.118372913320407777e-09
8.701637365660875018e-09
8.300990506217555650e-09
7.917103191303122793e-09
7.550695683334019474e-09
7.199496086559395140e-09
6.862136312839727531e-09
6.540143709996412004e-09
6.232926110031027279e-09
5.938549499958327238e-09
5.655903558945499421e-09
5.386586786127769523e-09
5.130295821343354495e-09
4.884327382857097282e-09
4.648792556192820023e-09
4.425105652139753800e-09
4.211959997316670348e-09
4.006900826163156709e-09
3.811229793301140488e-09
3.625873396303051765e-09
3.448075637393678757e-09
3.278093485216590123e-09
3.116886966509143880e-09
2.962690151597919671e-09
2.815212480210584184e-09
2.675187185261897288e-09
2.541867715094343968e-09
2.414995234799757777e-09
2.293853651913771909e-09
2.178606646423753230e-09
2.069371886474204473e-09
1.965146135945744784e-09
1.866192482888299248e-09
1.771574896569667343e-09
1.682234798977355338e-09
1.596658379520576008e-09
1.515122794854759883e-09
1.437720312877747299e-09
1.364078031929788403e-09
1.293727795746157898e-09
1.226556509823017176e-09
1.163248010855874388e-09
1.102878035097197915e-09
1.045418219736029529e-09
9.908501516134004737e-10
9.393753752934020912e-10
8.903351064512060382e-10
8.435777557365378762e-10
7.989847950945623817e-10
7.567357865850900758e-10
7.160561556619600131e-10
6.770395437182625587e-10
6.400569239331248960e-10
6.052003687465496771e-10
5.718642594753452711e-10
5.401448992293737970e-10
5.104642109286678683e-10
4.820294930224255642e-10
4.543846341738593142e-10
4.277237697416811001e-10
4.025135648633671830e-10
3.784934984234927887e-10
3.556363575412657467e-10
3.341545912456321084e-10
3.139332720602755111e-10
2.941081984102178260e-10
2.747623365900257022e-10
2.564136985933096653e-10
2.390913161799909943e-10
2.225326601663746787e-10
2.068137326148756775e-10
1.921109187203319572e-10
1.777944330777196227e-10
1.637669869209531402e-10
1.504441751959310526e-10
1.384663305633566058e-10
1.272810643345400083e-10
1.164969058198879833e-10
1.060196844730855929e-10
9.633867446790418465e-11
8.754517372956980694e-11
7.956495585553134131e-11
7.209892294604557463e-11
6.497786485104323463e-11
5.859132732382547884e-11
5.316767915896013854e-11
4.858456123910708131e-11
4.419542688325393515e-11
4.028904272879233201e-11
3.725450361131412724e-11
3.493295476124991201e-11
3.245241403247980831e-11
3.042777989922805284e-11
2.926292528751674889e-11
2.821051044958913133e-11
2.699992462946384925e-11
2.626930024973954322e-11
2.564641305643635264e-11
2.463895817724857944e-11
2.373121363680298552e-11
2.287121947363342458e-11
2.165465685691038875e-11
2.046183127981449590e-11
1.916386192245651392e-11
1.735679164690698079e-11
1.585044118141924703e-11
1.414725052923108964e-11
1.242808328934712982e-11
1.106715337578810691e-11
9.575065745767105854e-12
8.436470632360296161e-12
7.463487343450564273e-12
6.867438855666202757e-12
6.566977213405509083e-12
6.299243003795314112e-12
6.277412528747115907e-12
6.292799690894920715e-12
6.411850805524102815e-12
6.290823457287088420e-12
6.067520061979559623e-12
5.673658381915818147e-12
5.196455188817785859e-12
4.503897871218300895e-12
3.811758832463974628e-12
3.195674447328865779e-12
2.750986862528222672e-12
2.391855316681571661e-12
2.304700557913852176e-12
2.376724149418583681e-12
2.504030750957450465e-12
2.571898240484011014e-12
2.624246218938904837e-12
2.444404715314804201e-12
2.132699652308364821e-12
1.766310063865038457e-12
1.404137866226484698e-12
1.143608899966196850e-12
1.084796878365215691e-12
1.118649340150587692e-12
1.277179160546259915e-12
1.343950001179578278e-12
1.305938118721296582e-12
1.130112919129921659e-12
8.709372107475641834e-13
6.635425539770320560e-13
5.667999632618451043e-13
6.295290638213918556e-13
7.376522287174962512e-13
7.981114084219700215e-13
7.229588337885233061e-13
5.508603509256200911e-13
3.855001145104878107e-13
3.352531013837168391e-13
4.112602650167278680e-13
5.009303322071258769e-13
4.930244694480237192e-13
3.673544549505867947e-13
2.428801421202567415e-13
2.179590249271189760e-13
2.970577950034597272e-13
3.489562298628546198e-13
2.946954096765931835e-13
1.769880422048096448e-13
1.426773099240601306e-13
2.071840507993498998e-13
2.545968726235872031e-13
1.853643452166070417e-13
1.030227156557460386e-13
1.190749580439152378e-13
1.853092660282311870e-13
1.574620532124337746e-13
8.027934507669332001e-14
8.300514666363162930e-14
1.437399414366019021e-13
1.118428786332082159e-13
5.061712423357591124e-14
8.003846387788591375e-14
1.152939255018954469e-13
5.383475826999228126e-14
4.542187665338254585e-14
9.039585303465321482e-14
5.847623990322972810e-14
2.616379761652470494e-14
7.667586350799629611e-14
4.323423112964548852e-14
2.512476385220424160e-14
6.271561464582499058e-14
2.772320295305238366e-14
2.666528971195865240e-14
5.368072871811452731e-14
5.705065468452879936e-15
4.779927822458774629e-14
1.537609963023383414e-14
2.604273486129348750e-14
2.790103868818856130e-14
1.162134349921332245e-14
3.076746810412217938e-14
7.025731480463524026e-15
2.722486709943079337e-14
6.853464425923027146e-15
2.219358354414456768e-14
7.422989022447506953e-15
1.783562937689567218e-14
7.581835657339842844e-15
1.450750617657378188e-14
7.284686019757588147e-15
1.200286134509557613e-14
6.723479690292836413e-15
1.007210598029491824e-14
6.057031172167032778e-15
8.537491808825974093e-15
5.377747129427771336e-15
7.286399643662360409e-15
4.731713813080581343e-15
6.247709735793675281e-15
4.138958421187514917e-15
5.374588595842941155e-15
3.605991040480565246e-15
4.634446076852736981e-15
3.132605613263833738e-15
4.003390677653308050e-15
2.715417054152939691e-15
3.463146168222836973e-15
2.349683825985598923e-15
2.999273414194031955e-15
2.030245380040882963e-15
2.600092683259763300e-15
1.751999391004026249e-15
2.255994418323815130e-15
1.510136094324697628e-15
1.958974865942034689e-15
1.300242640671602372e-15
1.702308113971113955e-15
1.118337463195766452e-15
1.480304907180587180e-15
9.608672625750061490e-16
1.288129245105369952e-15
8.246846730512663234e-16
1.121655109817157485e-15
7.070167479178987615e-16
9.773521315320737891e-16
6.054299801454772537e-16
8.521928117320093326e-16
5.177950544957592767e-16
7.435762538725624881e-16
4.422530692227930131e-16
6.492648262859388678e-16
3.771841130087603561e-16
5.673311467885418126e-16
3.211785828795830387e-16
4.961134309480205575e-16
2.730113382729842203e-16
4.341776995881200001e-16
2.316186202131057019e-16
3.802856670743425415e-16
1.960775750648748026e-16
3.333673711182448081e-16
1.655881778046890715e-16
2.924977847826024818e-16
1.394573332906527181e-16
2.568767904984576695e-16
1.170849336870851336e-16
2.258120033289532318e-16
9.795165964361394573e-17
1.987040177610284241e-16
8.160832672590875430e-17
1.750337209317184157e-16
6.766659540663941354e-17
1.543513723004811597e-16
5.579088017211452741e-17
1.362671956094318109e-16
4.569131024290253184e-17
1.204432680839484861e-16
3.711761057384235645e-17
1.065865234191823118e-16
2.985378690412369368e-17
9.444271250723514084e-17
2.371351203450529958e-17
8.379118806985604397e-17
1.853612327223217351e-17
7.444039898104155468e-17
1.418315170233934776e-17
6.622399624399626520e-17
1.053531397719914554e-17
5.899746625391343775e-17
7.489906140824404933e-18
5.263521915498812463e-17
4.958546515101050165e-18
4.702806994893709463e-17
2.865221588802771094e-18
4.208105877177196773e-17
1.144594837490912978e-18
3.771156419669117107e-17
-2.594565432085041279e-19
3.384766974202946604e-17
-1.395107246241463088e-18
3.042674927655189276e-17
-2.303678231016248500e-18
2.739424166355691266e-17
-3.020582752651689564e-18
2.470258912407724220e-17
-3.576143961318450372e-18
2.231031721895087724e-17
-3.996301233747738020e-18
2.018123735577397618e-17
-4.303220286409630953e-18
1.828375537914481824e-17
-4.515819972376212453e-18
1.659027198159407707e-17
-4.650227031197193946e-18
1.507666259778884012e-17
-4.720168510461463193e-18
1.372182616812824230e-17
-4.737310308487704645e-18
1.250729354363130249e-17
-4.711549113678578768e-18
1.141688755199997949e-17
-4.651264115290206206e-18
1.043642784938076090e-17
-4.563533886736113884e-18
9.553474580989394163e-18
-4.454323247280264972e-18
8.757105669973282167e-18
-4.328644141723105909e-18
8.037723299438769398e-18
-4.190694124853206727e-18
7.386885660254219898e-18
-4.043975505285809329e-18
6.797160677598472293e-18
-3.891397770120623746e-18
6.261998739397702223e-18
-3.735365624423463051e-18
5.775621964938225379e-18
-3.577854606337063270e-18
5.332927817974901092e-18
-3.420475987237813848e-18
4.929405144024925459e-18
-3.264532430172925961e-18
4.561061043953332173e-18
-3.111065712686846940e-18
4.224357133911701528e-18
-2.960897576876602800e-18
3.916153944858235352e-18
-2.814664700955497555e-18
3.633662438837117224e-18
-2.672848567455222865e-18
3.374401675400200848e-18
-2.535800987612481299e-18
3.136161845007404620e-18
-2.403765861065805341e-18
2.916971968457699226e-18
-2.276897702572210327e-18
2.715071643671654005e-18
-2.155277405880975555e-18
2.528886346542940614e-18
-2.038925622149270851e-18
2.357005789819010418e-18
-1.927814094585943984e-18
2.198164977726342595e-18
-1.821875259689207619e-18
2.051227592646745933e-18
-1.721010320314596722e-18
1.915171417861788097e-18
-1.625096062640626994e-18
1.789075548122893355e-18
-1.533990558035831292e-18
1.672109150067732670e-18
-1.447537933724103284e-18
1.563521576550393849e-18
-1.365572340803796966e-18
1.462633675358376457e-18
-1.287921235319575239e-18
1.368830135385063114e-18
-1.214408077752169618e-18
1.281552742190751526e-18
-1.144854539318537392e-18
1.200294431554108645e-18
-1.079082274662063435e-18
1.124594051856223439e-18
-1.016914341741998896e-18
1.054031734251745994e-18
-9.581763123101346443e-19
