# bin_5_4
1.442647495590643945e-07
-1.225042672131798877e-07
1.369976262551735592e-07
-1.137313583363070891e-07
1.305176251462353620e-07
-1.051104073847371615e-07
1.248376876418916511e-07
-9.656402797992833601e-08
1.199835183718030172e-07
-8.800502505291840746e-08
1.159951821894218845e-07
-7.933438615774297042e-08
1.129290412607436822e-07
-7.043892714469532919e-08
1.108600748663803099e-07
-6.118855368532587337e-08
1.098846197441679710e-07
-5.143309389030225017e-08
1.101235776627985578e-07
-4.099865916996733441e-08
1.117261249558704909e-07
-2.968349547066090221e-08
1.148739627860449418e-07
-1.725329473262464394e-08
1.197861275117864344e-07
-3.435951329818513513e-09
1.267243657264302432e-07
1.208422861797072475e-08
1.359990522554103733e-07
2.967282446483649167e-08
1.479755836133956083e-07
4.975201335852607933e-08
1.630811286199664336e-07
7.280754214399486530e-08
1.818115350152592136e-07
9.939571374479498853e-08
2.047380939169097606e-07
1.301500263921744802e-07
2.325137306535848232e-07
1.657869567945229926e-07
2.658780247710099680e-07
2.071101966744338932e-07
3.056602626876366423e-07
2.550124288356792894e-07
3.527794864557202441e-07
3.104734765027420159e-07
4.082402300852961602e-07
3.745533708836489353e-07
4.731223399889539051e-07
4.483785852774439456e-07
5.485629826686176339e-07
5.331194018922017166e-07
6.357286821333256055e-07
6.299561557250123317e-07
7.357750673195474019e-07
7.400320147435736862e-07
8.497920227686508120e-07
8.643900995722317570e-07
9.787322483180648208e-07
1.003893260646411015e-06
1.123321990877525758e-06
1.159125882109193262e-06
1.283954106252691817e-06
1.330278867550544196e-06
1.460565842238792365e-06
1.517021699471023676e-06
1.652507016144795088e-06
1.718369325539049161e-06
1.858408727793071937e-06
1.932556703610352135e-06
2.076068410572419238e-06
2.156940016104049469e-06
2.302373607761632807e-06
2.387950384197022254e-06
2.533293668744653200e-06
2.621132373368498505e-06
2.763974247751178458e-06
2.851303959731027322e-06
2.988971895782873909e-06
3.072874289407108235e-06
3.202662073516208363e-06
3.280346999017289724e-06
3.399839708269621686e-06
3.469015973313484327e-06
3.576502863161659931e-06
3.635823400638380099e-06
3.730764121852636603e-06
3.780295054235908940e-06
3.863771047805929688e-06
3.905397729576554613e-06
3.980443017786961072e-06
4.018089699641202799e-06
4.089763264514767270e-06
4.129279485617808487e-06
4.204331272615733306e-06
4.252906880247363209e-06
4.338923133541602217e-06
4.403958179035421768e-06
4.507971826111667688e-06
4.595466485377966175e-06
4.722196388275926382e-06
4.834939428998782663e-06
4.985061418697584513e-06
5.121144120635271256e-06
5.290230180404308707e-06
5.442598964895371680e-06
5.621461036812125018e-06
5.779192372293308390e-06
5.956164357240688669e-06
6.107732902899101873e-06
6.272781563687825094e-06
6.410725472264271267e-06
6.560233623729076821e-06
6.685484705216430135e-06
6.825469157120469206e-06
6.948784344550986705e-06
7.093959519252695742e-06
7.232254461373538210e-06
7.399629180690167346e-06
7.567299169943263733e-06
7.766213105633871036e-06
7.965376051203201989e-06
8.189791459878735234e-06
8.406534097502843037e-06
8.636800038272440073e-06
8.849206772877946597e-06
9.065845834135192086e-06
9.261517576971187212e-06
9.462994382502380345e-06
9.652631130206691895e-06
9.860338415501905532e-06
1.007106824134887372e-05
1.031065901125190833e-05
1.055869715445631345e-05
1.083105004244722512e-05
1.110024629378850566e-05
1.137644118552499848e-05
1.163456682215542259e-05
1.189126031926411051e-05
1.213396294050518826e-05
1.238927471480969540e-05
1.265089906749633545e-05
1.294080620477532557e-05
1.324148860306516694e-05
1.355873079558966314e-05
1.386533967408252872e-05
1.416725408580440185e-05
1.445148608959920495e-05
1.474223986387532421e-05
1.504005245430732971e-05
1.536527647906781599e-05
1.570025578491902478e-05
1.604227012815379638e-05
1.636560437616231634e-05
1.668077757170272784e-05
1.698988889955593761e-05
1.732049736307707775e-05
1.766551704308559330e-05
1.802118097674197710e-05
1.835821834966148468e-05
1.868292991280114533e-05
1.900220917330901294e-05
1.934378752106606701e-05
1.969500264618212899e-05
2.004225042854689668e-05
2.036334520697609727e-05
2.068199838904352428e-05
2.101223191646924896e-05
2.135779357170803692e-05
2.168357821913185178e-05
2.199100124350297788e-05
2.229791681628783917e-05
2.262530184452357600e-05
2.294021261155155766e-05
2.323265108909782495e-05
2.352072700263253824e-05
2.382887564716181474e-05
2.412091681521667046e-05
2.439161577711383987e-05
2.466762910124586523e-05
2.495683198058926307e-05
2.521737074980490644e-05
2.547446573913401344e-05
2.574660987515457636e-05
2.600515101879432848e-05
2.624667539522073720e-05
2.651258130006625195e-05
2.676073887921719743e-05
2.700233848520988244e-05
2.726226963906560984e-05
2.750688317769593442e-05
2.775187383748800116e-05
2.801490513366347831e-05
2.825285099435649166e-05
2.851892959123145864e-05
2.876786644881917715e-05
2.902767911248002835e-05
2.929019264513034636e-05
2.954700026638313088e-05
2.981699467006919377e-05
3.007556530520040579e-05
3.034779336387873565e-05
3.060955460185606225e-05
3.088151946908647790e-05
3.114570806944536247e-05
3.141664596750626357e-05
3.168227484895496879e-05
3.195243783992760504e-05
3.221931048503208457e-05
3.248972372368968107e-05
3.275856183610024731e-05
3.303073493810879108e-05
3.330273301108089087e-05
3.357811545041818985e-05
3.385423142277833863e-05
3.413358615581795462e-05
3.441395047514228750e-05
3.469702182449404507e-05
3.498084472365239607e-05
3.526661899095165939e-05
3.555273207400201277e-05
3.584022290338832913e-05
3.612793975269963008e-05
3.641697115437742753e-05
3.670659467767701931e-05
3.699790447555221943e-05
3.729035839395195722e-05
3.758482244316274542e-05
3.788063968553957456e-05
3.817829699267291952e-05
3.847696971477338710e-05
3.877692602607380438e-05
3.907743137161667557e-05
3.937887254660733550e-05
3.968084214156237643e-05
3.998393218712463764e-05
4.028790693520375841e-05
4.059325527650950108e-05
4.089954685464778988e-05
4.120694409940408735e-05
4.151483610577751121e-05
4.182334251475604861e-05
4.213206684567157863e-05
4.244139207551100997e-05
4.275114832287652098e-05
4.306168915463846631e-05
4.337263351016705206e-05
4.368402385678333335e-05
4.399533960826813769e-05
4.430670901624060836e-05
4.461789174272381514e-05
4.492921251207628518e-05
4.524040264263737851e-05
4.555152303494442768e-05
4.586208460074476059e-05
4.617216207941597368e-05
4.648152237982216276e-05
4.679043040413921991e-05
4.709856815020091946e-05
4.740589784203532890e-05
4.771194533988885937e-05
4.801683066452091446e-05
4.832035998757409066e-05
4.862266970326626844e-05
4.892331289823345208e-05
4.922224461455502906e-05
4.951916111756243203e-05
4.981422710839810162e-05
5.010709148010946426e-05
5.039769424449741942e-05
5.068565692203976918e-05
5.097109179350833830e-05
5.125367386471038904e-05
5.153333645104295923e-05
5.180964942380265572e-05
5.208268737638894927e-05
5.235218191905367661e-05
5.261806806111650632e-05
5.287983423561206812e-05
5.313755022748317393e-05
5.339102197420526950e-05
5.364008885842864609e-05
5.388419326799785236e-05
5.412350910886735143e-05
5.435773015964490579e-05
5.458660395341191504e-05
5.480981218277616201e-05
5.502743740727253884e-05
5.523900344281965557e-05
5.544442469499074287e-05
5.564335075426215139e-05
5.583581157102701918e-05
5.602130936567715043e-05
5.619975257489088924e-05
5.637083419465895782e-05
5.653447864074056530e-05
5.669026098610241361e-05
5.683810106940091598e-05
5.697768548952456599e-05
5.710894237262701154e-05
5.723144023691884063e-05
5.734511383364628587e-05
5.744970212324564384e-05
5.754502185732447505e-05
5.763077347539101767e-05
5.770692705675649489e-05
5.777325029293385735e-05
5.782955088330061713e-05
5.787557945592472790e-05
5.791128075395488966e-05
5.793639324073055559e-05
5.795083625743767267e-05
5.795438240108319842e-05
5.794695389300504799e-05
5.792830767077667830e-05
5.789833632664782007e-05
5.785681110204117300e-05
5.780373857794414682e-05
5.773887238499034603e-05
5.766221726707903411e-05
5.757359346482415763e-05
5.747308848522288908e-05
5.736051689723576795e-05
5.723595459438154509e-05
5.709926350620562845e-05
5.695047316964107099e-05
5.678945498055418273e-05
5.661630752489914931e-05
5.643096514919549551e-05
5.623352145528040600e-05
5.602386439373809415e-05
5.580214052984007597e-05
5.556836954146429023e-05
5.532271554033424914e-05
5.506521834238892356e-05
5.479605207621677414e-05
5.451521651811399395e-05
5.422289937347966529e-05
5.391914235762008695e-05
5.360417377657347070e-05
5.327812309550033251e-05
5.294124428460698792e-05
5.259364115010815285e-05
5.223560836493352724e-05
5.186728276628546039e-05
5.148889563142746708e-05
5.110058083310610802e-05
5.070273128481602424e-05
5.029556552190243802e-05
4.987945728340633956e-05
4.945460262849990843e-05
4.902130753102738767e-05
4.857976699463546424e-05
4.813037452444373379e-05
4.767343807716653168e-05
4.720931984751934824e-05
4.673819444484004300e-05
4.626049609064928074e-05
4.577655161549192805e-05
4.528677325026974948e-05
4.479145805583756193e-05
4.429095857149241639e-05
4.378550910815467658e-05
4.327557475062099925e-05
4.276147771008444778e-05
4.224362490440543191e-05
4.172235278863752777e-05
4.119800931635098887e-05
4.067095931030616164e-05
4.014160503394274712e-05
3.961016976868348132e-05
3.907710702233017859e-05
3.854274558698975574e-05
3.800748973775780422e-05
3.747163459260461444e-05
3.693556771015985886e-05
3.639953677308817835e-05
3.586392882958462815e-05
3.532906945662729864e-05
3.479528688173763921e-05
3.426283367133039945e-05
3.373210312566721415e-05
3.320328553396587691e-05
3.267674196474240937e-05
3.215280119451326699e-05
3.163169676172829280e-05
3.111364778342426434e-05
3.059893275629531215e-05
3.008784364119421149e-05
2.958065884746803216e-05
2.907748869688093918e-05
2.857861066138970364e-05
2.808426244061999413e-05
2.759465920391089645e-05
2.710986886780282723e-05
2.663018987288243226e-05
2.615583237233564830e-05
2.568687412934348132e-05
2.522341520305743388e-05
2.476578541734203873e-05
2.431403460344128204e-05
2.386820986435282715e-05
2.342844119179174207e-05
2.299497274901609638e-05
2.256779364428405289e-05
2.214694476923843953e-05
2.173256431324216642e-05
2.132478608048810089e-05
2.092354415692251730e-05
2.052890544941821896e-05
2.014095499385661506e-05
1.975980954786009516e-05
1.938528716156315244e-05
1.901750330556735628e-05
1.865656520185920449e-05
1.830243321617390062e-05
1.795494622730024682e-05
1.761416759414827040e-05
1.728021364761117600e-05
1.695294867192923409e-05
1.663223396006135581e-05
1.631813328790305553e-05
1.601070090949673028e-05
1.570970619145949486e-05
1.541506967414792490e-05
1.512690160878152413e-05
1.484511857057413650e-05
1.456945463058702091e-05
1.429987965956989996e-05
1.403653712061428795e-05
1.377920828208711512e-05
1.352765228184768696e-05
1.328185904204633961e-05
1.304193307371727558e-05
1.280758174411473130e-05
1.257863233300841233e-05
1.235509317451905046e-05
1.213700369513572556e-05
1.192398346495054020e-05
1.171596207871361172e-05
1.151301648596139776e-05
1.131503215776231076e-05
1.112162140815077536e-05
1.093277925996631975e-05
1.074862860925395383e-05
1.056889037763559814e-05
1.039328642086308290e-05
1.022182758839562435e-05
1.005457710674868312e-05
9.891205229134278934e-06
9.731527735670373472e-06
9.575582166270659381e-06
9.423373253451891783e-06
9.274490075164934668e-06
9.128877751265993158e-06
8.986654627484579630e-06
8.847641805916489361e-06
8.711500724866690914e-06
8.578207603791315156e-06
8.447929128195162145e-06
8.320343264262190590e-06
8.195252615963580310e-06
8.072651498258436365e-06
7.952648749937047575e-06
7.834874505716852766e-06
7.719240081353226878e-06
7.605784895148972805e-06
7.494526089315120897e-06
7.385071529189178226e-06
7.277433887089666679e-06
7.171733143780925344e-06
7.067806921609513393e-06
6.965380279824860568e-06
6.864473409616909007e-06
6.765233374500583112e-06
6.667395690554218035e-06
6.570824532121458060e-06
6.475546955389473642e-06
6.381662443436536699e-06
6.288866570406435747e-06
6.197127636878613101e-06
6.106525073367448507e-06
6.017048996044373953e-06
5.928422841306431975e-06
5.840672639792204716e-06
5.753943805915861638e-06
5.668075540165538816e-06
5.582926224296803513e-06
5.498512960548881967e-06
5.414982300873685254e-06
5.332121317524652509e-06
5.249893456033772366e-06
5.168318979728973126e-06
5.087515097683874092e-06
5.007248657676115145e-06
4.927563041121662015e-06
4.848535203504996114e-06
4.770181887239824381e-06
4.692350422401773246e-06
4.615107685393007092e-06
4.538586819808332634e-06
4.462692094860197506e-06
4.387377950589990183e-06
4.312657806074296497e-06
4.238595982611092336e-06
4.165013261483687651e-06
4.091844323452016905e-06
4.019018631154080702e-06
3.946516281563238277e-06
3.874104875253078937e-06
3.801741309121607023e-06
3.729410446668359623e-06
3.657065334963796365e-06
3.584650407130623017e-06
3.512217944809597366e-06
3.439917280771100137e-06
3.367769904047307488e-06
3.295910295476226740e-06
3.224459131875799755e-06
3.153612040729451455e-06
3.083417787271700884e-06
3.014027660301136974e-06
2.945530189543988418e-06
2.878053832335447332e-06
2.811604777593403087e-06
2.746266822119649333e-06
2.682080111243020183e-06
2.619063085603171601e-06
2.557217803624789444e-06
2.496542769180590997e-06
2.437041987324945210e-06
2.378669049855205593e-06
2.321418907799720648e-06
2.265245358044020654e-06
2.210132766684170832e-06
2.156031082838760054e-06
2.102927185630371717e-06
2.050769434663255383e-06
1.999533345958829672e-06
1.949190494490067791e-06
1.899708880734918842e-06
1.851044061919428216e-06
1.803167792198326839e-06
1.756084830416404822e-06
1.709759670230147480e-06
1.664169143543525657e-06
1.619297985548516617e-06
1.575155121202937779e-06
1.531702054495269188e-06
1.488931590734048999e-06
1.446853202033499237e-06
1.405474695874205906e-06
1.364762094107488030e-06
1.324720007334421358e-06
1.285373348981034933e-06
1.246720952811688640e-06
1.208740886396249259e-06
1.171449568055103668e-06
1.134861776197119995e-06
1.098972665509712484e-06
1.063771875468847799e-06
1.029281118718321362e-06
9.955045758474266188e-07
9.624331743078098098e-07
9.300583822490919669e-07
8.984149379591457233e-07
8.674931444136042466e-07
8.372774793080267648e-07
8.077773244202464285e-07
7.790158684235618329e-07
7.509796183016605761e-07
7.236461192122900164e-07
6.970259959013848470e-07
6.711286627349015795e-07
6.459437882427584273e-07
6.214426985240578860e-07
5.976388721565663983e-07
5.745369839008289323e-07
5.521173432415817310e-07
5.303636052910316733e-07
5.092917988851970097e-07
4.888890302719020304e-07
4.691307679442964128e-07
4.500177788600560147e-07
4.315346545473192275e-07
4.136594913683762893e-07
3.963834288167387616e-07
3.797185136715545285e-07
3.636363227617770607e-07
3.481229882593697563e-07
3.331598695271882256e-07
3.187405879136809068e-07
3.048438182074492228e-07
2.914699255271663019e-07
2.785956870647765186e-07
2.662101983767272502e-07
2.543059623062902061e-07
2.428658323878933633e-07
2.318649880556739154e-07
2.213016506747901536e-07
2.111718231805992296e-07
2.014445119176135702e-07
1.921170986150225866e-07
1.831696195683547262e-07
1.745960395786448335e-07
1.663885464604420704e-07
1.585272167954022029e-07
1.509913942559600739e-07
1.437829565759959140e-07
1.368987585397848576e-07
1.303066624611823032e-07
1.239872164007863443e-07
1.179585044805129154e-07
1.122123862226937199e-07
1.067148220804472214e-07
1.014574051465287919e-07
9.645339006751652846e-08
9.168323270354782484e-08
8.710912744333652857e-08
8.274560618721836096e-08
7.860974846753497551e-08
7.466369392244735855e-08
7.088626740657073845e-08
6.729429763960332572e-08
6.387982710932152123e-08
6.062229170170604395e-08
5.751978464998916714e-08
5.457348278218631156e-08
5.176703809050956178e-08
4.909342683502978075e-08
4.655517098737044814e-08
4.414514910425515152e-08
4.184788495633795129e-08
3.966304805561019250e-08
3.758655748858482870e-08
3.562542983138743889e-08
3.374976400919558688e-08
3.196673349704456016e-08
3.027929056728213415e-08
2.868308833708334017e-08
2.716242576801485341e-08
2.571475565192758693e-08
2.434858363332043795e-08
2.305150864391646041e-08
2.182071477075132936e-08
2.065071645067781218e-08
1.954581716329286415e-08
1.849640030942495798e-08
1.749835888121223931e-08
1.655241565219749056e-08
1.566530843253381489e-08
1.481609947816671703e-08
1.400869105831905454e-08
1.325100427385033802e-08
1.253427257128638626e-08
1.185265225058642587e-08
1.120530390039353218e-08
1.059466796949042741e-08
1.002017527854743579e-08
9.470354001222602837e-09
8.948986713194528673e-09
8.463242152486807348e-09
7.999665247789633278e-09
7.557419777223187355e-09
7.142325332062652784e-09
6.752667397984460294e-09
6.380444628400078519e-09
6.025167053525671741e-09
5.695491204661741897e-09
5.385310696881160688e-09
5.086535317016268470e-09
4.801686757644228319e-09
4.539524784402137604e-09
4.290016133247158256e-09
4.050584114978739509e-09
3.824773222078672299e-09
3.617480505398498684e-09
3.416327582962395890e-09
3.223237651451963987e-09
3.044572927620840774e-09
2.878975080028062849e-09
2.717336123113599778e-09
2.563379606334542275e-09
2.422672808858742813e-09
2.288815891921586115e-09
2.159068296849353777e-09
2.036053803004429779e-09
1.924299203381688276e-09
1.816923140321677405e-09
1.713160121237917584e-09
1.614183939481904603e-09
1.525830691538091132e-09
1.439018849532611837e-09
1.355019221880538027e-09
1.277473279554415036e-09
1.205753410275264190e-09
1.136240494766461715e-09
1.068392648990934867e-09
1.006973135035001211e-09
9.478349055756261536e-10
8.914078751659470831e-10
8.364899496798645158e-10
7.864734895491974336e-10
7.384472446631630584e-10
6.928272603133454980e-10
6.484344624462171086e-10
6.088914494893133728e-10
5.697023466269960331e-10
5.316648835119933247e-10
4.964647919869474883e-10
4.635647477669880559e-10
4.310862896338206088e-10
3.992822385030220264e-10
3.711555033409604198e-10
3.434187488094058092e-10
3.171139648870679120e-10
2.924480418221304767e-10
2.700666144981764527e-10
2.483258965848197623e-10
2.278144974246912165e-10
2.080753004547375994e-10
1.907311718970078467e-10
1.735021538043762681e-10
1.578625255217236100e-10
1.437103920448593301e-10
1.309717946969367886e-10
1.190937840300801250e-10
1.081113783877747968e-10
9.883692430020107248e-11
9.038198681873203372e-11
8.314804085486483344e-11
7.687086340781386090e-11
7.200663077225687820e-11
6.729255324018542441e-11
6.296280052264735795e-11
5.935581305372081414e-11
5.681470087266760506e-11
5.477168615216422219e-11
5.272044171130761678e-11
5.076894951247419442e-11
4.867031546443447411e-11
4.658635573692175974e-11
4.436694483187078909e-11
4.223514747230605246e-11
3.947492405657592865e-11
3.665214792885107737e-11
3.379458786127751962e-11
3.099139142623901205e-11
2.776834414793183235e-11
2.457366723927533625e-11
2.180554512400427783e-11
1.962270871192176214e-11
1.734838942832722761e-11
1.545756759414316925e-11
1.440983561811080670e-11
1.356935693892390953e-11
1.282465132815952928e-11
1.262326030064051309e-11
1.272713588116550649e-11
1.249366884730169984e-11
1.211330560041890164e-11
1.170723442948269986e-11
1.098186506890372929e-11
1.006842154311343273e-11
8.923258217786835891e-12
7.494465410612440334e-12
6.512316930096006212e-12
5.738975184207800459e-12
4.930741909498466039e-12
4.784396228404385335e-12
4.831138441170947847e-12
5.042795321786808032e-12
5.024061937893194537e-12
5.013265255825813857e-12
4.755806202787479046e-12
4.082217616240907137e-12
3.475256327980957561e-12
2.871183238752992574e-12
2.453646114037516237e-12
2.250422830064049422e-12
2.340462565501381808e-12
2.483112271131599402e-12
2.562310147047753923e-12
2.508388731546309033e-12
2.198451654548155189e-12
1.756622811703582236e-12
1.401649918971326495e-12
1.168014839998623596e-12
1.299747751181723131e-12
1.442990713997526591e-12
1.546762705948022038e-12
1.382386898031136221e-12
1.074820727244615856e-12
8.110811760746203888e-13
7.329417426976425907e-13
8.378563527069862579e-13
9.445081532573271132e-13
9.321942873359172754e-13
7.382585217056079928e-13
5.229110436763791454e-13
4.521910284298138874e-13
5.834296264303096370e-13
6.759066804926288039e-13
5.666217311020016694e-13
3.598156567965307538e-13
3.170232821980305914e-13
4.165379523344981026e-13
4.686151961445039274e-13
3.653862847496390022e-13
2.345523747416997806e-13
2.393655730218757586e-13
3.517683912803871592e-13
3.091684115919520588e-13
1.659512411977300808e-13
1.800354070845008702e-13
2.729563028457021599e-13
2.099762225143158946e-13
1.228822951329810465e-13
1.549676611739894758e-13
2.174969895379103550e-13
1.145079199734049161e-13
9.593562061111219032e-14
1.730592307120957237e-13
1.119772098061718934e-13
6.661081959831458646e-14
1.389807577289062782e-13
9.035235104582592790e-14
5.442297644644812116e-14
1.184361328398150218e-13
5.713832733481530143e-14
5.772211494236617271e-14
9.748392972138739576e-14
2.182871581906024046e-14
8.662176119380173629e-14
3.564703869582226656e-14
5.031859547333553352e-14
5.433478577582231284e-14
2.597793481788741116e-14
5.767913084635138932e-14
1.760364203257964562e-14
5.087952325100381829e-14
1.647784933029635635e-14
4.183546903372619864e-14
1.665552243359423810e-14
3.400702311214857270e-14
1.626752951187914673e-14
2.794903463597672462e-14
1.522956459356831732e-14
2.331274336999729621e-14
1.384054074885968394e-14
1.968240848710941618e-14
1.234698319364838656e-14
1.676019885986252824e-14
1.088941737792552837e-14
1.435496504494832797e-14
9.534700804253529278e-15
1.234385200124586226e-14
8.308601395782950662e-15
1.064432392869273625e-14
7.215922238613757124e-15
9.197793824755115503e-15
6.251372581329683414e-15
7.960537548427965308e-15
5.405182974436115381e-15
6.898600820362681534e-15
4.665964013674921801e-15
5.984830026643586825e-15
4.022146264709964217e-15
5.197048130996835260e-15
3.462686233792723479e-15
4.516869839704013472e-15
2.977388206909181025e-15
3.928890052780664305e-15
2.557023354241963511e-15
3.420101276268847924e-15
2.193342132126604395e-15
2.979458573188044445e-15
1.879031881259059222e-15
2.597544158935126959e-15
1.607648104435045576e-15
2.266302222126368023e-15
1.373535191100051257e-15
1.978825129285512053e-15
1.171745278562637076e-15
1.729178437948344276e-15
9.979599342308313912e-16
1.512256004250139366e-15
8.484170460224726241e-16
1.323658934883531088e-15
7.198439840731772330e-16
1.159593755797444589e-15
6.093973318103474149e-16
1.016786287585005659e-15
5.146090602701650062e-16
8.924084948763041593e-16
4.333387851144306136e-16
7.840161467684904374e-16
3.637316319365304583e-16
6.894955498650556536e-16
3.041811935516834022e-16
6.070179333537534202e-16
2.532970593144460814e-16
5.350003204534797065e-16
2.098764176240170445e-16
4.720719130377410856e-16
1.728792666065517381e-16
4.170451804898161828e-16
1.414068060723216510e-16
3.688909673609168590e-16
1.146826259656803966e-16
3.267170449989877943e-16
9.203634606559914593e-17
2.897496155583856219e-16
7.288939870879471039e-17
2.573173534373514393e-16
5.674268414726512172e-17
2.288376276547306984e-16
4.316585732127073134e-17
2.038046019363364875e-16
3.178803668668304167e-17
1.817789521746183539e-16
2.228974914860704567e-17
1.623789775844345186e-16
1.439595059529023097e-17
1.452729148215612258e-16
7.869980133154796056e-18
1.301722893973596313e-16
2.508325423168464044e-18
1.168261632813872793e-16
-1.863908262866216569e-18
1.050161559345598961e-16
-5.396918956018202038e-18
9.455213409990206580e-17
-8.219599459620100772e-18
8.526847968226100782e-17
-1.044247027713972944e-17
7.702085666562833913e-17
-1.216021535110750420e-17
6.968341066491428613e-17
-1.345387364716925140e-17
6.314634184058181978e-17
-1.439273272398265348e-17
5.731380139092559479e-17
-1.503596441220445158e-17
5.210206781136601466e-17
-1.543403738293380497e-17
4.743796539181718748e-17
-1.562993650569377790e-17
4.325749255285196828e-17
-1.566021530234409956e-17
3.950463171736033424e-17
-1.555590381229244903e-17
3.613031663398047347e-17
-1.534329166645333738e-17
3.309153577191127318e-17
-1.504460323554795690e-17
3.035055404078534779e-17
-1.467857944409149693e-17
2.787423670472712716e-17
-1.426097895995871553e-17
2.563346218638353597e-17
-1.380500986080066444e-17
2.360261154530920066e-17
-1.332170111776522046e-17
2.175912484150163721e-17
-1.282022217226126538e-17
2.008311539114195443e-17
-1.230815772426825932e-17
1.855703407011057022e-17
-1.179174382752825139e-17
1.716537732918197990e-17
-1.127607070171841509e-17
1.589443292116381881e-17
-1.076525670854329633e-17
1.473205859677652661e-17
-1.026259747268045269e-17
1.366748916864144850e-17
-9.770693763271251512e-18
1.269116851906667245e-17
-9.291560778675765110e-18
1.179460302308810257e-17
-8.826721642362931591e-18
1.097023382697564089e-17
-8.377287142834501506e-18
1.021132542580694431e-17
-7.944023700731987047e-18
9.511868339046808408e-18
-7.527411170813040700e-18
8.866494361578125672e-18
-7.127691831075595540e-18
8.270402463544862339e-18
-6.744911806973669535e-18
7.719294282181402222e-18
-6.378955970270978314e-18
7.209317796704857367e-18
-6.029577149998957851e-18
6.737018316579561883e-18
-5.696420395881396076e-18
6.299295950140735672e-18
-5.379042968454256897e-18
5.893368610123764931e-18
-5.076930524270796477e-18
5.516740193877268279e-18
-4.789510011887015594e-18
5.167173246143212905e-18
-4.516159531466286034e-18
4.842665739459565501e-18
-4.256215421704329371e-18
4.541431578571848466e-18
-4.008976973669830253e-18
4.261884613500436026e-18
-3.773708655897473023e-18
4.002625958262665469e-18
-3.549640040306851507e-18
3.762434442855803702e-18
-3.335963510502702183e-18
3.540260234191339261e-18
-3.131829556348471212e-18
3.335221507542962096e-18
-2.936339665700736100e-18
3.146604417290476311e-18
-2.748536540888442923e-18
2.973866363806435527e-18
-2.567391487284478776e-18
