# bin_4_2
1.031181072408890515e-07
-9.427717177985267574e-08
9.697175490630521335e-08
-8.857281575343702321e-08
9.126078495036503399e-08
-8.314950232306410358e-08
8.596354697735069555e-08
-7.798343483228956152e-08
8.106181805491203730e-08
-7.305018063990704111e-08
7.654084248052632347e-08
-6.832441487104219194e-08
7.238943098322239719e-08
-6.377961412384902370e-08
6.860012299609200341e-08
-5.938770000121506790e-08
6.516941575876887428e-08
-5.511862340813676508e-08
6.209806373071173388e-08
-5.093988878792069722e-08
5.939145221243185041e-08
-4.681601046428602591e-08
5.706004870073930430e-08
-4.270790138101850054e-08
5.511993322892341414e-08
-3.857218892030746790e-08
5.359340725355479593e-08
-3.436046239832069742e-08
5.250967876072313042e-08
-3.001845523786287968e-08
5.190561254118497092e-08
-2.548517509474110079e-08
5.182653176558536017e-08
-2.069200057275933550e-08
5.232704375769406599e-08
-1.556177699848687064e-08
5.347185264915592256e-08
-1.000795547347101418e-08
5.533650334521517785e-08
-3.933840757004704771e-09
5.800798127074032021e-08
2.767965175050831509e-09
6.158506701106453670e-08
1.021580801889077393e-08
6.617831422650155952e-08
1.853876787342905810e-08
7.190948538277720442e-08
2.787580251303387417e-08
7.891024255813853103e-08
3.837402742212185576e-08
8.731985300434212896e-08
5.018587406444719967e-08
9.728163676602181650e-08
6.346484252271734815e-08
1.089378634238149453e-07
7.835955167848057137e-08
1.224228055816159586e-07
9.500581050661945462e-08
1.378536976766282064e-07
1.135164969723263336e-07
1.553194438728178031e-07
1.339691663395228536e-07
1.748670949815240944e-07
1.563915344157765964e-07
1.964863977140773495e-07
1.807453295780596967e-07
2.200931339958492413e-07
2.069094938347835059e-07
2.455125338582334852e-07
2.346643576398331911e-07
2.724647609421562837e-07
2.636791928692489504e-07
3.005553033345686911e-07
2.935064127566686073e-07
3.292739630812759470e-07
3.235865036291837178e-07
3.580068577401191202e-07
3.532683285711287028e-07
3.860661521517146980e-07
3.818493996160630884e-07
4.127417378632546637e-07
4.086396340049119250e-07
4.373772823265490982e-07
4.330494673325731422e-07
4.594694586300700803e-07
4.546985167274177920e-07
4.787833553809278131e-07
4.735340406593338573e-07
4.954690680062724739e-07
4.899395906975279264e-07
5.101551082192903706e-07
5.048048837369265508e-07
5.239856106699533833e-07
5.195208978081134318e-07
5.385640553657830970e-07
5.358640221145727076e-07
5.557715951501177651e-07
5.557454891551475092e-07
5.774488639943250722e-07
5.808325303728290290e-07
6.049702314046771251e-07
6.120972062828994334e-07
6.387966922706981711e-07
6.494105129966919106e-07
6.781545190105073400e-07
6.913524613431284813e-07
7.210230352442987860e-07
7.354177364476265748e-07
7.645854625863758644e-07
7.787187140421925851e-07
8.061633221391382316e-07
8.190966690565805397e-07
8.444127800273366135e-07
8.562758764865410296e-07
8.802809388266245946e-07
8.924534781942619684e-07
9.170704845052559482e-07
9.317195979092560422e-07
9.591686002487791708e-07
9.781524948506011280e-07
1.009692012819432673e-06
1.033327436064878825e-06
1.068281211221273732e-06
1.094870247308389084e-06
1.130852059932149484e-06
1.157699157249129499e-06
1.192358220980037944e-06
1.217987556951028468e-06
1.251257679455049704e-06
1.277132971565407918e-06
1.311865437820674736e-06
1.341548631114779849e-06
1.381153886699232915e-06
1.416849933957414582e-06
1.461628217790965597e-06
1.501474380069104300e-06
1.547982543001011286e-06
1.588110070290000563e-06
1.633637175796518634e-06
1.673731658411566770e-06
1.720838889040461747e-06
1.765510029315188938e-06
1.819046547078776441e-06
1.871138127555971774e-06
1.930514803666095697e-06
1.986164146156434171e-06
2.046342472671609578e-06
2.102324414110062209e-06
2.164211846230615256e-06
2.225449620363168245e-06
2.295214684464281173e-06
2.365081022672537808e-06
2.440893627309995493e-06
2.513607711069326340e-06
2.590349356793661717e-06
2.665962491049334548e-06
2.749353269149506912e-06
2.834546450261869838e-06
2.926127357775912096e-06
3.015628483181149074e-06
3.108561614333435859e-06
3.201316670338710972e-06
3.301779152963536887e-06
3.404121023256649153e-06
3.510672164001838847e-06
3.614626583826084613e-06
3.722711457840496294e-06
3.832898749893618686e-06
3.949076019879809265e-06
4.063176924054190684e-06
4.178486749395639768e-06
4.293789973532822924e-06
4.414549542895374150e-06
4.533265247785174242e-06
4.651203536903572980e-06
4.767453653158434972e-06
4.887382047267717244e-06
5.003350781252442394e-06
5.116754930702274658e-06
5.228058690565357054e-06
5.340142547279547330e-06
5.444993263903308314e-06
5.547569935874911277e-06
5.647718617105120419e-06
5.743536260010855545e-06
5.832373771978483237e-06
5.921203084053561195e-06
6.002798418874694843e-06
6.080383536329862414e-06
6.155555210808894368e-06
6.225969742281191977e-06
6.292405310433810554e-06
6.359101640927184121e-06
6.419694768354775726e-06
6.482956206270670410e-06
6.542447203624418767e-06
6.603678099078704021e-06
6.664954741291134297e-06
6.726962420159517244e-06
6.791321183638766992e-06
6.856306275904822514e-06
6.924078635857185502e-06
6.992528578087623524e-06
7.062971011326245701e-06
7.133653482194086180e-06
7.204911820231680808e-06
7.275490619121954967e-06
7.345154146271468868e-06
7.413210540237413310e-06
7.479355444408128072e-06
7.543554186916626562e-06
7.605794623925500136e-06
7.666695040400392066e-06
7.726604173553594111e-06
7.786552797228570036e-06
7.846985606126673869e-06
7.908876156755802525e-06
7.972313377399628051e-06
8.037739992416197631e-06
8.104582635437421458e-06
8.172627780136032519e-06
8.240807483147006890e-06
8.308673327359236921e-06
8.375307876140158830e-06
8.440740253444495509e-06
8.504824853665865015e-06
8.568397841213838649e-06
8.631997181133606260e-06
8.696719121194991541e-06
8.762895596150311188e-06
8.830896240287232615e-06
8.900098159892494391e-06
8.969939910881842205e-06
9.039336831906539860e-06
9.107882995899860604e-06
9.175331562542581341e-06
9.242399962183624339e-06
9.309821507206509579e-06
9.378580318824101487e-06
9.448838504183245391e-06
9.520340424953804235e-06
9.592056219352167217e-06
9.663229459196284960e-06
9.733449401507821458e-06
9.803319922633150214e-06
9.873722785092201203e-06
9.945503655923757327e-06
1.001853350241460364e-05
1.009203606004532986e-05
1.016497535667211646e-05
1.023715170485291913e-05
1.030922192350721045e-05
1.038225010790713762e-05
1.045651924620711851e-05
1.053131973465531306e-05
1.060559433678453922e-05
1.067919225727613479e-05
1.075300985712118741e-05
1.082793414943803146e-05
1.090366616209780876e-05
1.097907977686270725e-05
1.105376907023239511e-05
1.112860823320324996e-05
1.120446547664915140e-05
1.128076628744324202e-05
1.135645752234486385e-05
1.143171149535583097e-05
1.150768272735164454e-05
1.158427159446546014e-05
1.166036345448160089e-05
1.173590086091846397e-05
1.181205863502951310e-05
1.188859183497209461e-05
1.196446110192428298e-05
1.204004330546243318e-05
1.211625760292622087e-05
1.219217315513431915e-05
1.226751042166439345e-05
1.234313202204369837e-05
1.241865565765278095e-05
1.249343323979068035e-05
1.256851455075904197e-05
1.264322402632991260e-05
1.271723892923270880e-05
1.279147801341354522e-05
1.286512540140492240e-05
1.293809193218687136e-05
1.301125866842943537e-05
1.308335338066240924e-05
1.315538745158637357e-05
1.322662146453336358e-05
1.329738116154866697e-05
1.336767969971504413e-05
1.343706649661445218e-05
1.350605753481624549e-05
1.357408983636744645e-05
1.364159889827622083e-05
1.370807064907607354e-05
1.377389570665891354e-05
1.383871678337037167e-05
1.390267822605988131e-05
1.396554102752131767e-05
1.402749527113047129e-05
1.408828113205787270e-05
1.414796863526616205e-05
1.420643008728280358e-05
1.426373005204566405e-05
1.431968946133311951e-05
1.437430070746461862e-05
1.442746854110299291e-05
1.447922552353185596e-05
1.452942444276092411e-05
1.457804431873619789e-05
1.462501768918604470e-05
1.467032329861933989e-05
1.471385688227129272e-05
1.475558001442409536e-05
1.479547661755325676e-05
1.483346934000638547e-05
1.486950217182992970e-05
1.490350531466558167e-05
1.493546029538030938e-05
1.496528112310154646e-05
1.499293218474739722e-05
1.501834132551892430e-05
1.504148329290270065e-05
1.506223998069317719e-05
1.508058047546163770e-05
1.509643078537361286e-05
1.510975857682139604e-05
1.512048708876847665e-05
1.512859215911654953e-05
1.513400834186138417e-05
1.513671058612550607e-05
1.513665036979361748e-05
1.513381107421210297e-05
1.512812998125086688e-05
1.511955585271557300e-05
1.510802613508614035e-05
1.509352015590278714e-05
1.507598071059750282e-05
1.505537150613903248e-05
1.503164429203800250e-05
1.500481734731134415e-05
1.497485260375898948e-05
1.494174261970128244e-05
1.490543348402241881e-05
1.486593558143413874e-05
1.482320618827421994e-05
1.477725094715014929e-05
1.472803054961543299e-05
1.467558692040834413e-05
1.461991158236480467e-05
1.456104102347865435e-05
1.449895298568895758e-05
1.443366900745822226e-05
1.436513535984104098e-05
1.429339365597154063e-05
1.421846904984615898e-05
1.414042067348402522e-05
1.405926450883916042e-05
1.397504743532462394e-05
1.388776654584860030e-05
1.379749899249840200e-05
1.370428086064431323e-05
1.360820382179599476e-05
1.350929495437717667e-05
1.340759934604704604e-05
1.330313874818069426e-05
1.319601227954585653e-05
1.308628515359750996e-05
1.297405171119929909e-05
1.285934912214307398e-05
1.274227325321326026e-05
1.262289171220076152e-05
1.250132852443560425e-05
1.237762851347713394e-05
1.225188284550765044e-05
1.212418058390965693e-05
1.199465478888887342e-05
1.186335660530981058e-05
1.173039803953340432e-05
1.159587890933392480e-05
1.145993763209525171e-05
1.132262726547854813e-05
1.118405919902482241e-05
1.104432552000438901e-05
1.090353186413672239e-05
1.076177902703973630e-05
1.061921321693617341e-05
1.047588484441548196e-05
1.033190710213354476e-05
1.018740292707202173e-05
1.004247123488757240e-05
9.897189264934308571e-06
9.751693357923219002e-06
9.606045820802639737e-06
9.460378122505687276e-06
9.314745496531363057e-06
9.169284835034603596e-06
9.024087888878729586e-06
8.879242148415176212e-06
8.734833091852346035e-06
8.590965933785679363e-06
8.447715285622194715e-06
8.305154955448106567e-06
8.163368021736576029e-06
8.022448311007468358e-06
7.882449401131739103e-06
7.743455943391110280e-06
7.605537575459248453e-06
7.468764048123278437e-06
7.333176414227899018e-06
7.198866466946898052e-06
7.065894865957203012e-06
6.934329190659956452e-06
6.804193087769837777e-06
6.675549078714209944e-06
6.548449024696514151e-06
6.422939314653593539e-06
6.299038449400169057e-06
6.176794859851241828e-06
6.056254187757535319e-06
5.937427449040151949e-06
5.820348970561184280e-06
5.705081987389225832e-06
5.591634085885097594e-06
5.480002792618963409e-06
5.370207312749196519e-06
5.262304807108944284e-06
5.156276963680556722e-06
5.052109823324488197e-06
4.949830336349143124e-06
4.849486770073899369e-06
4.751044549595940667e-06
4.654489458965239522e-06
4.559836607850762718e-06
4.467102709126402255e-06
4.376231255888315750e-06
4.287234644140582165e-06
4.200137195339074235e-06
4.114923562946897186e-06
4.031527714723950393e-06
3.949952820569584594e-06
3.870216803985110210e-06
3.792291222693475421e-06
3.716118930748968279e-06
3.641702421031357583e-06
3.569049126924401101e-06
3.498090261455753011e-06
3.428792242874592137e-06
3.361171084649734233e-06
3.295211657290898279e-06
3.230827697495409285e-06
3.167995016800995983e-06
3.106752439487327280e-06
3.047048364640492757e-06
2.988796063261801249e-06
2.931977979744997136e-06
2.876638945455252515e-06
2.822696339100391667e-06
2.770084474721128028e-06
2.718794602699347909e-06
2.668854723701034702e-06
2.620160414840723079e-06
2.572670122076162013e-06
2.526395223090362957e-06
2.481331311992753150e-06
2.437355147589438985e-06
2.394464799964887847e-06
2.352689982487979724e-06
2.311968470797289486e-06
2.272207529141596511e-06
2.233411456409323722e-06
2.195602516158488349e-06
2.158705454878475510e-06
2.122654750972581432e-06
2.087453994794127802e-06
2.053124384669561147e-06
2.019557785647037217e-06
1.986728794117977736e-06
1.954661433057329167e-06
1.923334509003240327e-06
1.892647869217749509e-06
1.862592874674613410e-06
1.833220604514311915e-06
1.804458844291582663e-06
1.776241173362016583e-06
1.748564486550321120e-06
1.721475836742387919e-06
1.694884869214109521e-06
1.668757390288159580e-06
1.643097398064128732e-06
1.617935474721378297e-06
1.593166488738247695e-06
1.568787955061488822e-06
1.544825074203758350e-06
1.521265753643269976e-06
1.498020470186540611e-06
1.475101260721926166e-06
1.452550983224822488e-06
1.430312820248376755e-06
1.408340629000714289e-06
1.386646017166412907e-06
1.365263345581449150e-06
1.344126758927842271e-06
1.323218152772226471e-06
1.302550986115907675e-06
1.282148997030185439e-06
1.261934875135104429e-06
1.241915229378185809e-06
1.222120990761032030e-06
1.202534835896241298e-06
1.183110130256053037e-06
1.163854694753198813e-06
1.144815950521875928e-06
1.125947547489537070e-06
1.107242383505880339e-06
1.088707379464209029e-06
1.070381943482993632e-06
1.052214323337481466e-06
1.034210101363328314e-06
1.016370413733064509e-06
9.987087552097899019e-07
9.811606257034018051e-07
9.637269929467906200e-07
9.464082696728437812e-07
9.291759344247771569e-07
9.119880660751835193e-07
8.948373723830714251e-07
8.777384232382150135e-07
8.606606062957198550e-07
8.436072415002708594e-07
8.265916797363534231e-07
8.096472836472002376e-07
7.927591010425240525e-07
7.759482779477605766e-07
7.592356902452968740e-07
7.426497575523488761e-07
7.261976784332129615e-07
7.099153061166577312e-07
6.938396486610600525e-07
6.779768424019979913e-07
6.623371252037192460e-07
6.469305373877251220e-07
6.317875526002608916e-07
6.169082208625170651e-07
6.023079254517667050e-07
5.879765661178606497e-07
5.739208229668696440e-07
5.601272069053247518e-07
5.466083204514913145e-07
5.333547472145257143e-07
5.203579197944640218e-07
5.076023551602755598e-07
4.950893346278328785e-07
4.828136954816898263e-07
4.707593293972900730e-07
4.589172935356633810e-07
4.472830730015720361e-07
4.358529163603392159e-07
4.246123114728703908e-07
4.135585347372337418e-07
4.026859616316398548e-07
3.919870819484314772e-07
3.814578973078074556e-07
3.711029842222050178e-07
3.609105718343533145e-07
3.508751755319658571e-07
3.410158092732923314e-07
3.313238798564880259e-07
3.217835185508493649e-07
3.124083269946672880e-07
3.032021715889926208e-07
2.941479939038441310e-07
2.852539821809792652e-07
2.765188599510795437e-07
2.679478792378491770e-07
2.595328332059586039e-07
2.512778791413346401e-07
2.431884754737337974e-07
2.352649641083364779e-07
2.275098957477605469e-07
2.199180330153163259e-07
2.125005084321805024e-07
2.052521782657590764e-07
1.981643475521937104e-07
1.912467190140239059e-07
1.844964734408850249e-07
1.779103489747603025e-07
1.714830705389566255e-07
1.652225280052480093e-07
1.591351375430022988e-07
1.532157868046808813e-07
1.474598198600674113e-07
1.418692869281824787e-07
1.364388079367719684e-07
1.311577589030763110e-07
1.260305780730299663e-07
1.210639694066749156e-07
1.162578446985068824e-07
1.116055169757050521e-07
1.071045668031464555e-07
1.027440668275175311e-07
9.852286429316207137e-08
9.444484212237907430e-08
9.051283539941695188e-08
8.671799517098251187e-08
8.305505766037181348e-08
7.951678149600433194e-08
7.610444045072301212e-08
7.281741249820308276e-08
6.965407602160097529e-08
6.661253298457885432e-08
6.368291721621139862e-08
6.086061180934024240e-08
5.814588123936711207e-08
5.554517568374255601e-08
5.304714308317950336e-08
5.063972260179352914e-08
4.832657570985172636e-08
4.611603105769136848e-08
4.399627882803279550e-08
4.195692293108877600e-08
4.000276180026185009e-08
3.813717422941450147e-08
3.634814786920532456e-08
3.462990749270067541e-08
3.298807383978099272e-08
3.142215947333440155e-08
2.991880039311255739e-08
2.847871804733144593e-08
2.711071658318475093e-08
2.579772823364856234e-08
2.453953134504337367e-08
2.334881220005592984e-08
2.220598376736362392e-08
2.110903232373807783e-08
2.007041429633305385e-08
1.908067723474952031e-08
1.813168049235979481e-08
1.722909560485937408e-08
1.636703716311573081e-08
1.555072309633535910e-08
1.476649205066287792e-08
1.402288821500924846e-08
1.331549070125160172e-08
1.264024233564980573e-08
1.199777519955351978e-08
1.138457949674678699e-08
1.080581939877935401e-08
1.025023184999648722e-08
9.724021799537715479e-09
9.223778201757303039e-09
8.748763292529748542e-09
8.295965423971132523e-09
7.866328324992558632e-09
7.458660246999563675e-09
7.071168444646346473e-09
6.702326338654289006e-09
6.351441687691403038e-09
6.020314139076699866e-09
5.704547388365741196e-09
5.403896987249090471e-09
5.119207183682929443e-09
4.850506839505319544e-09
4.594964663160601801e-09
4.351034425366863061e-09
4.121382303685020558e-09
3.903467996042408692e-09
3.695986748366062662e-09
3.498766101349111627e-09
3.313646673665147836e-09
3.137361271133823995e-09
2.969431850640265838e-09
2.810734901683196103e-09
2.661816609518664233e-09
2.519105136403562069e-09
2.382927762476142530e-09
2.254714322405668049e-09
2.134481376611525552e-09
2.019372375760751970e-09
1.909841364864094509e-09
1.807090504581109211e-09
1.709453473992379240e-09
1.615678540675711701e-09
1.526733801273279460e-09
1.444440747648389893e-09
1.365838328954118123e-09
1.290002770743556401e-09
1.218286914556871019e-09
1.152172405372610563e-09
1.088386045660215305e-09
1.026809378811768722e-09
9.693750131325794240e-10
9.156307319070770164e-10
8.639498359019144047e-10
8.140029455218989259e-10
7.673191335886629568e-10
7.231533825403473398e-10
6.806670793794507666e-10
6.397138460610807393e-10
6.017178178853634023e-10
5.653502518964861865e-10
5.307430499847546578e-10
4.977018324334639622e-10
4.669406213471126521e-10
4.372550216105490274e-10
4.084281480639151044e-10
3.813784493537211016e-10
3.561308673016347759e-10
3.311847444476913301e-10
3.067907864868560286e-10
2.847942219982622750e-10
2.635233710472130904e-10
2.432179126357758247e-10
2.242257483976921909e-10
2.067542510434953425e-10
1.899743635429959495e-10
1.740036203789505050e-10
1.589540573322278781e-10
1.452059743215229305e-10
1.318715291606870749e-10
1.197771757200883852e-10
1.087845445323515195e-10
9.903931427576237662e-11
8.991405318496944648e-11
8.143433301604492304e-11
7.412193773096973482e-11
6.769021692635863383e-11
6.223121283690195222e-11
5.757064164472811470e-11
5.398186309897081620e-11
5.042285145336132132e-11
4.710599642671186095e-11
4.456213486649696908e-11
4.270836456780421106e-11
4.132921638807088690e-11
3.996033613055574196e-11
3.855418465780894916e-11
3.705481473342280254e-11
3.556132441103722590e-11
3.400675080766239931e-11
3.243823304473079422e-11
3.031565737891117145e-11
2.812561549776221441e-11
2.594449621763534586e-11
2.384851606748454472e-11
2.125044237199060892e-11
1.864529020042388172e-11
1.651269413454995845e-11
1.479439056708393350e-11
1.296860600474826847e-11
1.148734941675247735e-11
1.074369653885071806e-11
1.016447188503512990e-11
9.581529970501065878e-12
9.512775140922929317e-12
9.731421486741123381e-12
9.562559630497657814e-12
9.287095396843145618e-12
9.014625336321243054e-12
8.412581029912387633e-12
7.708101650876158334e-12
6.817157258017101576e-12
5.647712418210973042e-12
4.906160849160916806e-12
4.345367222339808259e-12
3.665002629321754688e-12
3.585193233173101666e-12
3.613919588232496481e-12
3.827608386923493850e-12
3.817875703100859623e-12
3.838734950534566856e-12
3.690490556081612278e-12
3.144414779575902824e-12
2.657871485624649390e-12
2.153996294082176015e-12
1.809873313274477066e-12
1.640918860232202349e-12
1.766851443971818210e-12
1.905989219587210776e-12
1.983370074955218653e-12
1.938948945507725610e-12
1.670535903941859663e-12
1.315983913900048069e-12
1.052178098225435840e-12
8.724449416408088831e-13
9.849500758074795387e-13
1.087059396228428872e-12
1.186201749950555698e-12
1.067416635341580625e-12
8.319109669557383098e-13
6.016657103034536386e-13
5.270689178922110559e-13
6.297211473236519017e-13
7.389887013016772626e-13
7.255080777753805896e-13
5.527963263870300486e-13
3.818470713812366968e-13
3.428512615358423573e-13
4.463789770023463510e-13
5.146339909370327630e-13
4.361394561528304984e-13
2.748488843816022456e-13
2.277851091931523251e-13
3.135647989551575660e-13
3.700817062708965086e-13
2.783807365614358050e-13
1.657914725513496601e-13
1.844158747218187435e-13
2.713593707035594865e-13
2.342645954132858089e-13
1.261985431176731806e-13
1.315370733420560496e-13
2.097708867526237183e-13
1.658834221770506777e-13
8.374307247919061032e-14
1.211269968226124849e-13
1.673679884111808413e-13
8.527139451895555500e-14
7.123951213728254204e-14
1.327229783622225573e-13
8.748597901721015505e-14
4.484890616061089467e-14
1.107905399170685340e-13
6.639826994467456773e-14
4.056334268258996649e-14
9.142709472496444753e-14
4.309969502841019947e-14
4.210092322537365067e-14
7.712526731890939854e-14
1.311996284818983143e-14
6.856441736123731260e-14
2.534328746869810709e-14
3.878817512221499994e-14
4.151223178051422071e-14
1.891435945844048751e-14
4.482339401921880967e-14
1.228354359927857897e-14
3.961353549757449135e-14
1.164781922016178369e-14
3.246753269496671910e-14
1.206337586976127724e-14
2.627598875937004314e-14
1.197708469058800203e-14
2.151038286192268295e-14
1.132117161056187232e-14
1.788836431783285183e-14
1.034703514051982965e-14
1.507024359895132880e-14
9.262579785817307197e-15
1.281323530273394497e-14
8.187424142197981911e-15
1.096242110691993456e-14
7.179699825573817743e-15
9.419019698045137021e-15
6.263115503063878877e-15
8.117254807797982972e-15
5.443693374921392471e-15
7.010837608888927855e-15
4.718823687040812898e-15
6.065483873838762231e-15
4.081954187484248451e-15
5.254736029077245529e-15
3.524989146271120636e-15
4.557540186664562247e-15
3.039508265672296331e-15
3.956767110668388758e-15
2.617374023384667505e-15
3.438258352805456688e-15
2.251017918492387830e-15
2.990177721844479881e-15
1.933556315687036001e-15
2.602549042589806915e-15
1.658815761352225110e-15
2.266913238737606205e-15
1.421311017778395354e-15
1.976065480022620001e-15
1.216199635586196216e-15
1.723848390925354047e-15
1.039226322055671333e-15
1.504986016995019520e-15
8.866644785609575476e-16
1.314948395169160070e-15
7.552589462300850705e-16
1.149839730986437837e-15
6.421720757925517501e-16
1.006305192976508328e-15
5.449341260896330665e-16
8.814526533934937107e-16
4.613983488283515040e-16
7.727866022230472074e-16
3.897007514871209036e-16
6.781520886869375754e-16
3.282243232084200660e-16
5.956869996767900497e-16
2.755674076225675202e-16
5.237813186478250222e-16
2.305158579195215572e-16
4.610422641645717282e-16
1.920186017715585357e-16
4.062644035349889243e-16
1.591662516366416250e-16
3.584039921386819711e-16
1.311724191926189360e-16
3.165569127276104060e-16
1.073574176765649355e-16
2.799396895115973555e-16
8.713406634975443731e-17
2.478731337467353489e-16
6.999533879508463785e-17
2.197682451306144512e-16
5.550362628469671200e-17
1.951140498429825268e-16
4.328141141804301078e-17
1.734671032814720796e-16
3.300317306960308917e-17
1.544424249102775079e-16
2.438836350313441293e-17
1.377056663970941742e-16
1.719531930057869818e-17
1.229663424349983517e-16
1.121598404992991521e-17
1.099719782427397004e-16
6.271336761748983928e-18
9.850304737792075924e-17
2.207432819204725051e-18
8.836859235275457729e-17
-1.108023037486354303e-18
7.940243447041920889e-17
-3.788642539146323458e-18
7.145989290753285411e-17
-5.931919451879880476e-18
6.441494376549923610e-17
-7.621448468672107420e-18
5.815775960282658079e-17
-8.928843624820924239e-18
5.259257775058947455e-17
-9.915396378883647424e-18
4.763585334045655937e-17
-1.063350827314443545e-17
4.321465831258458119e-17
-1.112792867379210164e-17
3.926529353517881396e-17
-1.143682338927301272e-17
3.573208528304855361e-17
-1.159269737130050224e-17
3.256634129803636372e-17
-1.162319098898147867e-17
2.972544519596399290e-17
-1.155176696635729141e-17
2.717207046483621411e-17
-1.139830286778425193e-17
2.487349821945817990e-17
-1.117960190830076920e-17
2.280102491222617648e-17
-1.090983313069590133e-17
2.092944778130167554e-17
-1.060091064875926247e-17
1.923661790057541530e-17
-1.026282016431593023e-17
1.770305173223887016e-17
-9.903900058286870897e-18
1.631159343350845006e-17
-9.531083131752643217e-18
1.504712121031408714e-17
-9.150104527100980961e-18
1.389629182098541239e-17
-8.765680338749562299e-18
1.284731825280551770e-17
-8.381661079298365510e-18
1.188977616852808288e-17
-8.001163264336973860e-18
1.101443530556471424e-17
-7.626682400126204714e-18
1.021311258986239596e-17
-7.260189669568346929e-18
9.478544069297289927e-18
-6.903214802835910966e-18
8.804273223934887629e-18
-6.556916863430284961e-18
8.184553536243452327e-18
-6.222144811841981367e-18
7.614263392751869806e-18
-5.899489112021945612e-18
7.088831750361897533e-18
-5.589325731750966496e-18
6.604173238053140160e-18
-5.291853572098017071e-18
6.156631320619174712e-18
-5.007126246508885287e-18
5.742928654773096390e-18
-4.735078999105311349e-18
5.360123575951226520e-18
-4.475551486486349778e-18
5.005572036345333662e-18
-4.228306936523958783e-18
4.676894243777554011e-18
-3.993048259740193666e-18
4.371945429088041328e-18
-3.769431503942787065e-18
4.088790237168289813e-18
-3.557077053209210966e-18
3.825680283783376179e-18
-3.355578827255366017e-18
3.581034500521426814e-18
-3.164511837497412911e-18
3.353421941287460051e-18
-2.983438243493937149e-18
3.141546767433819939e-18
-2.811912148279144808e-18
2.944235146224780759e-18
-2.649483260851758324e-18
2.760423923579539878e-18
-2.495699586817185580e-18
2.589150807137772594e-18
-2.350109210331123303e-18
2.429545997653637945e-18
-2.212261279291178684e-18
2.280825122503357783e-18
-2.081706222989214920e-18
2.142283365851060835e-18
-1.957995269644828160e-18
