# bin_3_1
5.295150815861426998e-08
-4.868894615243432832e-08
4.969536602223235187e-08
-4.587925020082419657e-08
4.665325488606562422e-08
-4.322770254510490925e-08
4.381002793848555788e-08
-4.072572491396874807e-08
4.115181154571617602e-08
-3.836504776375022424e-08
3.866589479237922124e-08
-3.613770783556754731e-08
3.634063249668440661e-08
-3.403604052974283652e-08
3.416535998670869398e-08
-3.205266862011807090e-08
3.213031889268941208e-08
-3.018048688573906970e-08
3.022659264143079925e-08
-2.841264376479183808e-08
2.844605118911746150e-08
-2.674251979984588875e-08
2.678130388950837131e-08
-2.516370342010149899e-08
2.522566008459533559e-08
-2.366996420142434681e-08
2.377309679387938123e-08
-2.225522395756028606e-08
2.241823256141760690e-08
-2.091352578164874557e-08
2.115630720997090423e-08
-1.963900175758676270e-08
1.998316629589249842e-08
-1.842583967321278740e-08
1.889524953104134537e-08
-1.726824980794032481e-08
1.788958180629992575e-08
-1.616043279304411194e-08
1.696376520059848188e-08
-1.509655023565416944e-08
1.611597002246980933e-08
-1.407070027406613698e-08
1.534492200341774258e-08
-1.307690079670972868e-08
1.464988256280563297e-08
-1.210908393487897518e-08
1.403061775250472253e-08
-1.116110626016625795e-08
1.348735102562146584e-08
-1.022677994646811384e-08
1.302069379126348175e-08
-9.299931181122206617e-09
1.263154721221909031e-08
-8.374492510872352028e-09
1.232096804403339787e-08
-7.444636331811916009e-09
1.208999134545047929e-08
-6.504956060261123619e-09
1.193940417965706617e-08
-5.550700106656540664e-09
1.186946628768741991e-08
-4.578060377145677065e-09
1.187957835865373023e-08
-3.584511786103477189e-09
1.196790526666935903e-08
-2.569190646983917607e-09
1.213097155272320887e-08
-1.533288234890684031e-09
1.236326022532425835e-08
-4.804201435459359138e-10
1.265686326616210732e-08
5.830867979086204524e-10
1.300125226922513353e-08
1.648069072384140152e-09
1.338325854524797675e-08
2.702661386936204530e-09
1.378736950224469022e-08
3.732804330448956649e-09
1.419645549047383550e-08
4.723236133391640528e-09
1.459302958538487982e-08
5.659054261203318009e-09
1.496109948605620091e-08
6.527868840389925829e-09
1.528858416019118716e-08
7.322457605905106345e-09
1.557012791555810517e-08
8.043664744359671068e-09
1.580995206394652591e-08
8.703073012764063910e-09
1.602415896938056246e-08
9.324752836083467633e-09
1.624169453246820986e-08
9.945222803143707130e-09
1.650307248074884749e-08
1.061075153809174998e-08
1.685609282537453158e-08
1.137142930197630413e-08
1.734828736646002963e-08
1.227216516234731294e-08
1.801679063052008722e-08
1.334195837444148683e-08
1.887771349843337123e-08
1.458427848186030590e-08
1.991856619576064501e-08
1.597266978963738978e-08
2.109815281472806045e-08
1.745591394735541008e-08
2.235765541501765933e-08
1.897521445285484766e-08
2.364341564907154237e-08
2.049127194610348746e-08
2.493609401604820313e-08
2.201246983751708411e-08
2.627413258211186205e-08
2.360956115991689554e-08
2.775583649157477472e-08
2.540227535522753234e-08
2.950937353968865322e-08
2.751409424181257805e-08
3.163673876163942973e-08
3.001296499689929452e-08
3.416135879554946972e-08
3.287721486906299629e-08
3.702288281659816887e-08
3.602626887099534442e-08
4.014456938681995380e-08
3.941701721736547281e-08
4.354187585694491051e-08
4.314053269732088499e-08
4.738036578631254866e-08
4.741841068650103946e-08
5.190009748985525630e-08
5.246425700383707085e-08
5.724553637321489882e-08
5.833148554488420532e-08
6.338639420304344153e-08
6.494901221038224367e-08
7.027630719747683981e-08
7.236420051806138748e-08
7.809739816147899859e-08
8.088660612702588002e-08
8.722289483657189071e-08
9.085646639181907078e-08
9.787122319041454674e-08
1.023405588464047410e-07
1.100112603435360179e-07
1.153328005421201381e-07
1.237890742998809519e-07
1.301847751346699289e-07
1.396914571279490053e-07
1.473545471068483453e-07
1.579913139257285274e-07
1.669015149317924424e-07
1.786739801630558103e-07
1.889554577849608413e-07
2.021321020958881257e-07
2.140691088104849354e-07
2.288156679854212551e-07
2.424002639343796212e-07
2.586727444620837638e-07
2.739873114801566868e-07
2.920396494602709906e-07
3.093253467740770299e-07
3.292043069847884161e-07
3.483294934524959161e-07
3.699727948885647668e-07
3.910697522562820150e-07
4.146376692448707405e-07
4.376215300992909641e-07
4.628448126137352641e-07
4.875600600646337612e-07
5.144707562809806444e-07
5.408100490542701445e-07
5.690151360164631777e-07
5.966001978197891998e-07
6.259438778134228259e-07
6.545137652364182261e-07
6.844451076332169529e-07
7.135110730528711241e-07
7.437462908910248355e-07
7.728289191230010576e-07
8.027208324137168628e-07
8.313997491978093342e-07
8.605555750628940626e-07
8.882205519686122802e-07
9.162087249965315097e-07
9.425626962766022916e-07
9.689345355724729030e-07
9.937053870097674191e-07
1.018337354447717299e-06
1.041321301741365763e-06
1.064232880314542045e-06
1.085518304859679927e-06
1.106821185808268502e-06
1.126703052809555767e-06
1.146682585235508407e-06
1.165533614223548157e-06
1.184597936545882013e-06
1.202801063105506518e-06
1.221346067062756871e-06
1.239215032601047201e-06
1.257502196814211005e-06
1.275190369469391130e-06
1.293273990077902739e-06
1.310725684164630805e-06
1.328452480384497329e-06
1.345439173022505851e-06
1.362535779304835893e-06
1.378781381010790931e-06
1.395011615400908189e-06
1.410362280850006506e-06
1.425688050790746784e-06
1.440239243500946658e-06
1.454889183356590575e-06
1.468977427533721177e-06
1.483352432164083714e-06
1.497380308831496865e-06
1.511819589840845675e-06
1.526000937049281638e-06
1.540555573972301716e-06
1.554769804059985042e-06
1.569181100051084762e-06
1.583097044218294584e-06
1.597054348463785181e-06
1.610473052153275430e-06
1.623959967282780021e-06
1.637066940331047261e-06
1.650433026876779746e-06
1.663644425652168727e-06
1.677247535324549957e-06
1.690744805776468509e-06
1.704530157629977543e-06
1.718045419688866923e-06
1.731645448664788491e-06
1.744872195639118389e-06
1.758189163523885144e-06
1.771296593520814210e-06
1.784700917376171439e-06
1.798084452621551633e-06
1.811796254386064834e-06
1.825381444326109751e-06
1.839078164074851969e-06
1.852493125348461725e-06
1.865998841919946746e-06
1.879391478157859159e-06
1.893089047573025310e-06
1.906808736189061387e-06
1.920756109571543338e-06
1.934526187883076831e-06
1.948345629252288630e-06
1.962018290997405098e-06
1.975931230520137946e-06
1.989890887699328481e-06
2.004069079932101067e-06
2.018101908019133559e-06
2.032183434398576058e-06
2.046191089258674717e-06
2.060458416784422747e-06
2.074756992279635088e-06
2.089158479618677619e-06
2.103401025612020970e-06
2.117775512830252352e-06
2.132210017274503805e-06
2.146834093734789473e-06
2.161337547195575989e-06
2.175899526634412825e-06
2.190491674569347284e-06
2.205283029605640033e-06
2.219980446166879394e-06
2.234720082806657608e-06
2.249495591893471966e-06
2.264441871123216431e-06
2.279282713539968052e-06
2.294185428893026906e-06
2.309137419438872702e-06
2.324180014503794705e-06
2.339135453321143585e-06
2.354219170648814241e-06
2.369281944133926135e-06
2.384372831211652577e-06
2.399485657811601582e-06
2.414651518276304728e-06
2.429734127975972566e-06
2.444953759207892765e-06
2.460097131362741682e-06
2.475251651944735967e-06
2.490445728129241748e-06
2.505618630787971688e-06
2.520775128426958451e-06
2.535933139088242386e-06
2.551053877698186281e-06
2.566215612167779416e-06
2.581269586799333728e-06
2.596371515396176730e-06
2.611387724585966000e-06
2.626427473036421556e-06
2.641349804319919528e-06
2.656288566106615730e-06
2.671138150470071351e-06
2.685962228131111787e-06
2.700671372513687951e-06
2.715373258191212243e-06
2.729958007562935495e-06
2.744484975688238374e-06
2.758884394970220651e-06
2.773235650672324692e-06
2.787447551634263776e-06
2.801573956413449450e-06
2.815553055039037049e-06
2.829451399491669764e-06
2.843180163464323856e-06
2.856795018043126939e-06
2.870239060728622277e-06
2.883557491955035443e-06
2.896677722087850886e-06
2.909646237605060165e-06
2.922420350225093591e-06
2.935022704517705738e-06
2.947400105737800213e-06
2.959583194711315216e-06
2.971535957104616765e-06
2.983276906017720104e-06
2.994762898313559303e-06
3.006014643785678503e-06
3.016996184661525325e-06
3.027719184144517334e-06
3.038146449601473874e-06
3.048302816762378936e-06
3.058146798808550682e-06
3.067688111268047010e-06
3.076887649215999874e-06
3.085774521077838058e-06
3.094304348892631970e-06
3.102489411776998322e-06
3.110291678063127022e-06
3.117731537779228141e-06
3.124768840079285006e-06
3.131415637393699293e-06
3.137638552117092477e-06
3.143449770165545138e-06
3.148808291797632647e-06
3.153729431061792441e-06
3.158184982391610484e-06
3.162181206074403153e-06
3.165684543708408353e-06
3.168703584146297118e-06
3.171211519280855568e-06
3.173212865369988161e-06
3.174679064052425558e-06
3.175616666276063952e-06
3.176005218752646623e-06
3.175843383315949303e-06
3.175110953275534865e-06
3.173811890904074835e-06
3.171923819475937410e-06
3.169451213781291598e-06
3.166373888649495565e-06
3.162696715041235959e-06
3.158401576466984840e-06
3.153490461535021990e-06
3.147943573052469404e-06
3.141770371492189588e-06
3.134950900191402586e-06
3.127493942419130075e-06
3.119384783959867593e-06
3.110630634932834287e-06
3.101214138145980083e-06
3.091145735680827642e-06
3.080416636272443037e-06
3.069031041611541288e-06
3.056978278457564546e-06
3.044270309102796333e-06
3.030900347784016823e-06
3.016876622741640848e-06
3.002193476043731333e-06
2.986862032485141150e-06
2.970880210789014796e-06
2.954260062840965225e-06
2.937002790923616754e-06
2.919120892289270761e-06
2.900616898194036097e-06
2.881500346159189730e-06
2.861774151405369010e-06
2.841458296935708556e-06
2.820556830737110558e-06
2.799082063240615234e-06
2.777041530487098084e-06
2.754459038461673098e-06
2.731339742422566912e-06
2.707702936352769307e-06
2.683557277420560275e-06
2.658920946835087698e-06
2.633809885612598637e-06
2.608244738176075858e-06
2.582238465388933505e-06
2.555816154535192789e-06
2.528987795252581133e-06
2.501775440122651405e-06
2.474195510686193227e-06
2.446271679047936615e-06
2.418022785777495288e-06
2.389471308809488902e-06
2.360636033509789377e-06
2.331538999438031813e-06
2.302199050500392658e-06
2.272640769984575888e-06
2.242883251020498692e-06
2.212948077480515689e-06
2.182853678299559332e-06
2.152626413696047985e-06
2.122286640219378802e-06
2.091855058440752812e-06
2.061351535873847815e-06
2.030802243272877048e-06
2.000223101285209307e-06
1.969634403386624933e-06
1.939056739476512443e-06
1.908515992478289872e-06
1.878026329212054235e-06
1.847606481781459897e-06
1.817275892918594055e-06
1.787056429563236073e-06
1.756960163881767320e-06
1.727008739063661285e-06
1.697220450648964766e-06
1.667611264967496194e-06
1.638192102469595683e-06
1.608982988565319833e-06
1.579999963711706396e-06
1.551256997612089560e-06
1.522762728312753318e-06
1.494533019963843101e-06
1.466583505059449275e-06
1.438924318072010734e-06
1.411563077047883792e-06
1.384512944293662286e-06
1.357785900160017058e-06
1.331388513714372995e-06
1.305327288319733668e-06
1.279616725157851787e-06
1.254262579894150949e-06
1.229268168801311558e-06
1.204638685609587920e-06
1.180387824697557935e-06
1.156516265342662612e-06
1.133024845454578459e-06
1.109919189090360626e-06
1.087208762811000128e-06
1.064888922470750851e-06
1.042961362408098814e-06
1.021431831458689550e-06
1.000304106299793808e-06
9.795706497128494300e-07
9.592342852213801341e-07
9.393000958690661542e-07
9.197672890429668011e-07
9.006247210741467231e-07
8.818753689106727415e-07
8.635245597586825536e-07
8.455646969248655845e-07
8.279873761765856192e-07
8.107941461158983280e-07
7.939876892944112477e-07
7.775557646333236978e-07
7.614922238984828819e-07
7.457998773928680672e-07
7.304765225346508989e-07
7.155063622422210002e-07
7.008870753294788250e-07
6.866239152929706480e-07
6.727064715610209468e-07
6.591197523444769067e-07
6.458621558550900005e-07
6.329386535699085816e-07
6.203342388166960563e-07
6.080374235426519286e-07
5.960474011765586071e-07
5.843661106760037157e-07
5.729738557690893819e-07
5.618642669532511368e-07
5.510398272126167551e-07
5.404957245586003378e-07
5.302104991003017155e-07
5.201822954205855844e-07
5.104173036098316384e-07
5.009019430054768085e-07
4.916185015352599911e-07
4.825665869405571004e-07
4.737515760060857364e-07
4.651556618047782860e-07
4.567668189411780435e-07
4.485863631573553330e-07
4.406162600850991468e-07
4.328343508674929178e-07
4.252355150335598667e-07
4.178256232517425141e-07
4.105980371299616518e-07
4.035313187938127861e-07
3.966248455437330671e-07
3.898879771446468895e-07
3.833045671456797617e-07
3.768607428497829912e-07
3.705570631379324773e-07
3.644004063766519383e-07
3.583719926205027456e-07
3.524641819952661948e-07
3.466790622551811329e-07
3.410205514239948414e-07
3.354660194843234706e-07
3.300150701436046919e-07
3.246744502979378610e-07
3.194378413498635810e-07
3.142876458581250796e-07
3.092250895952258774e-07
3.042600023008373634e-07
2.993776916577171791e-07
2.945692605521977577e-07
2.898363566741094470e-07
2.851861386835214899e-07
2.806020811999641397e-07
2.760812293450735788e-07
2.716270654815027066e-07
2.672428363112227948e-07
2.629111381147668914e-07
2.586339846692167830e-07
2.544189260273527515e-07
2.502598805064815050e-07
2.461465453287136653e-07
2.420806852080159968e-07
2.380719136482456085e-07
2.341089456813473283e-07
2.301891606015222165e-07
2.263143767166895171e-07
2.224922244106399549e-07
2.187097925730390615e-07
2.149678190100556590e-07
2.112681115101866999e-07
2.076111109099077735e-07
2.039828896628308646e-07
2.003834885097219003e-07
1.968157502024388098e-07
1.932721235917786765e-07
1.897454048389431928e-07
1.862351516316670299e-07
1.827462839688509575e-07
1.792708949279175299e-07
1.758092780612965571e-07
1.723636886214366543e-07
1.689412065096455200e-07
1.655360874583041221e-07
1.621525620523427274e-07
1.587949201508089896e-07
1.554664210581745032e-07
1.521653544935299407e-07
1.488971987980392547e-07
1.456698116967597826e-07
1.424827335724608948e-07
1.393379667359715580e-07
1.362370234367887735e-07
1.331847235923538426e-07
1.301774749254898112e-07
1.272167391130223852e-07
1.243010737509586547e-07
1.214333612728205099e-07
1.186103113080824178e-07
1.158351994466483596e-07
1.131088076480957703e-07
1.104315598555325598e-07
1.078013854140545140e-07
1.052164477272405062e-07
1.026747862592942180e-07
1.001732635433408588e-07
9.771331435447633718e-08
9.529472551712175609e-08
9.291840744262235326e-08
9.058328058092686084e-08
8.828933354162387013e-08
8.603156596960915896e-08
8.380845842026677765e-08
8.162145281602187852e-08
7.947278814660497693e-08
7.736146675899091004e-08
7.528615712559239781e-08
7.324448659832475763e-08
7.123374627366506209e-08
6.925665992241323143e-08
6.731661559118307168e-08
6.541446372186392865e-08
6.354397056251002760e-08
6.170227179760151653e-08
5.989281991741094043e-08
5.812081140205047904e-08
5.638372756236383439e-08
5.467613535566309222e-08
5.299983920100094791e-08
5.135952483195587176e-08
4.975327046687041468e-08
4.817751039399461494e-08
4.663297967743260034e-08
4.512443611406431636e-08
4.364988669593633202e-08
4.220543851770833108e-08
4.079255245872351341e-08
3.941582445899944862e-08
3.807070208820200555e-08
3.675537562618444979e-08
3.547499593409022603e-08
3.422818513470883429e-08
3.300927936089051124e-08
3.182576131738620646e-08
3.067589005464081913e-08
2.955414626492825651e-08
2.846602989505773434e-08
2.740951810597398326e-08
2.638114576122211693e-08
2.538431391590151826e-08
2.441466261257962600e-08
2.347511388285986316e-08
2.256338308041366637e-08
2.167897901241597936e-08
2.082506147849263334e-08
1.999706717829378339e-08
1.919731010816477990e-08
1.842362684101410315e-08
1.767656992526617253e-08
1.695398833992431105e-08
1.625716414624327303e-08
1.558377150712312099e-08
1.493467118608000494e-08
1.430856301498864400e-08
1.370314965613980525e-08
1.311916595736795812e-08
1.255657627438076735e-08
1.201558885192478509e-08
1.149622473892943209e-08
1.099749201992703620e-08
1.051818219926688352e-08
1.005584821366395047e-08
9.610262946796964733e-09
9.181515380219913046e-09
8.770282300005762908e-09
8.376323525105522777e-09
7.998995684327208404e-09
7.636983576930495755e-09
7.289982760735333350e-09
6.957117261778746707e-09
6.636926489182808453e-09
6.328787267908665374e-09
6.034774056290303948e-09
5.755289968168742434e-09
5.487824767805455226e-09
5.230360524628101129e-09
4.983696200869380156e-09
4.747948911714266298e-09
4.522081115651943915e-09
4.307032981732244626e-09
4.103200035581002467e-09
3.907464901840433000e-09
3.717652671105901169e-09
3.537369897833159984e-09
3.368007411809538319e-09
3.205610342944955219e-09
3.048613220602363421e-09
2.899009456355338384e-09
2.757197551684988824e-09
2.622725146331477356e-09
2.493886259262469889e-09
2.369718654258554039e-09
2.252410895211751657e-09
2.141802658279009425e-09
2.035289649332383977e-09
1.933023035693683987e-09
1.836529387803754655e-09
1.745704698727641048e-09
1.657048952563468553e-09
1.573309482570502815e-09
1.494673097496561373e-09
1.418764318959981454e-09
1.345971615715263400e-09
1.278404844892794316e-09
1.213229721037619239e-09
1.150299995179809964e-09
1.092291848931764822e-09
1.035931294516046028e-09
9.820935069691949216e-10
9.316787678012963737e-10
8.827093744475350151e-10
8.370576281054747337e-10
7.929493978288119356e-10
7.510182910886615968e-10
7.118311668127335672e-10
6.736259842649200358e-10
6.377225674860055079e-10
6.030498670118954858e-10
5.706884594547144610e-10
5.391545183995945440e-10
5.093704010394259483e-10
4.810783041352781621e-10
4.542827639627107238e-10
4.282587514306583372e-10
4.034779317826197856e-10
3.800020108038141981e-10
3.576518825521104770e-10
3.361098640931456185e-10
3.156823781730670238e-10
2.962579504821519846e-10
2.774492419854195176e-10
2.593036767171738125e-10
2.423226178734995231e-10
2.261481648446209296e-10
2.104645906448233631e-10
1.952830590310063595e-10
1.811544933362536414e-10
1.676775786876600269e-10
1.547613196754897594e-10
1.423661850073021016e-10
1.309126295166615366e-10
1.200154871024711879e-10
1.097289746403051263e-10
1.000184108577966549e-10
9.110569761034960028e-11
8.269045046256243798e-11
7.484059649368208697e-11
6.765628743488491860e-11
6.120708994625628055e-11
5.536059543833220670e-11
5.004490770506022746e-11
4.547786500114148613e-11
4.154644544251067073e-11
3.805732179330721772e-11
3.500421003379254051e-11
3.261738241415527109e-11
3.050995899811610465e-11
2.871981531926034683e-11
2.742033871867030888e-11
2.641885737615420582e-11
2.556135838402451778e-11
2.477488542822413743e-11
2.404364695894942083e-11
2.330833513484588159e-11
2.243505519877010924e-11
2.146225588229773665e-11
2.052771758330189877e-11
1.936755571791605136e-11
1.804377477092607924e-11
1.647225918003156060e-11
1.493189940834355584e-11
1.330650972498622334e-11
1.178856279618668567e-11
1.035155276530994651e-11
9.077078504958504570e-12
7.892275524873744100e-12
6.993399234869887591e-12
6.452959444921070737e-12
6.154105135749289538e-12
5.960504027621239030e-12
5.882813570870546054e-12
5.944681026992441671e-12
6.029767565085983356e-12
5.970426107816344048e-12
5.718201983494523636e-12
5.359396013692340144e-12
4.888410376356112110e-12
4.267496068447567030e-12
3.593378738329989574e-12
3.004604186251960489e-12
2.579959147829252051e-12
2.258136382799485023e-12
2.157417536137685333e-12
2.225828136349677074e-12
2.360871255327249668e-12
2.432578558316855654e-12
2.473226653202611534e-12
2.317593833680047838e-12
2.020021414444040559e-12
1.657718452937122912e-12
1.318358242147998181e-12
1.074401325840732666e-12
1.011121531903351023e-12
1.059843216395337385e-12
1.206558336323055991e-12
1.265971511176123654e-12
1.234996083182439362e-12
1.062125370576718716e-12
8.250920081819909057e-13
6.247063816221528207e-13
5.303072621387069804e-13
5.906952389647721503e-13
6.922497415953346133e-13
7.585019129414039944e-13
6.833113812844274885e-13
5.208534832463508677e-13
3.575627123509762171e-13
3.152251652704245643e-13
3.881742006618638436e-13
4.741525116187337615e-13
4.635704501698560357e-13
3.476773369544639015e-13
2.287320486727090867e-13
2.038332803905236762e-13
2.781203724011747100e-13
3.315100446421738584e-13
2.792909238966773207e-13
1.650115561353532522e-13
1.328055625312008293e-13
1.967646669446645865e-13
2.400764034366379396e-13
1.750145039114991217e-13
9.669483068425781415e-14
1.112320728831635110e-13
1.752596280681720404e-13
1.497288042589656398e-13
7.397553455220864174e-14
7.832763306076208948e-14
1.361940354569999058e-13
1.052450082630819145e-13
4.743697636050802585e-14
7.516048487631133020e-14
1.093889606361093120e-13
5.036707494449868807e-14
4.241027063007699544e-14
8.586257367947020433e-14
5.474031447886890188e-14
2.462877623365973332e-14
7.232239850093518062e-14
4.093991182122151674e-14
2.322486610774647108e-14
5.956692639688483565e-14
2.586762469403458611e-14
2.511063532479609975e-14
5.079099881059462342e-14
5.130527189029713590e-15
4.520911339699748740e-14
1.446082888011430096e-14
2.443559321598875525e-14
2.649722752046020380e-14
1.069213599881829757e-14
2.926949983111683264e-14
6.354019978200104842e-15
2.589891746679977714e-14
6.243101755757448955e-15
2.110108465795802414e-14
6.833604259939651817e-15
1.694697517034992292e-14
7.023313505950420693e-15
1.377766202676458201e-14
6.770367314948937917e-15
1.139523825034713319e-14
6.259787124582739543e-15
9.560590788849523746e-15
5.644553339406809707e-15
8.103551608574381037e-15
5.013822934010773310e-15
6.916400174875591214e-15
4.412241349775251791e-15
5.931188126170444351e-15
3.859394280108126603e-15
5.103229929241642679e-15
3.361848173836150043e-15
4.401472997258857016e-15
2.919681784764609249e-15
3.803182428928389219e-15
2.529885750959192296e-15
3.290986362667398376e-15
2.188116540962405943e-15
2.851173013942979232e-15
1.889600482093563962e-15
2.472659372865305259e-15
1.629595602998675756e-15
2.146332288127186518e-15
1.403619857483608598e-15
1.864605009014915715e-15
1.207554143402555594e-15
1.621104358740342625e-15
1.037677752431514786e-15
1.410440946215355719e-15
8.906675976364086186e-16
1.228034619528991186e-15
7.635786028346303883e-16
1.069978245662809023e-15
6.538150270012857350e-16
9.329290979346275704e-16
5.590982454008949446e-16
8.140207880808878036e-16
4.774340865205539517e-16
7.107909142491874260e-16
4.070814192777356109e-16
6.211210094230832800e-16
3.465228629276650990e-16
5.431862989407174115e-16
2.944380095878983446e-16
4.754134000732006195e-16
2.496792667177969627e-16
4.164445310308725263e-16
2.112502658139465911e-16
3.651071077671131922e-16
1.782866952933160243e-16
3.203878355812856780e-16
1.500393709479433187e-16
2.814105741507142391e-16
1.258593404697996864e-16
2.474173870110785676e-16
1.051848168179183437e-16
2.177522892244358089e-16
8.752974301677418674e-17
1.918472892604542129e-16
7.247380372030809172e-17
1.692103867713733547e-16
5.965371404667280246e-17
1.494152418252636403e-16
4.875563198987068951e-17
1.320922751833949525e-16
3.950855666209271048e-17
1.169209956446479889e-16
3.167858936119401499e-17
1.036233810796943630e-16
2.506394863356809169e-17
9.195816522211662355e-17
1.949064316713506243e-17
8.171590382130295312e-17
1.480871785819984342e-17
7.271471196313795413e-17
1.088899890569430430e-17
6.479657975436154520e-17
7.620272871178017598e-18
5.782418677905732548e-17
4.906842850954286650e-18
5.167814686080443270e-17
2.666412283665792100e-18
4.625462428106911698e-17
8.282530103374643004e-19
4.146327074334446562e-17
-6.683799781566042581e-19
3.722543946929892091e-17
-1.875619886733093769e-18
3.347263878133743561e-17
-2.838174055794785241e-18
3.014519269897362522e-17
-3.594349266068563198e-18
2.719108056453464411e-17
-4.176937842431754552e-18
2.456493151466655143e-17
-4.613983288842157002e-18
2.222715294180783384e-17
-4.929441591840597039e-18
2.014317486942548183e-17
-5.143752252504866158e-18
1.828279470705909478e-17
-5.274331209429509461e-18
1.661960889293525020e-17
-5.335996193935539001e-18
1.513051975793450984e-17
-5.341333675835790816e-18
1.379530759741769301e-17
-5.301015297568680454e-18
1.259625917020030995e-17
-5.224070638046276877e-18
1.151784513882734903e-17
-5.118122287842701538e-18
1.054643990820895097e-17
-4.989588290916709047e-18
9.670078228686897430e-18
-4.843856484966811526e-18
8.878243648701581616e-18
-4.685434514485186272e-18
8.161684623760584216e-18
-4.518078874066879978e-18
7.512254592572860689e-18
-4.344905850527117205e-18
6.922772854835876915e-18
-4.168486857905840109e-18
6.386903498802968393e-18
-3.990930277903310170e-18
5.899049990091301726e-18
-3.813951722279203560e-18
5.454263383253254903e-18
-3.638934257045817279e-18
5.048162313311752354e-18
-3.466980028015891863e-18
4.676863290693767243e-18
-3.298954448014991368e-18
4.336919875750610141e-18
-3.135523990681135115e-18
4.025269630628689795e-18
-2.977188492133525340e-18
3.739187796321530555e-18
-2.824308716025138266e-18
3.476246830243330273e-18
-2.677129849964060547e-18
3.234281050799163135e-18
-2.535801513133894335e-18
3.011355709615821386e-18
-2.400394757264564430e-18
2.805739939273918680e-18
-2.270916496490080521e-18
2.615883052623885140e-18
-2.147321729425589212e-18
2.440393785824708711e-18
-2.029523862849155410e-18
2.278022093678963308e-18
-1.917403422923936310e-18
2.127643173417838054e-18
-1.810815374367785407e-18
1.988243438327727154e-18
-1.709595254070108721e-18
1.858908184546537062e-18
-1.613564298216204809e-18
1.738810751533438609e-18
-1.522533696109619839e-18
1.627202969989451034e-18
-1.436308117975367065e-18
1.523406754247341029e-18
-1.354688609302571410e-18
1.426806684287548369e-18
-1.277474954112901204e-18
1.336843460656952905e-18
-1.204467585168203312e-18
1.253008127149555137e-18
-1.135469110389070661e-18
1.174836961258537451e-18
-1.070285511207780743e-18
1.101906958868161215e-18
-1.008727068932219340e-18
