# bin_3_2
7.566440831428092708e-08
-6.821907599433562071e-08
7.112591082610482995e-08
-6.412265811325664438e-08
6.691651234762686729e-08
-6.022334401008975041e-08
6.301905589715457776e-08
-5.650435895750681828e-08
5.941913012292217500e-08
-5.294831649436681601e-08
5.610507831102754372e-08
-4.953703829427436774e-08
5.306805552811537796e-08
-4.625133623405079694e-08
5.030213625780245124e-08
-4.307075249737772946e-08
4.780447479476457034e-08
-3.997325443285222418e-08
4.557552097973984552e-08
-3.693488191221977369e-08
4.361929419980876197e-08
-3.392934244984076418e-08
4.194371700700705428e-08
-3.092755306804230606e-08
4.056101067593066228e-08
-2.789712723965999746e-08
3.948815176509468681e-08
-2.480180782900194915e-08
3.874738601904734248e-08
-2.160085079813032838e-08
3.836679445789703395e-08
-1.824836847575364121e-08
3.838089773057338310e-08
-1.469264672827782055e-08
3.883127998713837580e-08
-1.087546109305775719e-08
3.976720345001669665e-08
-6.731425584764172737e-09
4.124617100290134837e-08
-2.187423615460009981e-09
4.333437999930904428e-08
2.837812871071420485e-09
4.610699012838334186e-08
8.433887998030077957e-09
4.964810561341560182e-08
1.469857861894571941e-08
5.405034612395369841e-08
2.173718322244834529e-08
5.941385214531603704e-08
2.966121490851051131e-08
6.584454272349530740e-08
3.858624346142453347e-08
7.345141821365706761e-08
4.862866968082879276e-08
8.234268534222330085e-08
5.990120794308260365e-08
9.262048340785254147e-08
7.250686553244896251e-08
1.043740199093829448e-07
8.653125840814942183e-08
1.176709972282247800e-07
1.020332023760046116e-07
1.325473458540334990e-07
1.190336916066939095e-07
1.489954941773778945e-07
1.375036386511985282e-07
1.669517201383496120e-07
1.573511211470422258e-07
1.862835594428243687e-07
1.784093683508758060e-07
2.067787886356599782e-07
2.004273143656215594e-07
2.281381341254270084e-07
2.230651996858070813e-07
2.499745121345769818e-07
2.458983239840834106e-07
2.718221512442498141e-07
2.684324732681024976e-07
2.931591806221895892e-07
2.901345131956526239e-07
3.134468873039333428e-07
3.104808178949583995e-07
3.321874818505650016e-07
3.290241981173346556e-07
3.489994706239147262e-07
3.454764385263313346e-07
3.637053188128254444e-07
3.597982790834261640e-07
3.764200161228659772e-07
3.722819540234890606e-07
3.876220449342136835e-07
3.836042898263686400e-07
3.981816767684245055e-07
3.948230274061601397e-07
4.093182878458907184e-07
4.072889043688465693e-07
4.224624626066772069e-07
4.224554459949583374e-07
4.390144387080007114e-07
4.415913578737001101e-07
4.600208905374500399e-07
4.654380087927640139e-07
4.858355020643213563e-07
4.939013096905223609e-07
5.158750556570710318e-07
5.259076127829805230e-07
5.486102776150174272e-07
5.595600244697784984e-07
5.819083519628528455e-07
5.926724232703860200e-07
6.137426620568063806e-07
6.236134815107230004e-07
6.431014829421206648e-07
6.521832998206159585e-07
6.707144287825031423e-07
6.800616269366796173e-07
6.991018616601149915e-07
7.103678548570972589e-07
7.316100338035873421e-07
7.462149258541196298e-07
7.706232188339031173e-07
7.888180777243801457e-07
8.158891608301863676e-07
8.363969273079308027e-07
8.643309527234781275e-07
8.851190109024117855e-07
9.121452885584831058e-07
9.321095728000868170e-07
9.581948388550915190e-07
9.784661588628011925e-07
1.005795538186897271e-06
1.029101105855317044e-06
1.060287679519141542e-06
1.088327730055931521e-06
1.123626529556867325e-06
1.155016290170172907e-06
1.191843847901608646e-06
1.223679470605778793e-06
1.260012791786877651e-06
1.292094046828744114e-06
1.329918397287557834e-06
1.365789147972105441e-06
1.408832267214498191e-06
1.450700485019872133e-06
1.498565614733796848e-06
1.543551681633191100e-06
1.592468364150374407e-06
1.638181568986145925e-06
1.688899119267035100e-06
1.739140632423168354e-06
1.796407343965515202e-06
1.853804266988717584e-06
1.916297229566990918e-06
1.976527549838060255e-06
2.040427534188688569e-06
2.103597526009008396e-06
2.173314017384984452e-06
2.244561015485873562e-06
2.321325005645683985e-06
2.396702493302116646e-06
2.475373003526390376e-06
2.554125715267544286e-06
2.639430488823702419e-06
2.726395216430569577e-06
2.817256977762504785e-06
2.906382600202338189e-06
2.999332350396074782e-06
3.094101388674268830e-06
3.194075895470724118e-06
3.292664495502793991e-06
3.392776627980376226e-06
3.493020860110287207e-06
3.597939828424873368e-06
3.701366959945975226e-06
3.804637524291469674e-06
3.906586451034887680e-06
4.011642688433235864e-06
4.113532319890942828e-06
4.213651325108110551e-06
4.311881212325720793e-06
4.410732968455849544e-06
4.503658818775323220e-06
4.594741258118510688e-06
4.683415628958726379e-06
4.768554226862665937e-06
4.847720703229273618e-06
4.926535606946649908e-06
4.999118319202138679e-06
5.068259662552256833e-06
5.134816124703493043e-06
5.197372395289219735e-06
5.256203824764118657e-06
5.314916396631721730e-06
5.368399762604070770e-06
5.423717364347585202e-06
5.475730248353837397e-06
5.529028716228605199e-06
5.582088626764019825e-06
5.635821084508536703e-06
5.691210393552371932e-06
5.747302317002239397e-06
5.805465017682508855e-06
5.864401801818954008e-06
5.924801743088434135e-06
5.985586875847799358e-06
6.046671949459379692e-06
6.107319005085214235e-06
6.167001437997688363e-06
6.225402718364546516e-06
6.281971776581043697e-06
6.336920232128194165e-06
6.389977391623239703e-06
6.441901308964477645e-06
6.492760747618621119e-06
6.543667353154842040e-06
6.594799362383791436e-06
6.647220930550536661e-06
6.700822036778052455e-06
6.756204366635732701e-06
6.812691385466508049e-06
6.870303095536743604e-06
6.927929122326528405e-06
6.985365917040372972e-06
7.041624873941275918e-06
7.096900957830414749e-06
7.150875370167343878e-06
7.204441761292381565e-06
7.257888889885495267e-06
7.312346255286131153e-06
7.367942431634629777e-06
7.425182248680075609e-06
7.483371370607456786e-06
7.542195476268555686e-06
7.600549325492393383e-06
7.658234383471791955e-06
7.714865516126894306e-06
7.771214180549647731e-06
7.827758428549258738e-06
7.885512728745724991e-06
7.944476953119594762e-06
8.004591647973360570e-06
8.064819639275029947e-06
8.124648884979357260e-06
8.183568562666586953e-06
8.242238357269763644e-06
8.301279832768643585e-06
8.361574146528148483e-06
8.422881129789000086e-06
8.484671045858742489e-06
8.545907905749770670e-06
8.606544683746945079e-06
8.667013545414271631e-06
8.728370696039253779e-06
8.790741814191801952e-06
8.853645731386391236e-06
8.916038475949449155e-06
8.977906016276182566e-06
9.039899453687934826e-06
9.102913686189746822e-06
9.166578551725895643e-06
9.230037957236742404e-06
9.292819937121203636e-06
9.355794998632691392e-06
9.419607605132088800e-06
9.483876530757053634e-06
9.547577253238919448e-06
9.610963847075455185e-06
9.674932944851558192e-06
9.739510791680368584e-06
9.803628620855648639e-06
9.867336802728759876e-06
9.931554504348540555e-06
9.996173230812971833e-06
1.006019245476407855e-05
1.012403557771320318e-05
1.018840994792114782e-05
1.025260648252431118e-05
1.031628838927601578e-05
1.038029775844223005e-05
1.044421588522541052e-05
1.050756793325400022e-05
1.057117924840722528e-05
1.063455631033401126e-05
1.069733650880587978e-05
1.076040355870376656e-05
1.082296561819670389e-05
1.088502537749796475e-05
1.094727627345005571e-05
1.100869590896729143e-05
1.107007971502010635e-05
1.113086567368689196e-05
1.119126589747086410e-05
1.125137046714174682e-05
1.131071434403652271e-05
1.136981883872008294e-05
1.142812681323728746e-05
1.148608875403109171e-05
1.154319431035892659e-05
1.159985102480511064e-05
1.165568175331173040e-05
1.171087820806870169e-05
1.176517249084736369e-05
1.181879379038710417e-05
1.187145746793475480e-05
1.192329086651804149e-05
1.197412493589442675e-05
1.202407980788405328e-05
1.207294541465396010e-05
1.212077236139918976e-05
1.216742423289428424e-05
1.221299470661821702e-05
1.225729990812951942e-05
1.230038094529010097e-05
1.234213497839859549e-05
1.238259567601664485e-05
1.242162283651482921e-05
1.245923573466117729e-05
1.249537447942107120e-05
1.253002211106456651e-05
1.256308056907808984e-05
1.259453878456861104e-05
1.262433173453848310e-05
1.265242752015417785e-05
1.267874995201610653e-05
1.270328190152149307e-05
1.272595877588751420e-05
1.274671812308844809e-05
1.276548936602017354e-05
1.278224985114592756e-05
1.279693496402722917e-05
1.280951996449351859e-05
1.281994374695525744e-05
1.282818796044405512e-05
1.283419207630955701e-05
1.283795654082752075e-05
1.283942933224345627e-05
1.283858968405086480e-05
1.283535461152054384e-05
1.282970703329018815e-05
1.282159255918940757e-05
1.281099042248153740e-05
1.279783113561420272e-05
1.278210255029574168e-05
1.276378148726087763e-05
1.274286206724908882e-05
1.271930494963396476e-05
1.269309073924231076e-05
1.266419856088714809e-05
1.263262626407293754e-05
1.259834675009420585e-05
1.256134727757153102e-05
1.252163033852193433e-05
1.247920278094730917e-05
1.243405751509418523e-05
1.238619603896605920e-05
1.233560501858987914e-05
1.228226518592151461e-05
1.222618725473172431e-05
1.216741909731175460e-05
1.210598111725908601e-05
1.204190084732437133e-05
1.197518381245016272e-05
1.190583545137354699e-05
1.183389030154520099e-05
1.175939003032233506e-05
1.168238682462724040e-05
1.160292496700426391e-05
1.152102480849306602e-05
1.143672300068622852e-05
1.135007211831935752e-05
1.126113093657185656e-05
1.116995184214619471e-05
1.107658748742495473e-05
1.098110438537202017e-05
1.088357281882512417e-05
1.078406947296082168e-05
1.068263920885361517e-05
1.057933593846004329e-05
1.047424991468294914e-05
1.036747502967245374e-05
1.025906768025288955e-05
1.014909902014362904e-05
1.003765709482639843e-05
9.924841870017647811e-06
9.810721643258090718e-06
9.695374994390004554e-06
9.578886963330012641e-06
9.461334109936597690e-06
9.342822444785254000e-06
9.223457249214158841e-06
9.103290080020455167e-06
8.982400394854595381e-06
8.860907410019358655e-06
8.738888633589005583e-06
8.616418150074516219e-06
8.493600002859501367e-06
8.370510938084682354e-06
8.247243936842326543e-06
8.123857728146041422e-06
8.000465714167635261e-06
7.877153484816433858e-06
7.753970295059495733e-06
7.631005996595268092e-06
7.508357308641323065e-06
7.386092043540687744e-06
7.264269855693389298e-06
7.142976466890315503e-06
7.022280398100121756e-06
6.902248686086247820e-06
6.782940635303341995e-06
6.664422818184441068e-06
6.546774327655205698e-06
6.430031039788601964e-06
6.314257884362839219e-06
6.199520113290900875e-06
6.085868357310174918e-06
5.973334177672864171e-06
5.861970257762324517e-06
5.751846371110397512e-06
5.642981956328540566e-06
5.535413205488034039e-06
5.429184390997038205e-06
5.324342031443628105e-06
5.220898837631517459e-06
5.118887189298984241e-06
5.018345982191243970e-06
4.919306677809264633e-06
4.821761331598443769e-06
4.725742012108287084e-06
4.631290106754251845e-06
4.538406967723444913e-06
4.447085228493652013e-06
4.357345365747131241e-06
4.269222785267327509e-06
4.182700456941972376e-06
4.097772026198292031e-06
4.014453831942658075e-06
3.932764521470033201e-06
3.852668556164340748e-06
3.774165596234667023e-06
3.697277355777817509e-06
3.621996882192983884e-06
3.548276829721275334e-06
3.476121864451073592e-06
3.405557107579746192e-06
3.336547348902361104e-06
3.269050170753251625e-06
3.203070128004500646e-06
3.138618183659691603e-06
3.075642760429526527e-06
3.014111655257010658e-06
2.954033782114231654e-06
2.895404961950173975e-06
2.838156010570823209e-06
2.782273090167167912e-06
2.727774240228679945e-06
2.674623945557507048e-06
2.622751114081255468e-06
2.572149439957819976e-06
2.522843687255905579e-06
2.474770642345717368e-06
2.427877489837861330e-06
2.382160363074841433e-06
2.337630812399653685e-06
2.294210396747290167e-06
2.251866304266186185e-06
2.210605216840445496e-06
2.170416697952732400e-06
2.131208694123401276e-06
2.092972417256365016e-06
2.055732217329306022e-06
2.019439317801865227e-06
1.984014291322840510e-06
1.949454360048148916e-06
1.915787491272258394e-06
1.882942293168938396e-06
1.850865808491342203e-06
1.819560913259105154e-06
1.789041746516293864e-06
1.759220771141518761e-06
1.730072706709624988e-06
1.701616501795937775e-06
1.673837054394119897e-06
1.646643904656987189e-06
1.620033711165172004e-06
1.594043453626285445e-06
1.568617459475231667e-06
1.543691216198820065e-06
1.519266948512198459e-06
1.495379465752153034e-06
1.471954764380365722e-06
1.448958373266778850e-06
1.426397730382122647e-06
1.404293509960242190e-06
1.382559151718510154e-06
1.361188270392939219e-06
1.340204760769974765e-06
1.319595248723074498e-06
1.299283604064369656e-06
1.279277212336681729e-06
1.259614805812098556e-06
1.240243689762301259e-06
1.221124843378379422e-06
1.202264749193664384e-06
1.183694864512895174e-06
1.165354305089834874e-06
1.147228350613881762e-06
1.129326255582164245e-06
1.111670434558861103e-06
1.094190814319555853e-06
1.076894891074150334e-06
1.059807891814168001e-06
1.042916017357918618e-06
1.026174521794654572e-06
1.009591084758551983e-06
9.932037050751702230e-07
9.769713982839908060e-07
9.608828233923050388e-07
9.449450060390627680e-07
9.291900070466756412e-07
9.135741602624974129e-07
8.981014611340104931e-07
8.827783065928028012e-07
8.676180277367609300e-07
8.525682159644704660e-07
8.376313840578981511e-07
8.228138599965710719e-07
8.080914773305942490e-07
7.934302906179784810e-07
7.788240220612192667e-07
7.642868891869227156e-07
7.497851624964418469e-07
7.353148908288891723e-07
7.208781854649637157e-07
7.064988431727961690e-07
6.921564599383224971e-07
6.778692048433801099e-07
6.636539054253015634e-07
6.495333498867069570e-07
6.355038751621646371e-07
6.215912713508067428e-07
6.078248211847021689e-07
5.942137811619676046e-07
5.807711846859364777e-07
5.675113472239921919e-07
5.544589402487829695e-07
5.416105619737647602e-07
5.289792781542574490e-07
5.165650590303073113e-07
5.043795576480083173e-07
4.924108377340463412e-07
4.806668795230283758e-07
4.691443618435925853e-07
4.578412135445116180e-07
4.467459009368862058e-07
4.358558091448799868e-07
4.251696161126679004e-07
4.146784424897422917e-07
4.043781913402377570e-07
3.942592918736323298e-07
3.843188144105028468e-07
3.745468769459607564e-07
3.649434132656534909e-07
3.555001974370256435e-07
3.462142072002251840e-07
3.370788953646253036e-07
3.280958478973483482e-07
3.192583287074799657e-07
3.105620436648506615e-07
3.020089914845995483e-07
2.935961267031760060e-07
2.853178127291451985e-07
2.771761698351036239e-07
2.691753622006886704e-07
2.613104184299851414e-07
2.535813782061401261e-07
2.459886026691500516e-07
2.385363566391218087e-07
2.312207902220068149e-07
2.240420123107668915e-07
2.170033284204482553e-07
2.101050329136916324e-07
2.033424851321753698e-07
1.967152793467813017e-07
1.902323890417783787e-07
1.838908799171818070e-07
1.776843680225915363e-07
1.716181943343128772e-07
1.656956479892398200e-07
1.599134553445314389e-07
1.542698392627412452e-07
1.487683054102909214e-07
1.434117295088762026e-07
1.381951451422355171e-07
1.331135210303835147e-07
1.281717655319147862e-07
1.233674143573868530e-07
1.186948931000547353e-07
1.141539087455414742e-07
1.097486204106602442e-07
1.054769387507869084e-07
1.013338731091747270e-07
9.732157834122364345e-08
9.343806770400329217e-08
8.967948977240859574e-08
8.604113659559431349e-08
8.252296447750862243e-08
7.911900199413964630e-08
7.582985082435018237e-08
7.265610789099619715e-08
6.959625003185973173e-08
6.664581416981181559e-08
6.380199135222238372e-08
6.105900432311714782e-08
5.841368569054490561e-08
5.586676695432034208e-08
5.341463658247437761e-08
5.105895374499396096e-08
4.879660847944272816e-08
4.662221083222301916e-08
4.452643353209380906e-08
4.251261690957120451e-08
4.058179845987849376e-08
3.873152484821357831e-08
3.695826413412135804e-08
3.525474980295118523e-08
3.361772173948801687e-08
3.205057091908755408e-08
3.055364735643697667e-08
2.912078624774835683e-08
2.774502176897206971e-08
2.642722526062011117e-08
2.516880179847925319e-08
2.396642646555949442e-08
2.281680895462772108e-08
2.171577098701863824e-08
2.066332494113935509e-08
1.965984179540902638e-08
1.870281720661425868e-08
1.778696007388869855e-08
1.691229942707754789e-08
1.608031945162305656e-08
1.528546446433758198e-08
1.452668129065599505e-08
1.380466080744397992e-08
1.311570849051060999e-08
1.245818214727611983e-08
1.183459730839164353e-08
1.123845914399522071e-08
1.066870011627070201e-08
1.013116789845913171e-08
9.616795152655364979e-09
9.124738027321449569e-09
8.661544295467434448e-09
8.218580338485252212e-09
7.797359568990395864e-09
7.396747730726349097e-09
7.015781805004796427e-09
6.655104225765006829e-09
6.310370796820516913e-09
5.983162148010348670e-09
5.673246906859180030e-09
5.377683675290214578e-09
5.097211126127573699e-09
4.830999746721184563e-09
4.579263284653843750e-09
4.338849030174441002e-09
4.110648814955776299e-09
3.895069538673769217e-09
3.690919258604733581e-09
3.495972618653593116e-09
3.310467358035641954e-09
3.136044301217846419e-09
2.970520882995394692e-09
2.812862110696128976e-09
2.663121345410615658e-09
2.522275172352187221e-09
2.387730619669404711e-09
2.259336426244612215e-09
2.138606800106557131e-09
2.025272239585677667e-09
1.916580950752789268e-09
1.812802060946335215e-09
1.715856432185357336e-09
1.623915136143363218e-09
1.535675062716995627e-09
1.451938258407911781e-09
1.373885346947509426e-09
1.299304113224644460e-09
1.227623629713999393e-09
1.159836305559421193e-09
1.097038342573977427e-09
1.036467781231270207e-09
9.782082281017723339e-10
9.234552746200743701e-10
8.722598405608102114e-10
8.227582624058502246e-10
7.752475497247657123e-10
7.312894841651811457e-10
6.893246209740642714e-10
6.489839445464595200e-10
6.102622297302618072e-10
5.743086632911637652e-10
5.398251858831398376e-10
5.067697098098087907e-10
4.751741903691110220e-10
4.459487122350543069e-10
4.172830674977417412e-10
3.896106284533106791e-10
3.638909717074014426e-10
3.396802065570973921e-10
3.159432546777583717e-10
2.929403176716589935e-10
2.720036662738936930e-10
2.518206968797597315e-10
2.324554532584769292e-10
2.140288909267192385e-10
1.971876380456781668e-10
1.810849957017178424e-10
1.658333753122357631e-10
1.514290492361156826e-10
1.384628285234845174e-10
1.259720146154159053e-10
1.142818124659167866e-10
1.036803032639099692e-10
9.409950752530759745e-11
8.533354581411321590e-11
7.730543129215747320e-11
7.055106016604564727e-11
6.461419750670522303e-11
5.938567730615711597e-11
5.472384084048101724e-11
5.106262893343565319e-11
4.771304902368818281e-11
4.482441664131810156e-11
4.255011874228472177e-11
4.081025547521748271e-11
3.926564560341905806e-11
3.787993542598041585e-11
3.670043076772855311e-11
3.545550567188024690e-11
3.400885652688363138e-11
3.237027639283478545e-11
3.081518766177202325e-11
2.897685213862134883e-11
2.701424080350258429e-11
2.478670883824560280e-11
2.260685806220071749e-11
2.021233278689942665e-11
1.792328240829854663e-11
1.577506982734307234e-11
1.394062359033337236e-11
1.231598072544685828e-11
1.104240273126066009e-11
1.016223640660233478e-11
9.562301514386899772e-12
9.202268178448649545e-12
9.080711417067717994e-12
9.164989076821911322e-12
9.155767182021238950e-12
8.929638349508195649e-12
8.531552878404055800e-12
8.069002380389325046e-12
7.390395742910521397e-12
6.429730212747922781e-12
5.437801847075335297e-12
4.658249212636993930e-12
4.074338809621537793e-12
3.555297378615360592e-12
3.353191287305777860e-12
3.466230755859880637e-12
3.633947067292344995e-12
3.647931591739300129e-12
3.676086655007619783e-12
3.497717347333543561e-12
3.035361298024088110e-12
2.496409549963384742e-12
2.074386121934613441e-12
1.706378226407380998e-12
1.567197676612540841e-12
1.672084920058312651e-12
1.822760455705008601e-12
1.883744027806475295e-12
1.865541880054711313e-12
1.583681403709017659e-12
1.262681181352278684e-12
9.916179208472730036e-13
8.324368637876195545e-13
9.316087018982330553e-13
1.040699336048150622e-12
1.132559521288913253e-12
1.021025401582065228e-12
7.889604548870398670e-13
5.728047835347625940e-13
5.002266361690540329e-13
6.005346411988705044e-13
7.039544825817838147e-13
6.936707608191206768e-13
5.259924360242423939e-13
3.649525425935233791e-13
3.236813122862840658e-13
4.248931249769348749e-13
4.916838408416929233e-13
4.180481993722613894e-13
2.598667825172378633e-13
2.160606840114280760e-13
2.981020362942152030e-13
3.551972952621352776e-13
2.644694353472500980e-13
1.577564018033797947e-13
1.742429495569340731e-13
2.601720947156440919e-13
2.233383289087972560e-13
1.199554353643044438e-13
1.240250684368134444e-13
2.014623026467261525e-13
1.578421590960138216e-13
7.926074242913846465e-14
1.150532043654748430e-13
1.608421363145981010e-13
7.997799456054782143e-14
6.832779811897377048e-14
1.264343255369756442e-13
8.359753318799927443e-14
4.214079200325981328e-14
1.061268870048585597e-13
6.304079657221956644e-14
3.854994277448026265e-14
8.724115954109047586e-14
4.116077584373673689e-14
3.971265262464110936e-14
7.408039362139907329e-14
1.187806328157160082e-14
6.583146665087328935e-14
2.382153676396816356e-14
3.710576065591440926e-14
3.953203014636138729e-14
1.796510416664266560e-14
4.279119255448786892e-14
1.162080128089657472e-14
3.780570425037128902e-14
1.106035004092707796e-14
3.094535519861262725e-14
1.150516476484543701e-14
2.500466808129058872e-14
1.145611104450444518e-14
2.043888375752155191e-14
1.084974188077332343e-14
1.697476344940672761e-14
9.930605037249426582e-15
1.428395287777533177e-14
8.900757739819490787e-15
1.213196675236178683e-14
7.876614701315347416e-15
1.036934741351458521e-14
6.914959399262359009e-15
8.900929415350458720e-15
6.039170605515773595e-15
7.663446395050783091e-15
5.255439524614112266e-15
6.612449253775603991e-15
4.561546183417534804e-15
5.715066984459926641e-15
3.951407952689080515e-15
4.945966737224444947e-15
3.417409184753428308e-15
4.285012532853815676e-15
2.951587176532257016e-15
3.715837424892975753e-15
2.546225089216654078e-15
3.224923696680211089e-15
2.194133213193252770e-15
2.800978277925802586e-15
1.888764611137025363e-15
2.434488151679162796e-15
1.624242582915743768e-15
2.117390945668944685e-15
1.395341908544180827e-15
1.842822731146740412e-15
1.197447005878037794e-15
1.604919819571103512e-15
1.026499895335006186e-15
1.398659771778415099e-15
8.789451601962159345e-16
1.219731816828634473e-15
7.516758514981974097e-16
1.064429931789283690e-15
6.419824208429019095e-16
9.295637760973833923e-16
5.475056800527592984e-16
8.123839459808518792e-16
4.661941598638850373e-16
7.105188840200480522e-16
3.962658767524164692e-16
6.219213825105542727e-16
3.361743195149669584e-16
5.448230583833486802e-16
2.845783621684043700e-16
4.776954991590585703e-16
2.403157635301810015e-16
4.192170256689191202e-16
2.023799029828155523e-16
3.682442052245518958e-16
1.698994092085036263e-16
3.237873983566155835e-16
1.421203585485891080e-16
2.849897409465323781e-16
1.183907445750694247e-16
2.511090596242825839e-16
9.814694682774276716e-17
2.215022967882393330e-16
8.090195469808223500e-17
1.956120868276378576e-16
6.623512824596211395e-17
1.729551784929493875e-16
5.378330235779376310e-17
1.531124439882246445e-16
4.323306297872685835e-17
1.357202526791020120e-16
3.431404536786383805e-17
1.204630201851091081e-16
2.679312159993832354e-17
1.070667695854650300e-16
2.046936210564593485e-17
9.529356570958350553e-17
1.516966950372663027e-17
8.493670238223803823e-17
1.074499669428568079e-17
7.581653942636885882e-17
7.067072205780725516e-18
6.777690095551345859e-17
4.025565369873290172e-18
6.068195815942931594e-17
1.525633303113816332e-18
5.441353101781850629e-17
-5.142013628322229885e-19
4.886875188923857815e-17
-2.163885957028718100e-18
4.395804211920079716e-17
-3.483424806242299826e-18
3.960335918602197712e-17
-4.524251098900751162e-18
3.573667809929518579e-17
-5.330412497919608765e-18
3.229867522347085343e-17
-5.939595451069841787e-18
2.923758744029686649e-17
-6.384009837245482692e-18
2.650822306739018540e-17
-6.691153014074702295e-18
2.407110402399898155e-17
-6.884469235111486695e-18
2.189172190930683461e-17
-6.983918854101044783e-18
1.993989240635504100e-17
-7.006469255586309673e-18
1.818919515294354456e-17
-6.966518430872753745e-18
1.661648747756703309e-17
-6.876260052835266096e-18
1.520148224093622409e-17
-6.745998144264853551e-18
1.392638113096313004e-17
-6.584418217003347465e-18
1.277555618932398714e-17
-6.398820733953456457e-18
1.173527302019180425e-17
-6.195322092285736290e-18
1.079345016988316669e-17
-5.979027585253915938e-18
9.939449968826289235e-18
-5.754180061596890600e-18
9.163896531144008591e-18
-5.524287797642006519e-18
8.458517459590974559e-18
-5.292234305013937028e-18
7.816006016984963389e-18
-5.060372552666115869e-18
7.229901125359359245e-18
-4.830605883376811063e-18
6.694482855919224026e-18
-4.604457304201474264e-18
6.204681297424835530e-18
-4.383128860243918201e-18
5.755997160978735721e-18
-4.167552454045015198e-18
5.344432502744314747e-18
-3.958433237229220175e-18
4.966430255171612124e-18
-3.756286694483375029e-18
4.618821485680921878e-18
-3.561470280118999178e-18
4.298779290411222106e-18
-3.374210260934736626e-18
4.003778512725875550e-18
-3.194624624029104864e-18
3.731560561034005948e-18
-3.022742431390029324e-18
3.480102617290672823e-18
-2.858520213761081611e-18
3.247590724396893248e-18
-2.701855787472912412e-18
3.032396237353282067e-18
-2.552599842939972574e-18
2.833055230626993899e-18
-2.410565628659409154e-18
2.648250502838026382e-18
-2.275536992582395594e-18
2.476795840238780730e-18
-2.147274988578865267e-18
2.317622310471922088e-18
-2.025523229413505967e-18
2.169766322707698895e-18
-1.910012181347784702e-18
2.032359255044112911e-18
-1.800462477424481057e-18
1.904618527015344505e-18
-1.696587404183181851e-18
1.785839931801197000e-18
-1.598094586992491611e-18
1.675391126329709274e-18
-1.504687008847232751e-18
1.572706218188527013e-18
-1.416063358817505652e-18
