2.017275547732079990e-08
1.224902798303135425e-08
6.052440536217160127e-09
2.940502114477632488e-09
7.409548932801120905e-09
3.395674944766173127e-09
1.567388145968165494e-09
1.136711800900770789e-09
4.058810360133298107e-10
9.716670273953906394e-11
7.016982615558427217e-09
4.074268103647339637e-09
2.049321138340824401e-09
2.254201261342574270e-09
9.963628737325594824e-10
3.085070745399870779e-10
1.984572532127530252e-09
1.103493312201649708e-09
5.891925714647050284e-10
5.333954617730328767e-10
