2.162514293184074369e-08 3.452199502577402616e-08 1.855532658682111490e-08 2.005146309150238919e-08 3.453734797830021886e-08 2.142961723334630844e-08 3.440879981953428010e-08 3.187307921794591073e-08 2.395567106462465392e-08 1.933296568383435217e-08 2.067381331827171373e-08 2.624376003203832594e-08 3.199531437091549977e-08 2.390364626814356227e-08 3.380767746685955352e-08 1.838423991631981002e-08 3.214321368562732227e-08 2.320814218854054826e-08 2.159825227464614190e-08 1.727389765117134498e-08 2.339328529508367822e-08 1.041785643316952560e-08 1.701470679028530932e-08 1.826601817646828198e-08
1.345115777046360361e-08 2.080827937912839664e-08 1.177187369862264724e-08 1.207130735498554881e-08 1.811173342426952024e-08 1.289710891225060236e-08 1.784951190313593032e-08 1.970655685770523131e-08 1.365803066273325898e-08 1.083973307047928787e-08 1.296338114599516362e-08 1.668108678472193454e-08 1.866613235274641320e-08 1.440410047000707792e-08 2.101143475549099113e-08 1.004631591438159295e-08 1.906645181497365510e-08 1.442645760917859780e-08 1.212988382814967534e-08 1.099564344906250757e-08 1.447735904322498282e-08 6.109485535419583050e-09 1.068539961802458754e-08 7.915718001999253171e-09
6.788046500634843817e-09 9.918070555954019607e-09 6.021223287258349555e-09 5.832437907449996733e-09 9.040791185411712987e-09 7.137483936648771448e-09 9.592301183965402463e-09 9.610777269096764902e-09 6.303183457573868354e-09 5.555641134513389754e-09 5.584918820112521689e-09 8.448698595815053359e-09 9.065077962127101045e-09 6.555028143341911256e-09 1.068092719966882478e-08 4.371078335919222956e-09 9.580345273748120927e-09 7.262753366457988513e-09 6.229768056627432986e-09 4.829689359381879506e-09 6.439107393001903235e-09 3.190631078350486494e-09 5.634853568325400784e-09 4.206985027664082228e-09
2.045528508018544934e-09 5.006880948532473104e-09 2.955075120272387546e-09 2.294003742395519450e-09 5.354235970721545458e-09 2.775962326490454057e-09 5.850357733623891157e-09 5.231315535823754170e-09 4.096054392473830910e-09 2.920243928213536140e-09 1.801430271170452311e-09 3.782341570491463316e-09 5.160850435846739705e-09 2.902490492455132736e-09 4.208971980245400008e-09 1.417774123059542672e-09 3.373437882881635402e-09 4.032708067360003971e-09 1.897160161992831518e-09 2.456494253809743031e-09 2.708396695199010697e-09 1.345590764812501418e-09 3.278326450828640478e-09 1.302600447633036500e-09
8.231474002455947156e-09 1.399145567101360514e-08 6.969004031304502070e-09 6.830500350322776262e-09 1.057625263181052515e-08 7.464336655496216945e-09 9.503053555757554745e-09 1.136758195796983345e-08 7.681941453359661156e-09 5.923608344968327202e-09 8.056135978443573792e-09 1.088712694555457100e-08 1.036348418756902591e-08 8.361335986162966516e-09 1.238871595826974205e-08 5.622480170395341398e-09 1.067898529045322514e-08 8.291330631623765740e-09 7.023021210498888575e-09 6.417549439342223929e-09 8.449925322915342064e-09 3.390396780258483523e-09 6.101329124996150914e-09 4.936330185225796267e-09
3.921761489163337137e-09 6.513134549819868217e-09 3.284751911315999980e-09 2.949242453905166819e-09 4.687131724641381901e-09 3.896101639543321115e-09 4.599387768336852016e-09 5.012320787477811665e-09 3.380453616032240258e-09 2.874614477796383366e-09 2.901028317093199049e-09 5.315682130747012095e-09 4.654563223102020330e-09 3.289060439461046035e-09 5.703677207408033350e-09 2.297037410362655421e-09 4.973317512134309013e-09 3.732173718076509331e-09 3.311692164911537370e-09 2.528751317326166036e-09 3.357904696632686697e-09 1.575422169111138259e-09 2.854752227910137383e-09 2.473286139322333128e-09
1.179317524003195926e-09 3.223939636008857250e-09 1.393227062525085545e-09 1.190833639382416609e-09 2.401226581016691884e-09 1.257700143028260363e-09 2.688645188646245818e-09 2.511182684113468222e-09 2.114648422278380825e-09 1.624178155853442585e-09 9.269977256423374915e-10 2.213855992972795065e-09 2.423912435221622726e-09 1.434467178804114135e-09 2.203826385362942610e-09 7.252672572365792191e-10 1.786796673946237916e-09 1.910369487880102657e-09 9.122519018837980839e-10 1.425230320819587537e-09 1.421031660735842042e-09 6.913950759469495333e-10 1.605838468943236150e-09 7.805376975997974853e-10
1.332628591999674910e-09 2.514776414383518967e-09 1.060231071599126631e-09 9.890363725177068872e-10 1.482445950263268361e-09 1.520916028368213002e-09 1.542956546109023412e-09 1.723287279521556080e-09 9.701103528842433255e-10 9.153526639815451717e-10 8.689173990477611895e-10 1.876335665877219848e-09 1.452492244394766202e-09 1.074615701658934532e-09 1.738092343925365769e-09 7.967491212749248679e-10 1.576911662028205336e-09 1.256271460811809049e-09 1.125564126011178937e-09 6.554562979485585679e-10 9.425323028006203072e-10 4.403288519479488870e-10 8.824523305807726341e-10 8.812394001814785294e-10
3.241005952012250337e-10 1.052646525363266301e-09 3.350973243838098312e-10 3.591830421870654276e-10 5.341527780396573645e-10 3.321345496163731456e-10 5.607433247713722359e-10 7.192140111228440361e-10 3.763633628138131624e-10 4.638052063001221263e-10 2.512639882104836759e-10 6.377287818119464451e-10 6.472225853458435952e-10 4.788322447374141635e-10 5.432612419430372148e-10 2.492997359970637260e-10 4.125487060453331188e-10 5.405409610361374085e-10 2.900640735798924837e-10 2.854412577040218920e-10 2.806153546548972983e-10 1.495847618540894868e-10 4.302162922284880619e-10 2.259885109800002588e-10
9.317055918917214068e-11 2.019867784163422649e-10 7.789014121990135104e-11 6.109410117397032718e-11 1.218259865053847915e-10 1.047199035917263042e-10 1.149049027186461648e-10 2.152332977514016398e-10 4.715919068195061199e-11 1.671214406744104521e-10 4.234597476137898637e-11 1.456411672117189285e-10 1.889661959448595677e-10 2.057525096496045882e-10 7.845914930498018604e-11 8.598808769532605116e-11 3.520292118032705837e-11 1.321414901199877850e-10 8.649205799279850315e-11 9.296741071723191496e-11 3.873789271608290030e-11 4.531388383255492989e-11 1.233741149870378602e-10 5.332548575088409934e-11
8.094475662485755136e-09 1.447339588531593983e-08 6.651687736658163520e-09 6.403542025902893922e-09 9.678806062004745237e-09 7.091206386427474150e-09 8.103591010261630077e-09 9.996237776549300934e-09 6.678822092399847314e-09 5.357260653952016642e-09 7.578635989118124060e-09 1.097440026699256013e-08 9.319657068010758456e-09 7.582103367807708361e-09 1.137979215596823955e-08 5.131504941769265292e-09 9.293687190979817027e-09 7.849561804300017441e-09 6.291030986569342859e-09 5.647265203731633635e-09 7.307121796745426082e-09 2.843361570881276731e-09 5.404041993230849452e-09 4.821928917986060325e-09
4.769478892920552410e-09 8.481147894720255841e-09 3.936545650643924411e-09 3.573349027675461480e-09 5.180601004705415660e-09 4.840969794903837462e-09 5.223413725516493856e-09 5.766302478225739066e-09 3.748771054865830391e-09 3.304011700516252284e-09 3.257634753267583774e-09 6.655908055869666826e-09 5.346124448151690888e-09 3.777157730812557541e-09 6.488042095973133519e-09 2.739193850596254446e-09 5.454931732428969499e-09 4.473085645447358968e-09 3.797803807086322954e-09 2.787691029756957125e-09 3.648076212158505425e-09 1.670951019566657343e-09 3.211420594007912582e-09 3.071038772030337019e-09
1.510758177961865043e-09 4.736412664922546908e-09 1.696173240180315763e-09 1.652748215559296429e-09 2.863791546452733313e-09 1.530697484344456431e-09 3.199538014975896623e-09 3.169351830610320434e-09 2.557277695797963200e-09 2.078362205700393725e-09 1.209897211949757254e-09 2.886000474229412922e-09 3.020381137847899362e-09 2.027909770244839970e-09 2.874641445259175163e-09 1.015052688821534718e-09 2.352515879977556428e-09 2.550845065484782406e-09 1.241833040101900937e-09 1.769281316166909564e-09 1.769930318555604394e-09 8.182839350355348977e-10 2.053776544439458297e-09 1.154960925149614014e-09
2.657793054374037526e-09 5.088107347924940612e-09 2.003552319183392998e-09 1.988547158228931333e-09 2.824291190194503354e-09 3.157509821492694370e-09 3.099737528836605467e-09 3.519195096632546585e-09 1.737459207569319753e-09 1.947770012822525982e-09 1.706322093650724991e-09 3.832647186725415799e-09 2.977458486368876325e-09 2.142978025059057147e-09 3.344997437503439974e-09 1.515419950250253475e-09 2.800128856213808444e-09 2.488863939385132456e-09 2.174358310863355335e-09 1.268513920722550418e-09 1.729881696292202972e-09 7.961936903184820261e-10 1.729812576551805966e-09 1.731101050765499690e-09
7.724693891402719945e-10 2.635354295730546693e-09 7.878571019536977394e-10 8.437915954522703167e-10 1.333938145565818789e-09 8.296353495301801349e-10 1.426457658219656864e-09 1.877124368502856914e-09 8.579712205731662075e-10 1.234812332136480795e-09 6.230880989088307750e-10 1.454651629674920666e-09 1.715330908233690251e-09 1.292112932104004427e-09 1.317964898810279129e-09 6.149503153260649694e-10 9.410323509184427575e-10 1.299094146196576175e-09 8.088342667407038497e-10 7.307653988237753619e-10 6.986736406259504305e-10 3.458346009197413499e-10 1.100338833801811541e-09 5.545259220088561656e-10
2.486851703248508224e-10 6.769629778212013508e-10 2.433095634770451381e-10 1.533409054454211043e-10 3.844170701591033609e-10 3.451299790351726460e-10 4.262669883603036008e-10 6.637801134892971474e-10 1.527206887295848550e-10 5.611131393039564318e-10 9.372592266462068154e-11 4.197814874575987018e-10 6.035841671761782320e-10 6.727448976860176635e-10 2.371316304473850903e-10 2.533688966731686902e-10 1.023116910729336330e-10 3.965034128789034984e-10 2.684717953827070919e-10 3.248438973934723500e-10 1.320245487243933032e-10 1.296260347339773333e-10 3.771299214993657502e-10 1.400367893857314737e-10
2.344591646555135796e-09 4.655154826629513842e-09 1.445283414781523619e-09 1.599398982200554254e-09 2.435166419068884303e-09 2.970842093307726167e-09 2.960756095131669882e-09 3.503575567951366783e-09 1.211076603932538715e-09 2.254866202954663215e-09 1.516700746890186131e-09 3.569350991446701202e-09 2.690872763431735090e-09 2.220588010847094683e-09 2.850378163230188172e-09 1.356017265592991051e-09 2.142492438648684068e-09 2.129240793320722757e-09 1.957137852268802836e-09 1.182924758095562009e-09 1.346613247020400895e-09 6.262189003525931760e-10 1.514850410185459644e-09 1.474271680234955230e-09
9.069966065567900442e-10 2.955067368677118461e-09 7.869890591541524427e-10 7.621488243357717320e-10 1.572761517734730328e-09 9.988187627745231390e-10 1.636910477958305202e-09 2.401953022387803429e-09 8.141069130252883737e-10 1.829949797031459518e-09 5.987048849552912565e-10 1.616305995684722554e-09 2.155789538085405764e-09 1.822051486035174586e-09 1.279746545797788679e-09 7.842396271767623404e-10 7.132335386399264534e-10 1.445657644253111642e-09 1.047239445575669630e-09 1.023135841418134492e-09 6.938823442193994679e-10 3.752490136465856706e-10 1.351551585295524005e-09 4.971728136543119515e-10
3.816563505295500970e-10 1.251878184034501868e-09 4.197442931110742838e-10 1.631197677086698283e-10 8.431251948382784993e-10 6.893143262015399181e-10 9.291306407504655388e-10 1.366405093856952206e-09 3.263434024979032947e-10 1.117963004658635569e-09 -1.673003493853490107e-11 7.458080311137662743e-10 1.209971782200920379e-09 1.433845681736441897e-09 3.354905688037051375e-10 4.659693049321220764e-10 8.126128847629890025e-11 8.464695631305818451e-10 3.804357054478836917e-10 7.128169630067069469e-10 2.308067320868527521e-10 1.581111258275392282e-10 7.103669579455510561e-10 1.405146785791599026e-10
8.687273173673223759e-11 8.846902898165687925e-10 4.424243076702914312e-10 -1.919398848059105251e-11 1.148377640934769256e-09 7.170232300009545531e-10 9.827743387953524791e-10 1.387209933654600277e-09 2.120919265093586166e-10 8.846580290270469364e-10 -3.253768978244325931e-10 3.849091609733644667e-10 1.212092983087827732e-09 1.469668923504550739e-09 -2.503020824387993181e-11 2.037495056584748900e-10 -7.501859767230903497e-11 1.061324962608641634e-09 -1.264361717273048332e-10 5.863547455676627142e-10 1.553463182263777163e-10 -5.465332953888393119e-11 5.129698111663837236e-10 -6.158103110865758209e-11
