2.384035540964825901e-08
1.385413773962455570e-08
6.723936317280680537e-09
3.251448309983253413e-09
7.967335820045791379e-09
3.574934534776688757e-09
1.640761902625247733e-09
1.164034348823808212e-09
4.122296174166753407e-10
9.781025590036850103e-11
7.350542403046265975e-09
4.211001226690491248e-09
2.110007704441708351e-09
2.295242598141929448e-09
1.009106174419647460e-09
3.103593272233004897e-10
2.006007788695645840e-09
1.111968635209828690e-09
5.917719668736562978e-10
5.349182904810474873e-10
