2.496414040165342435e-08
1.432036494286106558e-08
6.919877714031177683e-09
3.343072565812652702e-09
8.120623852475394657e-09
3.623773367831205337e-09
1.660794316104375144e-09
1.171711666087499679e-09
4.140993785602381971e-10
9.803007081208652905e-11
7.440307896452821724e-09
4.248183408764699844e-09
2.126641034631205421e-09
2.307023148603848510e-09
1.012941886968580712e-09
3.109321759955120235e-10
2.012745494440441261e-09
1.114687369727708969e-09
5.925357026648878446e-10
5.352941923421487430e-10
