2.015326054367972606e-08
1.223707842084987895e-08
6.046541381180103873e-09
2.937659449548254124e-09
7.402223177675841893e-09
3.392307939065823336e-09
1.565838617591338251e-09
1.135571931963680197e-09
4.054719134949573320e-10
9.706916692911008952e-11
7.009988791610413421e-09
4.070194834085998215e-09
2.047272860522877849e-09
2.251928513143603426e-09
9.953536039345104233e-10
3.081964755323276825e-10
1.982548936176045541e-09
1.102368729871756314e-09
5.886027587044135850e-10
5.328679545797851463e-10
