2.329856317504204395e-08 3.785744639354660434e-08 2.147041840187880250e-08 2.263852025322086448e-08 3.870964222650003684e-08 2.379101318006565397e-08 3.694878010843618998e-08 3.218785181489770730e-08 2.435113423064734997e-08 1.951155699591246121e-08 2.183524902632363658e-08 2.485082932801427023e-08 2.934094811680475928e-08 2.456401899372990501e-08 3.416656900114006242e-08 2.082687635835252036e-08 3.069824286718740707e-08 2.362246652863981466e-08 2.646141015702860534e-08 1.636663580602821433e-08 2.261939895983472373e-08 1.573727383259353515e-08 2.375772064368615802e-08 2.931370432963485421e-08
1.386117591525826854e-08 2.173046655632143900e-08 1.307750379818252242e-08 1.317167293800508163e-08 2.341315968463381539e-08 1.356447354107205053e-08 1.912961996495908197e-08 1.895818508711536944e-08 1.341049064017243659e-08 1.047111788331978991e-08 1.342471908140429085e-08 1.515803506118259967e-08 1.626633502364881821e-08 1.396020800410858367e-08 1.931924367792107615e-08 1.060446639276008181e-08 1.840762471384141794e-08 1.351300683229336652e-08 1.400150231110623686e-08 9.306867501673521383e-09 1.265869887480659420e-08 8.585781455286862585e-09 1.309043969248482388e-08 1.721747833978722519e-08
7.009394425867550843e-09 1.037480541267593352e-08 6.621680825577741076e-09 6.208440537950182794e-09 9.682108151085600942e-09 7.445782240872634557e-09 9.613218795808181234e-09 9.327702536675837087e-09 6.167418585835320475e-09 5.352301645136314404e-09 6.365701184121336344e-09 7.636014739821423702e-09 8.724509628678214083e-09 6.831399353484973137e-09 9.335904498732978688e-09 5.682270445536007537e-09 8.229067148672058637e-09 5.940305168138842717e-09 6.726202457830023179e-09 4.698099370169208092e-09 5.648422277910666309e-09 4.071408331976134805e-09 5.537327451777859662e-09 7.699480847427824222e-09
2.191825616239990760e-09 5.292316869918182838e-09 3.268525343029721053e-09 2.291477174560552814e-09 5.368995207018505994e-09 2.779419487996844738e-09 6.219347584413157055e-09 5.043071598952322537e-09 4.068031724760965684e-09 2.483882442024151926e-09 1.969186432427005323e-09 3.219054034474530050e-09 5.065930974001968955e-09 2.498605031934537955e-09 3.726485957621762077e-09 2.042555303202270693e-09 3.780958168838801846e-09 2.718403806410825950e-09 2.788894223834124470e-09 2.383193216207892422e-09 3.349696702941584441e-09 1.672856739224219260e-09 2.874308927266926356e-09 4.229123726387533770e-09
8.300904194910630911e-09 1.436094215489262536e-08 7.485878179844777451e-09 7.300746490404114043e-09 1.358718921483536212e-08 7.634487024774934963e-09 1.000855098548187477e-08 1.044151167507063417e-08 7.316058451283085742e-09 5.537062296927552815e-09 8.136166758147750785e-09 9.227991643118211137e-09 8.675800763472225699e-09 7.453055104431421604e-09 1.061839312422161098e-08 5.554057703755757157e-09 1.060754699141140615e-08 7.494335291666848654e-09 7.572435785176536165e-09 5.299528290662262959e-09 7.029108498337903266e-09 4.354817041041701332e-09 6.810509419111838173e-09 9.552467148888184181e-09
3.976714306379839479e-09 6.714961315022682851e-09 3.503569725381003986e-09 3.087699346402482119e-09 4.910314726792891262e-09 3.951062244418897528e-09 4.472465040941115431e-09 4.703517866059235596e-09 3.177198843766263294e-09 2.705889352347255527e-09 3.455067144831529926e-09 4.444867624600096063e-09 4.251191463743172565e-09 3.312671034699281028e-09 4.707031290350266101e-09 2.812714202370729822e-09 4.331361901504555102e-09 2.921075008275072317e-09 3.362614068013165902e-09 2.476848850733405037e-09 2.882273744444427708e-09 1.826096766016903475e-09 2.559862650504276087e-09 3.885971441586078475e-09
1.248113019337548638e-09 3.331693684209327289e-09 1.491654743585352052e-09 1.174420100117906939e-09 2.334548671527979647e-09 1.192985491203766790e-09 2.752749879096115254e-09 2.302606225336755783e-09 1.959115651337010914e-09 1.380990901045175463e-09 1.004850320729683189e-09 1.817266397960135760e-09 2.297324304967207801e-09 1.176112359629691457e-09 1.854621380555102812e-09 9.487158247856552939e-10 1.748621137105590416e-09 1.321138152949786531e-09 1.311581345979179215e-09 1.260676184013495817e-09 1.758436309041304579e-09 6.689500421603482502e-10 1.384375937392021578e-09 2.021255817784986198e-09
1.349244677318767197e-09 2.603543874382921486e-09 1.133603060002489480e-09 1.038564020388003437e-09 1.526719429210337013e-09 1.530942912923785501e-09 1.447681046855784162e-09 1.574210871059952994e-09 9.016928966514063168e-10 8.657499105546354015e-10 1.095727809977086336e-09 1.514587351112203086e-09 1.307523619952139377e-09 1.186024145918016172e-09 1.446272554006076029e-09 9.379584586769714500e-10 1.420486438919634483e-09 8.733042153088357739e-10 1.010289951613257605e-09 7.596975741675930796e-10 7.931335153847610703e-10 5.418705234765632401e-10 8.604963833747162431e-10 1.033503820926365416e-09
3.595087485417219876e-10 1.074237875911199570e-09 3.661201221075259614e-10 3.643911912289934147e-10 5.379381049889091015e-10 3.131795854637421222e-10 5.826351158398863343e-10 6.354499090412898377e-10 3.295889743670294324e-10 4.218870161352294635e-10 2.369380596310034685e-10 5.115241070090179042e-10 6.098755995104131063e-10 4.059474836963866644e-10 4.213666239188225408e-10 2.549010778310787412e-10 3.474812152869159273e-10 3.082782826697770060e-10 3.279657552322507234e-10 2.793652221896522309e-10 3.647982972514925964e-10 1.809745376394815167e-10 4.166180069737109575e-10 3.930042621826137474e-10
1.011585088393767648e-10 1.990467751473158068e-10 8.540855568353490092e-11 5.858597681203342825e-11 9.900669072389679076e-11 1.081397114927844832e-10 1.365853836035851311e-10 1.824253261955633978e-10 5.035211338415386049e-11 1.454683094673360200e-10 5.015675986290168783e-12 1.121815493164492813e-10 1.666936903035208645e-10 1.637198726682811895e-10 2.997431079658806879e-11 8.386297392171448253e-11 6.325523650244464160e-12 7.990418521836988718e-11 8.277159540936907312e-11 4.991246686321003507e-11 8.758963038660817659e-11 2.698176629161227422e-11 1.446608042831092790e-10 6.264594852389372793e-11
8.203105382320918161e-09 1.499989100205031635e-08 7.080684616828681246e-09 6.780128587002029413e-09 1.224572440917645627e-08 7.187690759267879083e-09 8.432566126506952236e-09 8.952073976391484580e-09 6.479915904594290607e-09 4.950098438859738740e-09 7.724266231826630068e-09 8.983504051850875656e-09 7.986963274107005696e-09 6.719772775165158918e-09 9.270548722109794141e-09 4.768415726089079894e-09 1.007137486484700115e-08 6.797918382010011513e-09 6.309158639706054646e-09 5.090403718277156229e-09 6.282549758755066862e-09 3.639099549801397903e-09 5.800671377054392399e-09 8.192494807898710018e-09
4.835289343678273366e-09 8.778903706168181077e-09 4.182061530473583982e-09 3.739000553632869492e-09 5.736765399100797613e-09 4.931317257418163838e-09 5.041855964699463689e-09 5.364130966473562106e-09 3.544606868697134432e-09 3.104878434838912254e-09 4.037228082383520370e-09 5.402778736882943158e-09 4.816824270984902568e-09 3.919796623170530231e-09 5.314067447500516250e-09 3.116391284162035501e-09 5.150915052690241478e-09 3.321498198828768089e-09 3.747208905372261789e-09 2.891141695329760317e-09 3.208157293565925512e-09 1.939377587221493492e-09 2.913852992325635358e-09 4.215232947724227447e-09
1.618217096268718876e-09 4.881141334270140301e-09 1.798674569748187034e-09 1.657868512417796988e-09 2.811511171667883544e-09 1.425453036575394066e-09 3.268720483627231992e-09 2.865774470614975676e-09 2.289792491664565674e-09 1.771625622859610880e-09 1.309988868676716237e-09 2.411990673151914595e-09 2.885607889253442443e-09 1.639129232736456969e-09 2.373959266791240046e-09 1.173732266428474637e-09 2.277861178359835794e-09 1.714165721706578911e-09 1.756216103716771224e-09 1.550109310978039500e-09 2.201982266822117525e-09 7.690218717217615084e-10 1.807820630191896165e-09 2.481844592678054059e-09
2.681557706392684298e-09 5.254812641957275331e-09 2.156460916193276129e-09 2.081605674184503807e-09 3.191453356698283617e-09 3.183745093300963639e-09 2.942103425516826438e-09 3.207858438624317375e-09 1.595744827297462719e-09 1.839211369685884369e-09 2.214811552991149826e-09 3.077417923428471471e-09 2.617863262835299627e-09 2.346305488635312779e-09 2.695277414269245057e-09 1.778296190502235258e-09 2.710231716751193414e-09 1.665096016855761610e-09 1.948911181278086202e-09 1.426179523154142725e-09 1.514339300131753275e-09 1.002593191320553204e-09 1.728740412642887691e-09 1.922470777612223263e-09
8.282551725278560759e-10 2.679851112634442231e-09 8.585850079864247693e-10 8.637507789465737034e-10 1.356560026408976778e-09 7.772986511607248348e-10 1.502005155529622129e-09 1.655092256006896080e-09 7.383658428521379659e-10 1.104537646738060681e-09 5.866521454126622893e-10 1.264222077115927432e-09 1.627603713018674906e-09 1.062058817233859504e-09 9.894940387644474202e-10 6.324663588679149335e-10 8.575067180621538852e-10 7.487791947317326147e-10 7.850282460934693521e-10 6.833502104543798515e-10 9.014909971377532118e-10 4.179940593953672779e-10 1.007700879605758416e-09 9.151674826322910558e-10
2.611306533290800447e-10 6.702007772012573332e-10 2.626178737346199035e-10 1.496802811337684896e-10 3.437751970394639217e-10 3.434932077061018607e-10 4.895348899028701071e-10 5.842244313833217048e-10 1.537159660130765343e-10 4.692571509341353885e-10 2.812905989061745918e-11 3.617825095815349421e-10 5.780435136372113021e-10 5.274372265271804843e-10 9.398077283424664901e-11 2.508963728155985656e-10 6.393137563631561839e-11 2.502558092523265615e-10 2.288845636427330810e-10 1.625477776844101175e-10 2.841744662390474865e-10 9.100543572823630413e-11 3.995210529978173685e-10 2.009828620285790365e-10
2.334685178999936120e-09 4.788906173263499099e-09 1.601268733228446352e-09 1.669169814540051224e-09 2.758158832337111011e-09 2.909425484386637718e-09 2.830141748212908598e-09 3.142313230213948812e-09 1.054902302639983792e-09 2.036555042228310086e-09 2.075983588537958854e-09 3.017233395930983775e-09 2.310507521743045153e-09 2.316667048459375193e-09 2.126450880586862336e-09 1.636605756632840683e-09 2.072928577073266742e-09 1.325055288558648619e-09 1.791951439793411440e-09 1.107645200118026799e-09 1.289701130597229646e-09 7.940751553377539103e-10 1.752874876704400761e-09 1.507874073306024414e-09
9.260240954428443921e-10 2.957113508931989122e-09 8.540094076865448703e-10 7.893760277336139543e-10 1.580519521291094488e-09 9.614048457123216037e-10 1.800129574481677809e-09 2.080055189348331219e-09 6.652033373901689924e-10 1.579031946253547711e-09 5.543108497295786144e-10 1.455851131280217881e-09 2.053991680186347140e-09 1.498862841823292152e-09 8.433360472326988876e-10 8.187901552713809917e-10 6.575158895361580713e-10 7.774108657554728767e-10 7.958815435600866952e-10 7.335236092711170018e-10 1.057086838538240028e-09 4.414546929757975219e-10 1.256339707794863021e-09 8.688672868485626797e-10
3.826817530923999398e-10 1.224396899142526870e-09 4.324328794305368469e-10 1.638542086413574938e-10 8.050916598335247421e-10 6.941414817098972215e-10 1.045838105966160723e-09 1.204233991802830092e-09 2.775490385398296622e-10 9.261677941025548591e-10 -8.915139692730986128e-13 5.663220528229711786e-10 1.217221141878672726e-09 1.137839128969837872e-09 5.989883889581707026e-11 5.245549994071300363e-10 1.586238235326514596e-10 4.577723116738827024e-10 2.820197153421646524e-10 2.472078946558924499e-10 7.003350746194558329e-10 1.078812587618387943e-10 6.783612190215842795e-10 3.288109372570122456e-10
7.860756135361169341e-11 9.295807129757232843e-10 4.411353661102025992e-10 -4.783186093465318345e-11 1.160743858440358705e-09 7.339333785284973166e-10 1.073111174613826586e-09 1.295514786902418961e-09 1.667826524994795429e-10 6.976089430789980225e-10 -2.677791697002193068e-10 7.907502979280277262e-11 1.449376046883529416e-09 1.114395832671732201e-09 -1.104557414926144013e-10 3.379962005836586915e-10 2.346954540106558447e-10 5.216665812992092484e-10 -5.443126446414603348e-11 7.230167068098700485e-12 8.743616389186152393e-10 -5.282675904906203699e-11 5.556647232825659212e-10 1.441611546003676920e-10
