## {'coords': 'spherical', 'metric': 'Arc', 'sep_units': 'arcmin', 'bin_type': 'Log'}
#   r_nom       meanr       meanlogr       xip          xim         xip_im       xim_im     sigma_xip    sigma_xim      weight       npairs   
  5.9351e-01   6.0774e-01  -5.0273e-01   5.1570e-04   5.3266e-06   1.6944e-06   2.7341e-06   2.7399e-06   2.7399e-06   2.5871e+04   2.5871e+04
  8.3625e-01   8.5654e-01  -1.5957e-01   4.6682e-04   9.3076e-06  -2.9984e-07  -1.4517e-06   1.9558e-06   1.9558e-06   5.0773e+04   5.0773e+04
  1.1783e+00   1.2068e+00   1.8326e-01   3.9732e-04   1.1176e-05   1.8953e-06   2.2140e-07   1.3821e-06   1.3821e-06   1.0167e+05   1.0167e+05
  1.6602e+00   1.7008e+00   5.2644e-01   3.0821e-04   3.1315e-05  -1.3667e-07   1.2545e-06   9.8082e-07   9.8082e-07   2.0188e+05   2.0188e+05
  2.3392e+00   2.3957e+00   8.6902e-01   2.3179e-04   4.8103e-05  -1.4419e-07   1.4716e-06   6.9578e-07   6.9578e-07   4.0118e+05   4.0118e+05
  3.2959e+00   3.3755e+00   1.2120e+00   1.7550e-04   5.4768e-05   1.7259e-07  -8.2901e-07   4.9395e-07   4.9395e-07   7.9599e+05   7.9599e+05
  4.6439e+00   4.7570e+00   1.5551e+00   1.3520e-04   5.4348e-05   3.5064e-07  -2.3078e-07   3.5076e-07   3.5076e-07   1.5786e+06   1.5786e+06
  6.5432e+00   6.7008e+00   1.8978e+00   1.0331e-04   4.7269e-05   4.0985e-07   2.4707e-07   2.4900e-07   2.4900e-07   3.1325e+06   3.1325e+06
  9.2193e+00   9.4406e+00   2.2407e+00   7.9694e-05   3.8289e-05  -2.1905e-07  -9.8418e-08   1.7673e-07   1.7673e-07   6.2178e+06   6.2178e+06
  1.2990e+01   1.3302e+01   2.5836e+00   6.0510e-05   3.0441e-05  -4.4479e-07   1.7276e-07   1.2547e-07   1.2547e-07   1.2336e+07   1.2336e+07
  1.8303e+01   1.8742e+01   2.9264e+00   4.4888e-05   2.3921e-05  -4.6017e-07  -4.2895e-08   8.9124e-08   8.9124e-08   2.4451e+07   2.4451e+07
  2.5788e+01   2.6407e+01   3.2693e+00   3.2214e-05   1.8902e-05  -1.6866e-07  -3.1039e-08   6.3317e-08   6.3317e-08   4.8444e+07   4.8444e+07
  3.6336e+01   3.7207e+01   3.6121e+00   2.1547e-05   1.5281e-05   9.3924e-08   1.0434e-07   4.5008e-08   4.5008e-08   9.5875e+07   9.5875e+07
  5.1197e+01   5.2423e+01   3.9550e+00   1.2718e-05   1.2387e-05   1.2720e-07  -1.9178e-07   3.2011e-08   3.2011e-08   1.8953e+08   1.8953e+08
  7.2136e+01   7.3861e+01   4.2978e+00   6.5778e-06   1.0512e-05   1.3773e-07  -1.0201e-07   2.2787e-08   2.2787e-08   3.7403e+08   3.7403e+08
  1.0164e+02   1.0406e+02   4.6406e+00   2.7326e-06   8.4548e-06   1.6474e-07  -1.9978e-08   1.6242e-08   1.6242e-08   7.3619e+08   7.3619e+08
  1.4321e+02   1.4661e+02   4.9833e+00   8.6561e-07   6.6335e-06  -9.5819e-08   3.5434e-08   1.1599e-08   1.1599e-08   1.4435e+09   1.4435e+09
  2.0178e+02   2.0654e+02   5.3260e+00   5.6756e-08   4.5630e-06  -5.2877e-09  -3.0461e-08   8.3055e-09   8.3055e-09   2.8154e+09   2.8154e+09
  2.8431e+02   2.9094e+02   5.6687e+00  -9.1813e-08   2.9453e-06   1.9546e-07   4.1470e-09   5.9702e-09   5.9702e-09   5.4488e+09   5.4488e+09
  4.0059e+02   4.0979e+02   6.0112e+00  -1.1723e-07   1.8414e-06   1.2646e-07   1.9700e-08   4.3160e-09   4.3160e-09   1.0426e+10   1.0426e+10
