## {'coords': 'spherical', 'metric': 'Euclidean', 'sep_units': 'arcmin', 'bin_type': 'Log'}
#   r_nom       meanr       meanlogr       xip          xim         xip_im       xim_im     sigma_xip    sigma_xim      weight       npairs   
  5.9351e-01   6.0797e-01  -5.0233e-01   2.2604e-04   1.2155e-06   2.5263e-07   2.3063e-06   1.0151e-06   1.0151e-06   5.1658e+04   5.1658e+04
  8.3625e-01   8.5598e-01  -1.6024e-01   2.0529e-04   1.2011e-06   4.3440e-07   6.4010e-07   7.2038e-07   7.2038e-07   1.0258e+05   1.0258e+05
  1.1783e+00   1.2068e+00   1.8329e-01   1.7643e-04   4.8254e-06   2.8414e-07   1.9744e-07   5.1089e-07   5.1089e-07   2.0394e+05   2.0394e+05
  1.6602e+00   1.7003e+00   5.2610e-01   1.4049e-04   9.9315e-06  -2.0126e-07   5.7635e-07   3.6261e-07   3.6261e-07   4.0486e+05   4.0486e+05
  2.3392e+00   2.3963e+00   8.6930e-01   1.0768e-04   1.8806e-05  -3.0400e-07   7.6264e-07   2.5757e-07   2.5757e-07   8.0235e+05   8.0235e+05
  3.2959e+00   3.3762e+00   1.2122e+00   7.9041e-05   2.3253e-05   8.3396e-08  -2.5626e-07   1.8285e-07   1.8285e-07   1.5922e+06   1.5922e+06
  4.6439e+00   4.7558e+00   1.5549e+00   5.8534e-05   2.3988e-05   2.2376e-07   3.0904e-08   1.2975e-07   1.2975e-07   3.1617e+06   3.1617e+06
  6.5432e+00   6.7013e+00   1.8979e+00   4.3860e-05   2.1695e-05   2.8582e-07   1.1738e-07   9.2132e-08   9.2132e-08   6.2712e+06   6.2712e+06
  9.2193e+00   9.4408e+00   2.2407e+00   3.3235e-05   1.8213e-05  -5.5847e-08  -1.5491e-08   6.5433e-08   6.5433e-08   1.2433e+07   1.2433e+07
  1.2990e+01   1.3302e+01   2.5836e+00   2.5330e-05   1.4391e-05   2.2928e-08  -3.8647e-08   4.6455e-08   4.6455e-08   2.4667e+07   2.4667e+07
  1.8303e+01   1.8742e+01   2.9264e+00   1.9221e-05   1.1020e-05  -5.8785e-08   3.7111e-08   3.2993e-08   3.2993e-08   4.8902e+07   4.8902e+07
  2.5788e+01   2.6407e+01   3.2693e+00   1.4220e-05   8.3423e-06  -2.5995e-08  -3.9792e-08   2.3438e-08   2.3438e-08   9.6897e+07   9.6897e+07
  3.6336e+01   3.7207e+01   3.6121e+00   1.0006e-05   6.4459e-06   3.2592e-08  -2.9356e-09   1.6662e-08   1.6662e-08   1.9175e+08   1.9175e+08
  5.1197e+01   5.2424e+01   3.9550e+00   6.3333e-06   5.0587e-06   2.0003e-08  -6.3008e-08   1.1850e-08   1.1850e-08   3.7905e+08   3.7905e+08
  7.2136e+01   7.3863e+01   4.2978e+00   3.6681e-06   4.3120e-06  -8.3211e-09  -3.1225e-08   8.4357e-09   8.4357e-09   7.4803e+08   7.4803e+08
  1.0164e+02   1.0407e+02   4.6406e+00   1.9780e-06   3.4587e-06   5.2210e-09   5.5099e-09   6.0124e-09   6.0124e-09   1.4725e+09   1.4725e+09
  1.4321e+02   1.4662e+02   4.9834e+00   9.2193e-07   2.7463e-06  -1.1515e-08  -1.0581e-08   4.2932e-09   4.2932e-09   2.8881e+09   2.8881e+09
  2.0178e+02   2.0657e+02   5.3262e+00   4.1876e-07   2.0114e-06   1.9223e-08  -2.9312e-08   3.0735e-09   3.0735e-09   5.6350e+09   5.6350e+09
  2.8431e+02   2.9104e+02   5.6690e+00   2.5876e-07   1.3440e-06   1.1337e-08   2.5123e-08   2.2085e-09   2.2085e-09   1.0913e+10   1.0913e+10
  4.0059e+02   4.1005e+02   6.0118e+00  -2.9353e-08   8.3225e-07  -2.6477e-08   9.1640e-09   1.5956e-09   1.5956e-09   2.0908e+10   2.0908e+10
