## {'coords': 'spherical', 'metric': 'Euclidean', 'sep_units': 'arcmin', 'bin_type': 'Log'}
#   r_nom       meanr       meanlogr       xip          xim         xip_im       xim_im     sigma_xip    sigma_xim      weight       npairs   
  5.9351e-01   6.0853e-01  -5.0144e-01   3.3493e-04  -7.9377e-07  -1.6552e-06   1.3227e-06   1.3363e-06   1.3363e-06   5.1514e+04   5.1514e+04
  8.3625e-01   8.5699e-01  -1.5907e-01   3.0644e-04   2.0899e-06   1.2271e-06   3.6416e-07   9.4423e-07   9.4423e-07   1.0317e+05   1.0317e+05
  1.1783e+00   1.2073e+00   1.8368e-01   2.5933e-04   8.3550e-06  -9.7962e-07  -1.4124e-06   6.7255e-07   6.7255e-07   2.0337e+05   2.0337e+05
  1.6602e+00   1.7005e+00   5.2626e-01   2.0378e-04   1.7839e-05  -4.8166e-07  -1.8564e-07   4.7680e-07   4.7680e-07   4.0463e+05   4.0463e+05
  2.3392e+00   2.3962e+00   8.6927e-01   1.5388e-04   3.0072e-05  -4.1858e-08   2.8351e-07   3.3875e-07   3.3875e-07   8.0164e+05   8.0164e+05
  3.2959e+00   3.3755e+00   1.2120e+00   1.1454e-04   3.5335e-05   9.2744e-07  -6.5583e-08   2.4034e-07   2.4034e-07   1.5925e+06   1.5925e+06
  4.6439e+00   4.7558e+00   1.5549e+00   8.6161e-05   3.5930e-05   3.7125e-07   3.2715e-07   1.7068e-07   1.7068e-07   3.1576e+06   3.1576e+06
  6.5432e+00   6.7011e+00   1.8978e+00   6.5536e-05   3.1805e-05   2.6458e-07   4.5971e-08   1.2115e-07   1.2115e-07   6.2677e+06   6.2677e+06
  9.2193e+00   9.4413e+00   2.2407e+00   5.0177e-05   2.5948e-05   1.0048e-07   6.9697e-09   8.6006e-08   8.6006e-08   1.2436e+07   1.2436e+07
  1.2990e+01   1.3302e+01   2.5836e+00   3.8305e-05   2.0309e-05   1.0860e-07   9.9924e-08   6.1072e-08   6.1072e-08   2.4663e+07   2.4663e+07
  1.8303e+01   1.8742e+01   2.9264e+00   2.8690e-05   1.5748e-05  -6.5250e-08   1.5314e-08   4.3374e-08   4.3374e-08   4.8896e+07   4.8896e+07
  2.5788e+01   2.6407e+01   3.2693e+00   2.0901e-05   1.2167e-05  -1.5002e-08   6.4966e-09   3.0814e-08   3.0814e-08   9.6880e+07   9.6880e+07
  3.6336e+01   3.7207e+01   3.6121e+00   1.4307e-05   9.6347e-06   7.4209e-08  -1.9301e-09   2.1904e-08   2.1904e-08   1.9173e+08   1.9173e+08
  5.1197e+01   5.2424e+01   3.9550e+00   8.8506e-06   7.6979e-06   4.5249e-08  -9.1408e-08   1.5578e-08   1.5578e-08   3.7908e+08   3.7908e+08
  7.2136e+01   7.3863e+01   4.2978e+00   4.8919e-06   6.5443e-06  -2.2273e-08  -7.2862e-08   1.1089e-08   1.1089e-08   7.4812e+08   7.4812e+08
  1.0164e+02   1.0407e+02   4.6406e+00   2.3643e-06   5.2631e-06  -2.2682e-08  -3.0460e-08   7.9040e-09   7.9040e-09   1.4724e+09   1.4724e+09
  1.4321e+02   1.4662e+02   4.9834e+00   9.7141e-07   4.1479e-06   2.7777e-08  -1.7288e-08   5.6439e-09   5.6439e-09   2.8878e+09   2.8878e+09
  2.0178e+02   2.0657e+02   5.3262e+00   3.1049e-07   2.9589e-06   3.1597e-08  -1.9399e-08   4.0406e-09   4.0406e-09   5.6342e+09   5.6342e+09
  2.8431e+02   2.9104e+02   5.6690e+00   1.2772e-07   1.9449e-06   4.8149e-08   1.1961e-08   2.9036e-09   2.9036e-09   1.0910e+10   1.0910e+10
  4.0059e+02   4.1005e+02   6.0118e+00  -7.0537e-08   1.2328e-06  -1.7256e-09   2.3795e-08   2.0978e-09   2.0978e-09   2.0903e+10   2.0903e+10
