## {'coords': 'spherical', 'metric': 'Euclidean', 'sep_units': 'arcmin', 'bin_type': 'Log'}
#   r_nom       meanr       meanlogr       xip          xim         xip_im       xim_im     sigma_xip    sigma_xim      weight       npairs   
  5.9351e-01   6.0833e-01  -5.0180e-01   1.2838e-04   2.4052e-07   6.3288e-07  -5.0288e-07   7.2279e-07   7.2279e-07   5.1763e+04   5.1763e+04
  8.3625e-01   8.5660e-01  -1.5952e-01   1.2166e-04   6.6832e-07  -1.0673e-07   1.6231e-07   5.1430e-07   5.1430e-07   1.0224e+05   1.0224e+05
  1.1783e+00   1.2073e+00   1.8364e-01   1.0396e-04   1.8657e-06  -1.2441e-07  -2.0945e-07   3.6438e-07   3.6438e-07   2.0368e+05   2.0368e+05
  1.6602e+00   1.7005e+00   5.2627e-01   8.3811e-05   6.1897e-06  -5.8349e-08   4.0228e-07   2.5872e-07   2.5872e-07   4.0400e+05   4.0400e+05
  2.3392e+00   2.3963e+00   8.6930e-01   6.5366e-05   9.7132e-06  -1.1570e-07  -1.1727e-07   1.8357e-07   1.8357e-07   8.0248e+05   8.0248e+05
  3.2959e+00   3.3762e+00   1.2122e+00   4.8531e-05   1.2441e-05  -9.8884e-08  -5.2096e-08   1.3032e-07   1.3032e-07   1.5922e+06   1.5922e+06
  4.6439e+00   4.7562e+00   1.5550e+00   3.5642e-05   1.3270e-05   6.0985e-08  -2.2291e-08   9.2507e-08   9.2507e-08   3.1601e+06   3.1601e+06
  6.5432e+00   6.7008e+00   1.8978e+00   2.6238e-05   1.2753e-05   1.1006e-07   1.2347e-08   6.5681e-08   6.5681e-08   6.2686e+06   6.2686e+06
  9.2193e+00   9.4408e+00   2.2407e+00   1.9482e-05   1.0990e-05   1.2055e-07  -1.1493e-09   4.6620e-08   4.6620e-08   1.2443e+07   1.2443e+07
  1.2990e+01   1.3302e+01   2.5836e+00   1.4762e-05   8.8389e-06   1.6647e-08   6.0238e-08   3.3110e-08   3.3110e-08   2.4668e+07   2.4668e+07
  1.8303e+01   1.8742e+01   2.9264e+00   1.1174e-05   6.7023e-06  -1.0577e-07   5.1298e-08   2.3516e-08   2.3516e-08   4.8900e+07   4.8900e+07
  2.5788e+01   2.6407e+01   3.2693e+00   8.3730e-06   5.1168e-06  -1.9218e-09  -3.2420e-08   1.6707e-08   1.6707e-08   9.6882e+07   9.6882e+07
  3.6336e+01   3.7207e+01   3.6121e+00   5.9965e-06   3.8163e-06   5.5477e-10  -3.6891e-09   1.1876e-08   1.1876e-08   1.9175e+08   1.9175e+08
  5.1197e+01   5.2424e+01   3.9550e+00   3.9012e-06   2.9559e-06   3.9326e-10  -1.0827e-08   8.4461e-09   8.4461e-09   3.7908e+08   3.7908e+08
  7.2136e+01   7.3863e+01   4.2978e+00   2.3830e-06   2.4967e-06  -1.0847e-08  -1.4406e-08   6.0126e-09   6.0126e-09   7.4805e+08   7.4805e+08
  1.0164e+02   1.0407e+02   4.6406e+00   1.4241e-06   1.9844e-06  -1.5265e-08  -6.9797e-09   4.2854e-09   4.2854e-09   1.4725e+09   1.4725e+09
  1.4321e+02   1.4662e+02   4.9834e+00   7.5482e-07   1.5752e-06  -2.2929e-08  -3.2478e-08   3.0600e-09   3.0600e-09   2.8880e+09   2.8880e+09
  2.0178e+02   2.0657e+02   5.3262e+00   4.0313e-07   1.1698e-06  -4.5387e-10  -1.5118e-08   2.1907e-09   2.1907e-09   5.6348e+09   5.6348e+09
  2.8431e+02   2.9104e+02   5.6690e+00   2.8266e-07   8.0154e-07   1.3538e-08  -3.0789e-10   1.5742e-09   1.5742e-09   1.0912e+10   1.0912e+10
  4.0059e+02   4.1005e+02   6.0118e+00   9.1847e-09   4.9594e-07  -7.4740e-09   1.4214e-08   1.1373e-09   1.1373e-09   2.0907e+10   2.0907e+10
