## {'coords': 'spherical', 'metric': 'Euclidean', 'sep_units': 'arcmin', 'bin_type': 'Log'}
#   r_nom       meanr       meanlogr       xip          xim         xip_im       xim_im     sigma_xip    sigma_xim      weight       npairs   
  5.9351e-01   6.0782e-01  -5.0262e-01   2.6703e-05   3.0328e-07   1.3618e-08  -9.0547e-08   1.3000e-07   1.3000e-07   5.1850e+04   5.1850e+04
  8.3625e-01   8.5659e-01  -1.5953e-01   2.4567e-05   1.8687e-07   8.0237e-08  -2.6303e-07   9.2476e-08   9.2476e-08   1.0246e+05   1.0246e+05
  1.1783e+00   1.2075e+00   1.8389e-01   2.2248e-05   3.7028e-07  -3.2478e-08  -1.6674e-07   6.5661e-08   6.5661e-08   2.0324e+05   2.0324e+05
  1.6602e+00   1.7010e+00   5.2651e-01   1.8552e-05   1.0799e-06   6.1074e-08   1.9386e-07   4.6595e-08   4.6595e-08   4.0359e+05   4.0359e+05
  2.3392e+00   2.3962e+00   8.6923e-01   1.5093e-05   1.5960e-06  -6.3377e-08   4.7243e-09   3.3019e-08   3.3019e-08   8.0368e+05   8.0368e+05
  3.2959e+00   3.3761e+00   1.2121e+00   1.1741e-05   2.1012e-06   4.3060e-08   7.0276e-08   2.3461e-08   2.3461e-08   1.5919e+06   1.5919e+06
  4.6439e+00   4.7559e+00   1.5549e+00   8.8315e-06   2.3367e-06  -1.8731e-08   2.5362e-08   1.6654e-08   1.6654e-08   3.1591e+06   3.1591e+06
  6.5432e+00   6.7010e+00   1.8978e+00   6.5563e-06   2.4654e-06  -2.2651e-08  -5.2174e-09   1.1823e-08   1.1823e-08   6.2685e+06   6.2685e+06
  9.2193e+00   9.4409e+00   2.2407e+00   4.7461e-06   2.2988e-06  -2.9889e-08  -8.2538e-10   8.3938e-09   8.3938e-09   1.2437e+07   1.2437e+07
  1.2990e+01   1.3302e+01   2.5836e+00   3.4522e-06   1.9944e-06  -1.4664e-08  -5.7315e-09   5.9607e-09   5.9607e-09   2.4662e+07   2.4662e+07
  1.8303e+01   1.8742e+01   2.9264e+00   2.5481e-06   1.6327e-06   1.8854e-09   4.1320e-09   4.2332e-09   4.2332e-09   4.8897e+07   4.8897e+07
  2.5788e+01   2.6407e+01   3.2693e+00   1.9015e-06   1.2759e-06   1.8516e-09  -3.8594e-10   3.0073e-09   3.0073e-09   9.6884e+07   9.6884e+07
  3.6336e+01   3.7207e+01   3.6121e+00   1.4184e-06   9.6532e-07  -1.6850e-09  -2.3206e-11   2.1376e-09   2.1376e-09   1.9176e+08   1.9176e+08
  5.1197e+01   5.2424e+01   3.9550e+00   1.0215e-06   7.1031e-07   4.1994e-09  -4.2298e-09   1.5203e-09   1.5203e-09   3.7911e+08   3.7911e+08
  7.2136e+01   7.3863e+01   4.2978e+00   7.1954e-07   5.4786e-07   5.1428e-09  -6.4734e-10   1.0823e-09   1.0823e-09   7.4808e+08   7.4808e+08
  1.0164e+02   1.0407e+02   4.6406e+00   4.8611e-07   4.1279e-07  -8.1037e-10   2.1875e-09   7.7141e-10   7.7141e-10   1.4725e+09   1.4725e+09
  1.4321e+02   1.4662e+02   4.9834e+00   3.1485e-07   3.3063e-07   4.8118e-09  -2.3275e-09   5.5080e-10   5.5080e-10   2.8882e+09   2.8882e+09
  2.0178e+02   2.0657e+02   5.3262e+00   2.1190e-07   2.5567e-07   3.1739e-09   1.1698e-09   3.9431e-10   3.9431e-10   5.6357e+09   5.6357e+09
  2.8431e+02   2.9104e+02   5.6690e+00   1.4118e-07   1.8357e-07   2.6817e-09   3.7178e-09   2.8334e-10   2.8334e-10   1.0915e+10   1.0915e+10
  4.0059e+02   4.1005e+02   6.0118e+00   5.5702e-08   1.2655e-07   2.6048e-09   3.6477e-09   2.0470e-10   2.0470e-10   2.0912e+10   2.0912e+10
