## {'coords': 'spherical', 'metric': 'Euclidean', 'sep_units': 'arcmin', 'bin_type': 'Log'}
#   r_nom       meanr       meanlogr       xip          xim         xip_im       xim_im     sigma_xip    sigma_xim      weight       npairs   
  5.9351e-01   6.0838e-01  -5.0168e-01   3.2786e-05   3.7080e-08  -5.7259e-08  -5.4886e-08   2.4040e-07   2.4040e-07   5.1575e+04   5.1575e+04
  8.3625e-01   8.5661e-01  -1.5947e-01   3.0332e-05   4.2110e-07  -2.9076e-07  -1.9977e-07   1.7023e-07   1.7023e-07   1.0286e+05   1.0286e+05
  1.1783e+00   1.2069e+00   1.8334e-01   2.6785e-05   6.2408e-07  -2.7975e-07  -3.4248e-07   1.2096e-07   1.2096e-07   2.0372e+05   2.0372e+05
  1.6602e+00   1.7009e+00   5.2646e-01   2.2787e-05   1.1464e-06  -2.9189e-07  -2.3236e-07   8.5788e-08   8.5788e-08   4.0499e+05   4.0499e+05
  2.3392e+00   2.3962e+00   8.6923e-01   1.8259e-05   1.9341e-06  -1.0363e-07  -6.6496e-08   6.0925e-08   6.0925e-08   8.0300e+05   8.0300e+05
  3.2959e+00   3.3759e+00   1.2121e+00   1.4059e-05   2.6019e-06  -7.4879e-08  -2.5970e-08   4.3245e-08   4.3245e-08   1.5938e+06   1.5938e+06
  4.6439e+00   4.7564e+00   1.5550e+00   1.0517e-05   3.1090e-06  -6.1021e-08  -2.2386e-08   3.0701e-08   3.0701e-08   3.1623e+06   3.1623e+06
  6.5432e+00   6.7010e+00   1.8978e+00   7.7129e-06   3.0664e-06  -3.5367e-08  -3.1290e-08   2.1803e-08   2.1803e-08   6.2701e+06   6.2701e+06
  9.2193e+00   9.4410e+00   2.2407e+00   5.5935e-06   2.8362e-06  -4.9218e-08  -2.2476e-08   1.5477e-08   1.5477e-08   1.2443e+07   1.2443e+07
  1.2990e+01   1.3302e+01   2.5836e+00   4.0788e-06   2.4601e-06  -3.8548e-08  -1.0021e-08   1.0993e-08   1.0993e-08   2.4664e+07   2.4664e+07
  1.8303e+01   1.8742e+01   2.9265e+00   3.0459e-06   1.9452e-06  -1.3545e-08   1.2934e-08   7.8068e-09   7.8068e-09   4.8905e+07   4.8905e+07
  2.5788e+01   2.6407e+01   3.2693e+00   2.2589e-06   1.5054e-06  -7.1391e-09   1.7211e-08   5.5467e-09   5.5467e-09   9.6880e+07   9.6880e+07
  3.6336e+01   3.7207e+01   3.6121e+00   1.6784e-06   1.1394e-06  -1.4082e-08  -5.0984e-09   3.9424e-09   3.9424e-09   1.9177e+08   1.9177e+08
  5.1197e+01   5.2425e+01   3.9550e+00   1.1711e-06   8.4169e-07  -1.1565e-09  -8.7384e-09   2.8040e-09   2.8040e-09   3.7909e+08   3.7909e+08
  7.2136e+01   7.3863e+01   4.2978e+00   7.9756e-07   6.7124e-07  -2.6599e-09  -8.0847e-09   1.9961e-09   1.9961e-09   7.4808e+08   7.4808e+08
  1.0164e+02   1.0407e+02   4.6406e+00   5.3419e-07   5.0623e-07  -1.2189e-08  -1.6175e-10   1.4228e-09   1.4228e-09   1.4725e+09   1.4725e+09
  1.4321e+02   1.4662e+02   4.9834e+00   3.4595e-07   4.0436e-07  -6.0655e-09  -6.4603e-09   1.0159e-09   1.0159e-09   2.8880e+09   2.8880e+09
  2.0178e+02   2.0657e+02   5.3262e+00   2.3421e-07   3.0318e-07  -5.4593e-09   4.2551e-09   7.2727e-10   7.2727e-10   5.6351e+09   5.6351e+09
  2.8431e+02   2.9104e+02   5.6690e+00   1.6633e-07   2.1749e-07  -3.0289e-09   5.4976e-09   5.2260e-10   5.2260e-10   1.0913e+10   1.0913e+10
  4.0059e+02   4.1005e+02   6.0118e+00   5.1713e-08   1.3695e-07  -1.6773e-09   2.0100e-09   3.7757e-10   3.7757e-10   2.0908e+10   2.0908e+10
