## {'coords': 'spherical', 'metric': 'Euclidean', 'sep_units': 'arcmin', 'bin_type': 'Log'}
#   r_nom       meanr       meanlogr       xip          xim         xip_im       xim_im     sigma_xip    sigma_xim      weight       npairs   
  5.9351e-01   6.0795e-01  -5.0240e-01   1.8783e-04   2.1243e-06   6.3508e-07  -6.9514e-07   6.9806e-07   6.9806e-07   5.1741e+04   5.1741e+04
  8.3625e-01   8.5705e-01  -1.5897e-01   1.6989e-04   1.1516e-06   6.0256e-08  -9.5030e-07   4.9509e-07   4.9509e-07   1.0286e+05   1.0286e+05
  1.1783e+00   1.2069e+00   1.8337e-01   1.4639e-04   3.8175e-06  -3.5073e-07   9.0240e-08   3.5130e-07   3.5130e-07   2.0430e+05   2.0430e+05
  1.6602e+00   1.7004e+00   5.2620e-01   1.1744e-04   8.5805e-06   3.2903e-08   3.9861e-07   2.4968e-07   2.4968e-07   4.0445e+05   4.0445e+05
  2.3392e+00   2.3961e+00   8.6919e-01   8.9517e-05   1.4910e-05  -2.1768e-07  -2.1771e-07   1.7720e-07   1.7720e-07   8.0294e+05   8.0294e+05
  3.2959e+00   3.3757e+00   1.2120e+00   6.6362e-05   1.8607e-05   1.5564e-08  -1.5445e-07   1.2580e-07   1.2580e-07   1.5931e+06   1.5931e+06
  4.6439e+00   4.7562e+00   1.5549e+00   4.8934e-05   1.9745e-05  -1.2199e-07   1.2366e-07   8.9327e-08   8.9327e-08   3.1598e+06   3.1598e+06
  6.5432e+00   6.7008e+00   1.8978e+00   3.6746e-05   1.8295e-05   2.9210e-09  -2.7924e-09   6.3407e-08   6.3407e-08   6.2710e+06   6.2710e+06
  9.2193e+00   9.4413e+00   2.2407e+00   2.7671e-05   1.5192e-05   2.3280e-08   5.6044e-08   4.5015e-08   4.5015e-08   1.2442e+07   1.2442e+07
  1.2990e+01   1.3302e+01   2.5836e+00   2.1100e-05   1.1968e-05  -5.6945e-08  -1.6320e-10   3.1975e-08   3.1975e-08   2.4661e+07   2.4661e+07
  1.8303e+01   1.8742e+01   2.9265e+00   1.5975e-05   9.1476e-06  -9.6514e-08  -1.1843e-08   2.2710e-08   2.2710e-08   4.8886e+07   4.8886e+07
  2.5788e+01   2.6407e+01   3.2693e+00   1.1892e-05   6.9937e-06  -4.3599e-08  -5.6892e-08   1.6134e-08   1.6134e-08   9.6858e+07   9.6858e+07
  3.6336e+01   3.7207e+01   3.6121e+00   8.5075e-06   5.3632e-06  -4.2079e-08  -3.5082e-08   1.1467e-08   1.1467e-08   1.9176e+08   1.9176e+08
  5.1197e+01   5.2424e+01   3.9550e+00   5.5598e-06   4.1717e-06   7.4175e-09   2.7117e-09   8.1554e-09   8.1554e-09   3.7908e+08   3.7908e+08
  7.2136e+01   7.3863e+01   4.2978e+00   3.3495e-06   3.5127e-06  -1.2967e-08  -4.0531e-08   5.8056e-09   5.8056e-09   7.4804e+08   7.4804e+08
  1.0164e+02   1.0407e+02   4.6406e+00   1.8913e-06   2.8189e-06  -2.6047e-08  -1.5880e-08   4.1379e-09   4.1379e-09   1.4725e+09   1.4725e+09
  1.4321e+02   1.4662e+02   4.9834e+00   9.6392e-07   2.2485e-06  -4.1545e-08  -1.7254e-10   2.9547e-09   2.9547e-09   2.8880e+09   2.8880e+09
  2.0178e+02   2.0657e+02   5.3262e+00   4.4700e-07   1.6697e-06  -6.4644e-09  -1.6425e-08   2.1152e-09   2.1152e-09   5.6351e+09   5.6351e+09
  2.8431e+02   2.9104e+02   5.6690e+00   2.2425e-07   1.1596e-06  -8.0749e-09   1.7672e-08   1.5199e-09   1.5199e-09   1.0914e+10   1.0914e+10
  4.0059e+02   4.1005e+02   6.0118e+00  -3.1619e-08   7.5575e-07  -1.6150e-08   5.8577e-09   1.0980e-09   1.0980e-09   2.0912e+10   2.0912e+10
