## {'coords': 'spherical', 'metric': 'Arc', 'sep_units': 'arcmin', 'bin_type': 'Log'}
#   r_nom       meanr       meanlogr       xip          xim         xip_im       xim_im     sigma_xip    sigma_xim      weight       npairs   
  5.9351e-01   6.0816e-01  -5.0204e-01   1.3409e-05   1.6599e-07   1.8251e-07   3.8690e-08   8.9297e-08   8.9297e-08   2.5571e+04   2.5571e+04
  8.3625e-01   8.5614e-01  -1.6005e-01   1.2250e-05  -7.1791e-08   6.0426e-08  -2.1733e-07   6.3126e-08   6.3126e-08   5.1168e+04   5.1168e+04
  1.1783e+00   1.2071e+00   1.8352e-01   1.1208e-05  -3.0271e-08   5.5670e-08   2.0380e-07   4.4818e-08   4.4818e-08   1.0151e+05   1.0151e+05
  1.6602e+00   1.7008e+00   5.2643e-01   9.5996e-06   3.0324e-07  -6.3926e-08  -5.4731e-08   3.1732e-08   3.1732e-08   2.0250e+05   2.0250e+05
  2.3392e+00   2.3968e+00   8.6950e-01   7.9321e-06   7.5060e-07  -2.5254e-08   5.3730e-08   2.2545e-08   2.2545e-08   4.0117e+05   4.0117e+05
  3.2959e+00   3.3756e+00   1.2120e+00   6.2437e-06   9.2038e-07   1.6689e-08  -6.2474e-09   1.6021e-08   1.6021e-08   7.9444e+05   7.9444e+05
  4.6439e+00   4.7568e+00   1.5551e+00   4.8403e-06   1.1867e-06   2.6594e-08  -1.2924e-08   1.1364e-08   1.1364e-08   1.5789e+06   1.5789e+06
  6.5432e+00   6.7010e+00   1.8979e+00   3.6407e-06   1.1682e-06  -1.2524e-08   1.4151e-08   8.0596e-09   8.0596e-09   3.1390e+06   3.1390e+06
  9.2193e+00   9.4406e+00   2.2407e+00   2.6521e-06   1.1283e-06  -7.4133e-09  -2.6540e-09   5.7283e-09   5.7283e-09   6.2140e+06   6.2140e+06
  1.2990e+01   1.3302e+01   2.5836e+00   1.9239e-06   1.0060e-06  -1.2555e-08  -1.3296e-08   4.0650e-09   4.0650e-09   1.2340e+07   1.2340e+07
  1.8303e+01   1.8742e+01   2.9264e+00   1.4101e-06   8.4157e-07  -6.5493e-09   2.8797e-09   2.8875e-09   2.8875e-09   2.4455e+07   2.4455e+07
  2.5788e+01   2.6407e+01   3.2693e+00   1.0320e-06   6.8047e-07  -1.8069e-08   4.4305e-09   2.0516e-09   2.0516e-09   4.8445e+07   4.8445e+07
  3.6336e+01   3.7206e+01   3.6121e+00   7.5727e-07   5.3285e-07  -5.0788e-09   4.5497e-09   1.4583e-09   1.4583e-09   9.5874e+07   9.5874e+07
  5.1197e+01   5.2423e+01   3.9550e+00   5.5202e-07   3.9890e-07   6.0441e-09   3.4803e-09   1.0373e-09   1.0373e-09   1.8952e+08   1.8952e+08
  7.2136e+01   7.3861e+01   4.2978e+00   3.9660e-07   3.0140e-07   6.5518e-10  -1.4328e-09   7.3837e-10   7.3837e-10   3.7400e+08   3.7400e+08
  1.0164e+02   1.0406e+02   4.6406e+00   2.7359e-07   2.2525e-07   1.0040e-08   2.3956e-09   5.2629e-10   5.2629e-10   7.3614e+08   7.3614e+08
  1.4321e+02   1.4661e+02   4.9833e+00   1.9036e-07   1.7676e-07   1.6397e-08  -1.2160e-09   3.7582e-10   3.7582e-10   1.4437e+09   1.4437e+09
  2.0178e+02   2.0654e+02   5.3260e+00   1.3225e-07   1.3260e-07   1.5843e-08   1.4411e-09   2.6907e-10   2.6907e-10   2.8163e+09   2.8163e+09
  2.8431e+02   2.9094e+02   5.6687e+00   9.0335e-08   9.5714e-08   6.3096e-09   1.8708e-09   1.9340e-10   1.9340e-10   5.4513e+09   5.4513e+09
  4.0059e+02   4.0979e+02   6.0112e+00   4.4576e-08   6.7291e-08   3.6350e-09   2.2780e-09   1.3982e-10   1.3982e-10   1.0431e+10   1.0431e+10
