## {'coords': 'spherical', 'metric': 'Euclidean', 'sep_units': 'arcmin', 'bin_type': 'Log'}
#   r_nom       meanr       meanlogr       xip          xim         xip_im       xim_im     sigma_xip    sigma_xim      weight       npairs   
  5.9351e-01   6.0816e-01  -5.0207e-01   3.0372e-05   1.0505e-07   1.2289e-07   4.1276e-08   1.8264e-07   1.8264e-07   5.1709e+04   5.1709e+04
  8.3625e-01   8.5710e-01  -1.5892e-01   2.8197e-05   9.1024e-08  -1.0388e-07  -1.7359e-07   1.2939e-07   1.2939e-07   1.0303e+05   1.0303e+05
  1.1783e+00   1.2067e+00   1.8320e-01   2.4996e-05   5.4239e-07  -8.3508e-08  -2.3768e-07   9.2105e-08   9.2105e-08   2.0332e+05   2.0332e+05
  1.6602e+00   1.7007e+00   5.2637e-01   2.1254e-05   9.2334e-07  -1.0172e-08   8.9885e-08   6.5330e-08   6.5330e-08   4.0412e+05   4.0412e+05
  2.3392e+00   2.3960e+00   8.6915e-01   1.7032e-05   1.7581e-06   7.6270e-08  -3.3353e-08   4.6387e-08   4.6387e-08   8.0159e+05   8.0159e+05
  3.2959e+00   3.3759e+00   1.2121e+00   1.3157e-05   2.3549e-06  -9.6922e-08  -8.0778e-08   3.2910e-08   3.2910e-08   1.5925e+06   1.5925e+06
  4.6439e+00   4.7558e+00   1.5549e+00   9.8615e-06   2.7932e-06  -7.1151e-08   3.4223e-08   2.3365e-08   2.3365e-08   3.1595e+06   3.1595e+06
  6.5432e+00   6.7007e+00   1.8978e+00   7.3122e-06   2.8034e-06  -6.6172e-08   5.5740e-08   1.6586e-08   1.6586e-08   6.2695e+06   6.2695e+06
  9.2193e+00   9.4411e+00   2.2407e+00   5.2889e-06   2.6150e-06  -7.0431e-08   9.2122e-09   1.1774e-08   1.1774e-08   1.2442e+07   1.2442e+07
  1.2990e+01   1.3302e+01   2.5836e+00   3.8697e-06   2.2743e-06  -3.9344e-08  -6.3682e-09   8.3605e-09   8.3605e-09   2.4676e+07   2.4676e+07
  1.8303e+01   1.8742e+01   2.9264e+00   2.8520e-06   1.8600e-06  -2.2265e-08  -8.1555e-09   5.9391e-09   5.9391e-09   4.8898e+07   4.8898e+07
  2.5788e+01   2.6407e+01   3.2693e+00   2.1361e-06   1.4271e-06  -7.9688e-09  -3.2552e-09   4.2192e-09   4.2192e-09   9.6890e+07   9.6890e+07
  3.6336e+01   3.7207e+01   3.6122e+00   1.5762e-06   1.0760e-06  -1.9762e-08   7.4854e-10   2.9992e-09   2.9992e-09   1.9174e+08   1.9174e+08
  5.1197e+01   5.2424e+01   3.9550e+00   1.1181e-06   7.9573e-07  -6.3903e-09  -6.2772e-09   2.1330e-09   2.1330e-09   3.7911e+08   3.7911e+08
  7.2136e+01   7.3862e+01   4.2978e+00   7.7939e-07   6.2064e-07  -8.8073e-09  -7.8293e-09   1.5184e-09   1.5184e-09   7.4808e+08   7.4808e+08
  1.0164e+02   1.0407e+02   4.6406e+00   5.3004e-07   4.6912e-07  -6.9491e-09   3.5605e-09   1.0823e-09   1.0823e-09   1.4725e+09   1.4725e+09
  1.4321e+02   1.4662e+02   4.9834e+00   3.3791e-07   3.7311e-07   4.5533e-10  -7.8135e-09   7.7277e-10   7.7277e-10   2.8883e+09   2.8883e+09
  2.0178e+02   2.0657e+02   5.3262e+00   2.3054e-07   2.8791e-07   3.3606e-10   6.2577e-10   5.5320e-10   5.5320e-10   5.6360e+09   5.6360e+09
  2.8431e+02   2.9104e+02   5.6690e+00   1.6198e-07   2.0333e-07   3.6011e-09   5.8339e-09   3.9750e-10   3.9750e-10   1.0916e+10   1.0916e+10
  4.0059e+02   4.1005e+02   6.0118e+00   5.7273e-08   1.3277e-07   3.8513e-09  -1.1951e-09   2.8718e-10   2.8718e-10   2.0913e+10   2.0913e+10
