## {'coords': 'spherical', 'metric': 'Arc', 'sep_units': 'arcmin', 'bin_type': 'Log'}
#   r_nom       meanr       meanlogr       xip          xim         xip_im       xim_im     sigma_xip    sigma_xim      weight       npairs   
  5.9351e-01   6.0814e-01  -5.0208e-01   1.5034e-04   1.6061e-06  -2.3637e-07  -1.6132e-06   7.4943e-07   7.4943e-07   2.5977e+04   2.5977e+04
  8.3625e-01   8.5687e-01  -1.5918e-01   1.3489e-04   5.9064e-07  -1.0189e-07  -4.5675e-07   5.3396e-07   5.3396e-07   5.1173e+04   5.1173e+04
  1.1783e+00   1.2070e+00   1.8343e-01   1.1830e-04   2.7875e-06  -3.4066e-08  -2.5350e-07   3.7881e-07   3.7881e-07   1.0167e+05   1.0167e+05
  1.6602e+00   1.7012e+00   5.2663e-01   9.4997e-05   7.0638e-06  -4.7122e-07  -5.0670e-07   2.6846e-07   2.6846e-07   2.0244e+05   2.0244e+05
  2.3392e+00   2.3962e+00   8.6925e-01   7.3111e-05   1.1738e-05   1.5931e-07  -3.7708e-07   1.9083e-07   1.9083e-07   4.0064e+05   4.0064e+05
  3.2959e+00   3.3759e+00   1.2121e+00   5.4461e-05   1.4539e-05   4.5038e-07  -6.2886e-08   1.3547e-07   1.3547e-07   7.9498e+05   7.9498e+05
  4.6439e+00   4.7561e+00   1.5549e+00   4.0084e-05   1.5531e-05   2.9564e-08   2.6636e-07   9.6036e-08   9.6036e-08   1.5819e+06   1.5819e+06
  6.5432e+00   6.7010e+00   1.8978e+00   2.9624e-05   1.4564e-05   1.6242e-08   6.8823e-08   6.8200e-08   6.8200e-08   3.1368e+06   3.1368e+06
  9.2193e+00   9.4409e+00   2.2407e+00   2.2397e-05   1.2392e-05   2.5036e-08   1.0820e-07   4.8441e-08   4.8441e-08   6.2177e+06   6.2177e+06
  1.2990e+01   1.3302e+01   2.5836e+00   1.7023e-05   9.6834e-06  -1.1811e-08  -5.8372e-09   3.4386e-08   3.4386e-08   1.2339e+07   1.2339e+07
  1.8303e+01   1.8742e+01   2.9264e+00   1.2900e-05   7.5945e-06  -3.4808e-08   4.1450e-08   2.4427e-08   2.4427e-08   2.4453e+07   2.4453e+07
  2.5788e+01   2.6407e+01   3.2693e+00   9.7305e-06   5.7151e-06  -1.5110e-08  -1.1210e-07   1.7358e-08   1.7358e-08   4.8425e+07   4.8425e+07
  3.6336e+01   3.7207e+01   3.6121e+00   7.0134e-06   4.3513e-06  -7.7586e-09  -3.0686e-08   1.2335e-08   1.2335e-08   9.5889e+07   9.5889e+07
  5.1197e+01   5.2424e+01   3.9550e+00   4.6480e-06   3.3540e-06   1.7935e-08   1.5036e-08   8.7739e-09   8.7739e-09   1.8953e+08   1.8953e+08
  7.2136e+01   7.3861e+01   4.2978e+00   2.9353e-06   2.8049e-06   6.6651e-09  -1.8019e-09   6.2461e-09   6.2461e-09   3.7397e+08   3.7397e+08
  1.0164e+02   1.0406e+02   4.6406e+00   1.7199e-06   2.2305e-06   2.3827e-08  -3.4528e-09   4.4518e-09   4.4518e-09   7.3618e+08   7.3618e+08
  1.4321e+02   1.4661e+02   4.9833e+00   9.1236e-07   1.7937e-06  -1.7964e-08  -1.8332e-09   3.1790e-09   3.1790e-09   1.4437e+09   1.4437e+09
  2.0178e+02   2.0654e+02   5.3261e+00   4.5965e-07   1.3510e-06  -8.2191e-09  -7.9539e-09   2.2760e-09   2.2760e-09   2.8164e+09   2.8164e+09
  2.8431e+02   2.9094e+02   5.6687e+00   2.2390e-07   9.6044e-07   3.0291e-09   2.1096e-08   1.6359e-09   1.6359e-09   5.4518e+09   5.4518e+09
  4.0059e+02   4.0979e+02   6.0112e+00  -1.3729e-08   6.3183e-07   8.1557e-09   5.5677e-09   1.1825e-09   1.1825e-09   1.0434e+10   1.0434e+10
