## {'coords': 'spherical', 'metric': 'Euclidean', 'sep_units': 'arcmin', 'bin_type': 'Log'}
#   r_nom       meanr       meanlogr       xip          xim         xip_im       xim_im     sigma_xip    sigma_xim      weight       npairs   
  5.9351e-01   6.0767e-01  -5.0285e-01   9.9894e-05   3.2376e-07  -3.5835e-09  -1.2273e-06   3.7922e-07   3.7922e-07   5.1540e+04   5.1540e+04
  8.3625e-01   8.5658e-01  -1.5955e-01   9.1441e-05   7.1549e-07  -1.6156e-07  -1.4650e-07   2.6917e-07   2.6917e-07   1.0230e+05   1.0230e+05
  1.1783e+00   1.2071e+00   1.8352e-01   8.0021e-05   1.3682e-06  -3.4910e-07  -4.7385e-07   1.9093e-07   1.9093e-07   2.0333e+05   2.0333e+05
  1.6602e+00   1.7007e+00   5.2636e-01   6.5094e-05   4.1990e-06  -1.3372e-07  -3.2369e-07   1.3524e-07   1.3524e-07   4.0524e+05   4.0524e+05
  2.3392e+00   2.3960e+00   8.6917e-01   5.0646e-05   7.1458e-06  -2.0735e-07  -4.4172e-08   9.6068e-08   9.6068e-08   8.0312e+05   8.0312e+05
  3.2959e+00   3.3760e+00   1.2121e+00   3.8034e-05   9.1678e-06   3.7190e-08  -3.3466e-08   6.8248e-08   6.8248e-08   1.5913e+06   1.5913e+06
  4.6439e+00   4.7564e+00   1.5550e+00   2.7984e-05   1.0040e-05  -1.0591e-07  -7.0177e-08   4.8415e-08   4.8415e-08   3.1622e+06   3.1622e+06
  6.5432e+00   6.7006e+00   1.8978e+00   2.0675e-05   9.6934e-06  -1.0851e-07  -3.6386e-08   3.4385e-08   3.4385e-08   6.2691e+06   6.2691e+06
  9.2193e+00   9.4405e+00   2.2407e+00   1.5273e-05   8.4699e-06  -4.6971e-08   6.6423e-08   2.4407e-08   2.4407e-08   1.2442e+07   1.2442e+07
  1.2990e+01   1.3301e+01   2.5835e+00   1.1509e-05   6.8374e-06  -6.5222e-09   2.2320e-08   1.7335e-08   1.7335e-08   2.4667e+07   2.4667e+07
  1.8303e+01   1.8742e+01   2.9264e+00   8.7243e-06   5.3219e-06  -1.4352e-08  -1.1913e-08   1.2311e-08   1.2311e-08   4.8905e+07   4.8905e+07
  2.5788e+01   2.6407e+01   3.2693e+00   6.5854e-06   3.9924e-06  -2.1466e-08  -6.0653e-08   8.7472e-09   8.7472e-09   9.6871e+07   9.6871e+07
  3.6336e+01   3.7207e+01   3.6122e+00   4.8078e-06   2.9983e-06  -3.8523e-08  -1.1908e-08   6.2175e-09   6.2175e-09   1.9174e+08   1.9174e+08
  5.1197e+01   5.2424e+01   3.9550e+00   3.2994e-06   2.2815e-06  -9.1348e-09  -4.0366e-09   4.4219e-09   4.4219e-09   3.7907e+08   3.7907e+08
  7.2136e+01   7.3863e+01   4.2978e+00   2.1507e-06   1.8711e-06  -6.9601e-09  -1.3911e-08   3.1478e-09   3.1478e-09   7.4805e+08   7.4805e+08
  1.0164e+02   1.0407e+02   4.6406e+00   1.3335e-06   1.4791e-06  -1.0548e-08   4.2462e-09   2.2435e-09   2.2435e-09   1.4726e+09   1.4726e+09
  1.4321e+02   1.4662e+02   4.9834e+00   7.6556e-07   1.1880e-06  -4.4986e-09  -5.9490e-09   1.6020e-09   1.6020e-09   2.8882e+09   2.8882e+09
  2.0178e+02   2.0657e+02   5.3262e+00   4.2079e-07   9.0558e-07  -9.7654e-09  -7.0827e-09   1.1468e-09   1.1468e-09   5.6357e+09   5.6357e+09
  2.8431e+02   2.9104e+02   5.6690e+00   2.3278e-07   6.5395e-07   3.9598e-09   7.3479e-09   8.2404e-10   8.2404e-10   1.0915e+10   1.0915e+10
  4.0059e+02   4.1005e+02   6.0118e+00   2.0417e-08   4.3870e-07   7.8004e-09   6.2204e-09   5.9529e-10   5.9529e-10   2.0916e+10   2.0916e+10
