## {'coords': 'spherical', 'metric': 'Euclidean', 'sep_units': 'arcmin', 'bin_type': 'Log'}
#   r_nom       meanr       meanlogr       xip          xim         xip_im       xim_im     sigma_xip    sigma_xim      weight       npairs   
  5.9351e-01   6.0794e-01  -5.0242e-01   3.5862e-05  -3.2417e-07  -3.0287e-07   4.3610e-07   3.4854e-07   3.4854e-07   5.1801e+04   5.1801e+04
  8.3625e-01   8.5735e-01  -1.5863e-01   3.2777e-05   5.6858e-07  -3.1766e-08  -5.0896e-07   2.4761e-07   2.4761e-07   1.0264e+05   1.0264e+05
  1.1783e+00   1.2073e+00   1.8368e-01   2.8978e-05   6.4569e-07  -2.7446e-08  -5.2621e-09   1.7554e-07   1.7554e-07   2.0421e+05   2.0421e+05
  1.6602e+00   1.7003e+00   5.2615e-01   2.4455e-05   1.3956e-06   6.1940e-08   1.2042e-07   1.2470e-07   1.2470e-07   4.0465e+05   4.0465e+05
  2.3392e+00   2.3962e+00   8.6927e-01   1.9489e-05   2.3010e-06  -1.5248e-07  -2.5748e-08   8.8616e-08   8.8616e-08   8.0136e+05   8.0136e+05
  3.2959e+00   3.3759e+00   1.2121e+00   1.5091e-05   2.9147e-06  -6.7400e-08   2.6062e-08   6.2852e-08   6.2852e-08   1.5930e+06   1.5930e+06
  4.6439e+00   4.7559e+00   1.5549e+00   1.1287e-05   3.2137e-06  -1.1093e-07   1.9410e-08   4.4634e-08   4.4634e-08   3.1588e+06   3.1588e+06
  6.5432e+00   6.7009e+00   1.8978e+00   8.2513e-06   3.2719e-06  -2.2770e-09  -3.6370e-08   3.1683e-08   3.1683e-08   6.2689e+06   6.2689e+06
  9.2193e+00   9.4412e+00   2.2407e+00   5.9194e-06   3.0687e-06  -3.6408e-08   2.7108e-09   2.2493e-08   2.2493e-08   1.2438e+07   1.2438e+07
  1.2990e+01   1.3302e+01   2.5836e+00   4.3436e-06   2.6726e-06  -9.1496e-08   2.5361e-08   1.5972e-08   1.5972e-08   2.4669e+07   2.4669e+07
  1.8303e+01   1.8741e+01   2.9264e+00   3.2397e-06   2.1085e-06  -3.1624e-08   5.3111e-09   1.1344e-08   1.1344e-08   4.8898e+07   4.8898e+07
  2.5788e+01   2.6407e+01   3.2693e+00   2.4241e-06   1.6157e-06  -2.3104e-08   1.8467e-08   8.0596e-09   8.0596e-09   9.6877e+07   9.6877e+07
  3.6336e+01   3.7207e+01   3.6121e+00   1.7449e-06   1.2095e-06  -1.7757e-08  -4.8063e-09   5.7286e-09   5.7286e-09   1.9175e+08   1.9175e+08
  5.1197e+01   5.2424e+01   3.9550e+00   1.1765e-06   9.0551e-07  -1.2273e-08  -1.5611e-08   4.0745e-09   4.0745e-09   3.7906e+08   3.7906e+08
  7.2136e+01   7.3863e+01   4.2978e+00   8.0080e-07   7.3813e-07  -3.2544e-09   7.9356e-10   2.9004e-09   2.9004e-09   7.4805e+08   7.4805e+08
  1.0164e+02   1.0407e+02   4.6406e+00   5.3395e-07   5.4228e-07  -1.4760e-08   1.9982e-09   2.0673e-09   2.0673e-09   1.4725e+09   1.4725e+09
  1.4321e+02   1.4662e+02   4.9834e+00   3.1370e-07   4.3332e-07  -1.4504e-09  -1.3639e-08   1.4761e-09   1.4761e-09   2.8880e+09   2.8880e+09
  2.0178e+02   2.0657e+02   5.3262e+00   2.1390e-07   3.3095e-07   1.5310e-09   6.9831e-09   1.0568e-09   1.0568e-09   5.6350e+09   5.6350e+09
  2.8431e+02   2.9104e+02   5.6690e+00   1.7055e-07   2.3419e-07   6.2252e-09  -2.7163e-10   7.5937e-10   7.5937e-10   1.0913e+10   1.0913e+10
  4.0059e+02   4.1005e+02   6.0118e+00   5.5683e-08   1.3131e-07   2.8073e-10   1.0217e-09   5.4865e-10   5.4865e-10   2.0905e+10   2.0905e+10
