## {'coords': 'spherical', 'metric': 'Arc', 'sep_units': 'arcmin', 'bin_type': 'Log'}
#   r_nom       meanr       meanlogr       xip          xim         xip_im       xim_im     sigma_xip    sigma_xim      weight       npairs   
  5.9351e-01   6.0777e-01  -5.0267e-01   2.5611e-04   5.9669e-07   5.6854e-07  -2.8156e-06   1.2996e-06   1.2996e-06   2.5795e+04   2.5795e+04
  8.3625e-01   8.5681e-01  -1.5922e-01   2.3245e-04   2.9428e-06  -4.2339e-07   2.0692e-07   9.2403e-07   9.2403e-07   5.1028e+04   5.1028e+04
  1.1783e+00   1.2067e+00   1.8318e-01   1.9955e-04   4.0212e-06  -7.5951e-07  -5.7225e-07   6.5529e-07   6.5529e-07   1.0146e+05   1.0146e+05
  1.6602e+00   1.7009e+00   5.2651e-01   1.5646e-04   1.2986e-05  -8.5275e-07   5.0108e-07   4.6437e-07   4.6437e-07   2.0205e+05   2.0205e+05
  2.3392e+00   2.3963e+00   8.6930e-01   1.2015e-04   2.1694e-05  -5.2241e-07   2.4991e-07   3.2955e-07   3.2955e-07   4.0118e+05   4.0118e+05
  3.2959e+00   3.3760e+00   1.2121e+00   8.8364e-05   2.6059e-05  -2.4427e-07  -2.4760e-07   2.3377e-07   2.3377e-07   7.9728e+05   7.9728e+05
  4.6439e+00   4.7558e+00   1.5549e+00   6.6032e-05   2.6945e-05   1.5715e-07   2.1445e-07   1.6599e-07   1.6599e-07   1.5813e+06   1.5813e+06
  6.5432e+00   6.7013e+00   1.8979e+00   4.9906e-05   2.4456e-05  -3.7038e-07   9.1819e-08   1.1789e-07   1.1789e-07   3.1351e+06   3.1351e+06
  9.2193e+00   9.4411e+00   2.2407e+00   3.7920e-05   2.0201e-05  -1.3776e-08   4.5835e-08   8.3696e-08   8.3696e-08   6.2198e+06   6.2198e+06
  1.2990e+01   1.3302e+01   2.5836e+00   2.9057e-05   1.5853e-05  -9.8778e-08  -5.9064e-08   5.9442e-08   5.9442e-08   1.2331e+07   1.2331e+07
  1.8303e+01   1.8741e+01   2.9264e+00   2.1868e-05   1.2163e-05  -1.0337e-08   8.1421e-08   4.2213e-08   4.2213e-08   2.4450e+07   2.4450e+07
  2.5788e+01   2.6407e+01   3.2693e+00   1.5924e-05   9.3038e-06  -4.5774e-08   1.3211e-09   2.9987e-08   2.9987e-08   4.8451e+07   4.8451e+07
  3.6336e+01   3.7207e+01   3.6121e+00   1.1177e-05   7.3925e-06  -3.8566e-08  -4.1470e-08   2.1319e-08   2.1319e-08   9.5866e+07   9.5866e+07
  5.1197e+01   5.2423e+01   3.9550e+00   7.1311e-06   5.8110e-06   3.5240e-08   1.7403e-08   1.5162e-08   1.5162e-08   1.8953e+08   1.8953e+08
  7.2136e+01   7.3861e+01   4.2978e+00   4.1141e-06   4.8772e-06   9.6967e-08  -5.1068e-08   1.0793e-08   1.0793e-08   3.7400e+08   3.7400e+08
  1.0164e+02   1.0406e+02   4.6406e+00   2.1497e-06   3.9115e-06   1.2593e-07  -2.1619e-08   7.6933e-09   7.6933e-09   7.3613e+08   7.3613e+08
  1.4321e+02   1.4661e+02   4.9833e+00   1.0080e-06   3.1120e-06   2.7012e-08  -6.2887e-09   5.4939e-09   5.4939e-09   1.4435e+09   1.4435e+09
  2.0178e+02   2.0654e+02   5.3260e+00   3.9501e-07   2.2601e-06   1.6165e-08  -1.0785e-08   3.9339e-09   3.9339e-09   2.8154e+09   2.8154e+09
  2.8431e+02   2.9094e+02   5.6687e+00   1.6390e-07   1.5372e-06   7.9433e-08   2.7147e-09   2.8277e-09   2.8277e-09   5.4488e+09   5.4488e+09
  4.0059e+02   4.0979e+02   6.0112e+00  -6.1463e-08   9.9252e-07   8.0324e-08   1.0997e-08   2.0439e-09   2.0439e-09   1.0429e+10   1.0429e+10
