## {'coords': 'spherical', 'metric': 'Arc', 'sep_units': 'arcmin', 'bin_type': 'Log'}
#   r_nom       meanr       meanlogr       xip          xim         xip_im       xim_im     sigma_xip    sigma_xim      weight       npairs   
  5.9351e-01   6.0811e-01  -5.0213e-01   7.6089e-05   6.2147e-07  -6.2175e-08  -2.4216e-07   3.8234e-07   3.8234e-07   2.5758e+04   2.5758e+04
  8.3625e-01   8.5706e-01  -1.5900e-01   6.8922e-05   1.3084e-06  -4.0689e-07  -2.9993e-07   2.7263e-07   2.7263e-07   5.0660e+04   5.0660e+04
  1.1783e+00   1.2068e+00   1.8326e-01   6.0942e-05   1.0585e-06  -3.5661e-08   3.9873e-07   1.9219e-07   1.9219e-07   1.0194e+05   1.0194e+05
  1.6602e+00   1.7006e+00   5.2629e-01   5.0572e-05   3.2625e-06  -1.7405e-07   3.0885e-10   1.3649e-07   1.3649e-07   2.0213e+05   2.0213e+05
  2.3392e+00   2.3963e+00   8.6927e-01   3.9473e-05   5.4338e-06  -2.7652e-07  -1.3843e-07   9.6945e-08   9.6945e-08   4.0065e+05   4.0065e+05
  3.2959e+00   3.3762e+00   1.2122e+00   2.9828e-05   6.8113e-06  -4.0835e-08   1.8786e-08   6.8820e-08   6.8820e-08   7.9505e+05   7.9505e+05
  4.6439e+00   4.7557e+00   1.5549e+00   2.1969e-05   7.5476e-06  -1.4252e-07   4.4786e-10   4.8813e-08   4.8813e-08   1.5803e+06   1.5803e+06
  6.5432e+00   6.7012e+00   1.8979e+00   1.6173e-05   7.2875e-06  -6.6747e-08   3.2802e-08   3.4670e-08   3.4670e-08   3.1327e+06   3.1327e+06
  9.2193e+00   9.4406e+00   2.2407e+00   1.1946e-05   6.4389e-06  -4.9394e-08   4.3844e-08   2.4597e-08   2.4597e-08   6.2236e+06   6.2236e+06
  1.2990e+01   1.3302e+01   2.5836e+00   8.8915e-06   5.3246e-06  -2.2902e-08   6.9290e-08   1.7474e-08   1.7474e-08   1.2332e+07   1.2332e+07
  1.8303e+01   1.8742e+01   2.9264e+00   6.7002e-06   4.1589e-06   4.4563e-09  -9.0479e-09   1.2409e-08   1.2409e-08   2.4453e+07   2.4453e+07
  2.5788e+01   2.6407e+01   3.2693e+00   5.0593e-06   3.1785e-06   1.7564e-08  -2.8970e-08   8.8172e-09   8.8172e-09   4.8434e+07   4.8434e+07
  3.6336e+01   3.7207e+01   3.6122e+00   3.7475e-06   2.3531e-06   1.9531e-08  -1.3561e-08   6.2668e-09   6.2668e-09   9.5878e+07   9.5878e+07
  5.1197e+01   5.2424e+01   3.9550e+00   2.6264e-06   1.7844e-06   4.2466e-08  -1.5727e-09   4.4574e-09   4.4574e-09   1.8952e+08   1.8952e+08
  7.2136e+01   7.3861e+01   4.2978e+00   1.7604e-06   1.4275e-06   5.3285e-08  -2.5114e-09   3.1730e-09   3.1730e-09   3.7401e+08   3.7401e+08
  1.0164e+02   1.0406e+02   4.6406e+00   1.1257e-06   1.1135e-06   2.9177e-08   6.0479e-09   2.2616e-09   2.2616e-09   7.3620e+08   7.3620e+08
  1.4321e+02   1.4661e+02   4.9833e+00   6.6885e-07   8.9437e-07   6.7602e-09  -9.2230e-10   1.6150e-09   1.6150e-09   1.4437e+09   1.4437e+09
  2.0178e+02   2.0654e+02   5.3260e+00   3.8549e-07   6.9087e-07   1.8524e-08  -3.3734e-09   1.1563e-09   1.1563e-09   2.8161e+09   2.8161e+09
  2.8431e+02   2.9094e+02   5.6687e+00   2.1560e-07   5.0975e-07   1.3717e-08   1.3378e-09   8.3116e-10   8.3116e-10   5.4507e+09   5.4507e+09
  4.0059e+02   4.0979e+02   6.0112e+00   3.8528e-08   3.5207e-07  -5.1872e-09   9.3379e-09   6.0076e-10   6.0076e-10   1.0433e+10   1.0433e+10
