## {'coords': 'spherical', 'metric': 'Euclidean', 'sep_units': 'arcmin', 'bin_type': 'Log'}
#   r_nom       meanr       meanlogr       xip          xim         xip_im       xim_im     sigma_xip    sigma_xim      weight       npairs   
  5.9351e-01   6.0799e-01  -5.0232e-01   1.1662e-04  -1.3279e-06   8.3772e-07   2.0371e-06   4.9592e-07   4.9592e-07   5.2080e+04   5.2080e+04
  8.3625e-01   8.5704e-01  -1.5898e-01   1.0474e-04   8.2428e-07  -3.7949e-07   6.5311e-08   3.5356e-07   3.5356e-07   1.0247e+05   1.0247e+05
  1.1783e+00   1.2071e+00   1.8351e-01   9.1704e-05   1.9371e-06  -7.5682e-07   2.7317e-07   2.5134e-07   2.5134e-07   2.0276e+05   2.0276e+05
  1.6602e+00   1.7006e+00   5.2633e-01   7.4143e-05   4.8318e-06   6.5328e-08  -6.1855e-08   1.7793e-07   1.7793e-07   4.0457e+05   4.0457e+05
  2.3392e+00   2.3963e+00   8.6930e-01   5.7736e-05   8.6937e-06  -4.2957e-08   1.2759e-07   1.2639e-07   1.2639e-07   8.0182e+05   8.0182e+05
  3.2959e+00   3.3760e+00   1.2121e+00   4.3071e-05   1.0821e-05  -2.5435e-07  -2.5508e-08   8.9735e-08   8.9735e-08   1.5906e+06   1.5906e+06
  4.6439e+00   4.7563e+00   1.5550e+00   3.1843e-05   1.1660e-05  -1.0926e-07  -3.0311e-08   6.3664e-08   6.3664e-08   3.1602e+06   3.1602e+06
  6.5432e+00   6.7007e+00   1.8978e+00   2.3190e-05   1.1253e-05   4.5724e-08   6.3064e-08   4.5197e-08   4.5197e-08   6.2703e+06   6.2703e+06
  9.2193e+00   9.4410e+00   2.2407e+00   1.7296e-05   9.6393e-06   4.7010e-08  -3.3713e-08   3.2096e-08   3.2096e-08   1.2434e+07   1.2434e+07
  1.2990e+01   1.3302e+01   2.5836e+00   1.3173e-05   7.8064e-06   3.2825e-08   3.9529e-08   2.2788e-08   2.2788e-08   2.4666e+07   2.4666e+07
  1.8303e+01   1.8742e+01   2.9264e+00   9.9156e-06   5.9690e-06  -2.8501e-08  -1.6194e-08   1.6186e-08   1.6186e-08   4.8893e+07   4.8893e+07
  2.5788e+01   2.6407e+01   3.2693e+00   7.4623e-06   4.5324e-06  -2.3739e-08  -9.2711e-09   1.1498e-08   1.1498e-08   9.6887e+07   9.6887e+07
  3.6336e+01   3.7207e+01   3.6121e+00   5.4314e-06   3.4253e-06  -2.2001e-08  -2.8389e-08   8.1725e-09   8.1725e-09   1.9177e+08   1.9177e+08
  5.1197e+01   5.2423e+01   3.9550e+00   3.6677e-06   2.6009e-06  -6.2277e-09  -6.3824e-09   5.8129e-09   5.8129e-09   3.7906e+08   3.7906e+08
  7.2136e+01   7.3862e+01   4.2978e+00   2.3165e-06   2.1543e-06  -6.8389e-09  -2.8873e-08   4.1380e-09   4.1380e-09   7.4803e+08   7.4803e+08
  1.0164e+02   1.0407e+02   4.6406e+00   1.4121e-06   1.7053e-06  -2.6206e-08  -2.3960e-09   2.9493e-09   2.9493e-09   1.4725e+09   1.4725e+09
  1.4321e+02   1.4662e+02   4.9834e+00   7.9309e-07   1.3691e-06  -3.5473e-08  -8.7477e-09   2.1059e-09   2.1059e-09   2.8881e+09   2.8881e+09
  2.0178e+02   2.0657e+02   5.3262e+00   4.3333e-07   1.0364e-06  -1.2701e-08  -6.3501e-09   1.5077e-09   1.5077e-09   5.6350e+09   5.6350e+09
  2.8431e+02   2.9104e+02   5.6690e+00   2.4834e-07   7.3004e-07  -3.0001e-09   5.2050e-09   1.0834e-09   1.0834e-09   1.0912e+10   1.0912e+10
  4.0059e+02   4.1005e+02   6.0118e+00   4.7632e-09   4.8209e-07  -5.2961e-09   9.3102e-09   7.8265e-10   7.8265e-10   2.0910e+10   2.0910e+10
