1.000000000000000000e+00 0.000000000000000000e+00 2.000000000000000000e+00 0.000000000000000000e+00
3.000000000000000000e+00 2.000000000000000000e+00 4.000000000000000000e+00 1.207599999999997564e-02
5.000000000000000000e+00 4.000000000000000000e+00 6.000000000000000000e+00 3.463920000000001581e-02
7.000000000000000000e+00 6.000000000000000000e+00 8.000000000000000000e+00 6.768881632653063474e-02
9.000000000000000000e+00 8.000000000000000000e+00 1.000000000000000000e+01 1.077927901234568275e-01
1.100000000000000000e+01 1.000000000000000000e+01 1.200000000000000000e+01 1.513654214876032356e-01
1.300000000000000000e+01 1.200000000000000000e+01 1.400000000000000000e+01 1.948660828402367651e-01
1.500000000000000000e+01 1.400000000000000000e+01 1.600000000000000000e+01 2.348753244444443666e-01
1.700000000000000000e+01 1.600000000000000000e+01 1.800000000000000000e+01 2.684920830449826212e-01
1.900000000000000000e+01 1.800000000000000000e+01 2.000000000000000000e+01 2.937722437673129239e-01
2.100000000000000000e+01 2.000000000000000000e+01 2.200000000000000000e+01 3.101609523809523150e-01
2.300000000000000000e+01 2.200000000000000000e+01 2.400000000000000000e+01 3.183625103969753289e-01
2.500000000000000000e+01 2.400000000000000000e+01 2.600000000000000000e+01 3.193417855999999833e-01
2.700000000000000000e+01 2.600000000000000000e+01 2.800000000000000000e+01 3.146250809327845732e-01
2.900000000000000000e+01 2.800000000000000000e+01 3.000000000000000000e+01 3.054198953626634516e-01
3.100000000000000000e+01 3.000000000000000000e+01 3.200000000000000000e+01 2.923360374609780821e-01
3.300000000000000000e+01 3.200000000000000000e+01 3.400000000000000000e+01 2.757367015610651118e-01
3.500000000000000000e+01 3.400000000000000000e+01 3.600000000000000000e+01 2.558312195918367449e-01
3.700000000000000000e+01 3.600000000000000000e+01 3.800000000000000000e+01 2.324580715850985968e-01
3.900000000000000000e+01 3.800000000000000000e+01 4.000000000000000000e+01 2.045233925049309287e-01
4.100000000000000000e+01 4.000000000000000000e+01 4.200000000000000000e+01 1.736804759071980675e-01
4.300000000000000000e+01 4.200000000000000000e+01 4.400000000000000000e+01 1.502628772309356209e-01
4.500000000000000000e+01 4.400000000000000000e+01 4.600000000000000000e+01 1.326923516049382523e-01
4.700000000000000000e+01 4.600000000000000000e+01 4.800000000000000000e+01 1.190389642372114004e-01
4.900000000000000000e+01 4.800000000000000000e+01 5.000000000000000000e+01 1.081523831736776464e-01
5.100000000000000000e+01 5.000000000000000000e+01 5.200000000000000000e+01 9.932674817377933063e-02
5.300000000000000000e+01 5.200000000000000000e+01 5.400000000000000000e+01 9.191311071555713363e-02
5.500000000000000000e+01 5.400000000000000000e+01 5.600000000000000000e+01 8.561707768595040735e-02
5.700000000000000000e+01 5.600000000000000000e+01 5.800000000000000000e+01 8.016792243767312254e-02
5.900000000000000000e+01 5.800000000000000000e+01 6.000000000000000000e+01 7.523951048549266940e-02
6.100000000000000000e+01 6.000000000000000000e+01 6.200000000000000000e+01 7.070882450954044107e-02
6.300000000000000000e+01 6.200000000000000000e+01 6.400000000000000000e+01 6.653760544217686423e-02
6.500000000000000000e+01 6.400000000000000000e+01 6.600000000000000000e+01 6.271635218934910883e-02
6.700000000000000000e+01 6.600000000000000000e+01 6.800000000000000000e+01 5.923078458453998052e-02
6.900000000000000000e+01 6.800000000000000000e+01 7.000000000000000000e+01 5.600518882587691288e-02
7.100000000000000000e+01 7.000000000000000000e+01 7.200000000000000000e+01 5.312866574092441757e-02
7.300000000000000000e+01 7.200000000000000000e+01 7.400000000000000000e+01 5.071946031150309508e-02
7.500000000000000000e+01 7.400000000000000000e+01 7.600000000000000000e+01 4.861025848888887724e-02
7.700000000000000000e+01 7.600000000000000000e+01 7.800000000000000000e+01 4.654843919716646072e-02
7.900000000000000000e+01 7.800000000000000000e+01 8.000000000000000000e+01 4.453528985739464013e-02
8.100000000000000000e+01 8.000000000000000000e+01 8.200000000000000000e+01 4.275627861606461771e-02
8.300000000000000000e+01 8.200000000000000000e+01 8.400000000000000000e+01 4.121736971984322345e-02
8.500000000000000000e+01 8.400000000000000000e+01 8.600000000000000000e+01 3.979861868512109269e-02
8.700000000000000000e+01 8.600000000000000000e+01 8.800000000000000000e+01 3.837970986920331840e-02
8.900000000000000000e+01 8.800000000000000000e+01 9.000000000000000000e+01 3.705740083322812267e-02
9.100000000000000000e+01 9.000000000000000000e+01 9.200000000000000000e+01 3.572419659461417707e-02
9.300000000000000000e+01 9.200000000000000000e+01 9.400000000000000000e+01 3.453007099086599641e-02
9.500000000000000000e+01 9.400000000000000000e+01 9.600000000000000000e+01 3.356240443213296537e-02
9.700000000000000000e+01 9.600000000000000000e+01 9.800000000000000000e+01 3.263048698055053681e-02
9.900000000000000000e+01 9.800000000000000000e+01 1.000000000000000000e+02 3.166150637690031550e-02
1.010000000000000000e+02 1.000000000000000000e+02 1.020000000000000000e+02 3.070722713459464459e-02
1.030000000000000000e+02 1.020000000000000000e+02 1.040000000000000000e+02 2.987247016683947445e-02
1.050000000000000000e+02 1.040000000000000000e+02 1.060000000000000000e+02 2.913282140589568830e-02
1.070000000000000000e+02 1.060000000000000000e+02 1.080000000000000000e+02 2.831301074329635806e-02
1.090000000000000000e+02 1.080000000000000000e+02 1.100000000000000000e+02 2.762223213534214031e-02
1.110000000000000000e+02 1.100000000000000000e+02 1.120000000000000000e+02 2.703648567486405599e-02
1.130000000000000000e+02 1.120000000000000000e+02 1.140000000000000000e+02 2.654570005482026832e-02
1.150000000000000000e+02 1.140000000000000000e+02 1.160000000000000000e+02 2.617775546313799370e-02
1.170000000000000000e+02 1.160000000000000000e+02 1.180000000000000000e+02 2.571705164730805904e-02
1.190000000000000000e+02 1.180000000000000000e+02 1.200000000000000000e+02 2.513519101758350180e-02
